disease_2,disease_name,category,count,co_occurrence,odds_ratio,p_value,95_ci_lower,95_ci_upper
402.90 ,Unspecified hypertensive heart...,Diseases of the circulatory system,2435,750,106.49,< 0.0001,97.21,116.38
585 ,Chronic renal failure,Diseases of the genitourinary...,2938,403,36.31,< 0.0001,32.52,40.44
414.9 ,"Chronic ischemic heart disease,...",Diseases of the circulatory system,5726,443,19.22,< 0.0001,17.36,21.22
582.9 ,Chronic glomerulonephritis with...,Diseases of the genitourinary...,5766,378,15.95,9.30827e-295,14.3,17.75
581.9 ,Nephrotic syndrome with unspecified...,Diseases of the genitourinary...,2434,149,14.42,2.3997e-112,12.12,17.06
710.0 ,Systemic lupus erythematosus,Diseases of the musculoskeletal...,7171,405,13.64,9.43216e-291,12.28,15.13
250.00 ,Diabetes mellitus without mention...,"Endocrine, nutritional and metabolic...",15584,825,13.41,< 0.0001,12.45,14.45
250.0 ,Diabetes Mellitus w/m of complication,"Endocrine, nutritional and metabolic...",4286,229,12.6,3.80747e-159,10.96,14.42
250.90 ,"Diabetes with unspecified complication,...","Endocrine, nutritional and metabolic...",3500,184,12.32,7.36571e-127,10.55,14.32
272.2 ,Mixed hyperlipidemia,"Endocrine, nutritional and metabolic...",7612,390,12.28,2.62067e-264,11.04,13.64
583.9 ,"Nephritis and nephropathy, not...",Diseases of the genitourinary...,4522,218,11.29,2.07756e-142,9.79,12.96
427.89 ,Other specified cardiac dysrhythmias,Diseases of the circulatory system,3617,172,11.07,1.18671e-111,9.43,12.92
272.4 ,Other and unspecified hyperlipidemia,"Endocrine, nutritional and metabolic...",15349,679,10.89,< 0.0001,10.03,11.8
791.0 ,Proteinuria,"Comorbidities, signs, and ill-defined...",4306,187,10.08,1.84115e-114,8.65,11.69
272.0 ,Pure hypercholesterolemia,"Endocrine, nutritional and metabolic...",3331,139,9.62,3.134128e-83,8.04,11.42
278.0 ,Obesity,"Endocrine, nutritional and metabolic...",11523,461,9.55,7.21295e-267,8.66,10.5
274.9 ,"Gout, unspecified","Endocrine, nutritional and metabolic...",8928,360,9.51,3.39393e-209,8.52,10.6
413.9 ,Other and unspecified angina pectoris,Diseases of the circulatory system,4225,167,9.11,3.999996e-96,7.75,10.66
274.0 ,"Gouty arthropathy, unspecified","Endocrine, nutritional and metabolic...",7140,272,8.87,5.78673e-152,7.82,10.04
710.9 ,Unspecified diffuse connective...,Diseases of the musculoskeletal...,2516,85,7.67,1.644994e-44,6.1,9.54
250 ,Diabetes mellitus,"Endocrine, nutritional and metabolic...",4477,150,7.66,7.645386e-77,6.46,9.03
427.9 ,"Cardiac dysrhythmia, unspecified",Diseases of the circulatory system,21946,685,7.56,< 0.0001,6.97,8.18
571.8 ,Other chronic nonalcoholic liver...,Diseases of the digestive system,2966,93,7.11,6.758818e-46,5.71,8.75
785.0 ,"Tachycardia, unspecified","Comorbidities, signs, and ill-defined...",2426,75,6.99,6.211759e-37,5.47,8.81
790.6 ,Other abnormal blood chemistry,"Comorbidities, signs, and ill-defined...",2242,65,6.54,1.161401e-30,5.02,8.38
588.9 ,Unspecified disorder resulting...,Diseases of the genitourinary...,2368,68,6.47,9.310482e-32,5.01,8.25
429.9 ,"Heart disease, unspecified",Diseases of the circulatory system,4856,132,6.16,2.034693e-57,5.13,7.33
782.3 ,Edema,"Comorbidities, signs, and ill-defined...",13822,366,6.15,8.70024e-154,5.51,6.84
272 ,Disorders of lipoid metabolism,"Endocrine, nutritional and metabolic...",2354,64,6.12,1.090138e-28,4.69,7.85
437.9 ,Unspecified cerebrovascular disease,Diseases of the circulatory system,1995,53,5.97,1.368082e-23,4.45,7.84
300.01 ,Panic disorder without agoraphobia,Mental disorders,2820,72,5.74,2.066864e-30,4.47,7.26
496 ,"Chronic airway obstruction, not...",Diseases of the respiratory system,3636,89,5.51,7.660817e-36,4.4,6.8
427.0 ,Paroxysmal supraventricular tachycardia,Diseases of the circulatory system,2870,69,5.39,1.028179e-27,4.18,6.86
345.9 ,"Epilepsy, unspecified",Diseases of the nervous system,1919,45,5.24,3.057431e-18,3.81,7.05
785.1 ,Palpitations,"Comorbidities, signs, and ill-defined...",28149,620,5.22,1.07785e-220,4.8,5.67
733.00 ,"Osteoporosis, unspecified",Diseases of the musculoskeletal...,2724,63,5.18,1.413669e-24,3.97,6.66
306.1 ,Respiratory malfunction arising...,Mental disorders,2172,48,4.94,2.428353e-18,3.63,6.58
244.9 ,Unspecified acquired hypothyroidism,"Endocrine, nutritional and metabolic...",7349,154,4.72,2.126248e-52,3.99,5.55
038.9 ,Unspecified septicemia,Infectious and parasitic diseases,3501,73,4.66,1.4528e-25,3.64,5.89
424.0 ,Mitral valve disorders,Diseases of the circulatory system,22432,427,4.4,1.17776e-129,3.98,4.85
583 ,"Nephritis and nephropathy, not...",Diseases of the genitourinary...,1930,38,4.38,0.0000000000002482382,3.09,6.04
345.90 ,"Epilepsy, unspecified, without...",Diseases of the nervous system,4068,79,4.34,1.310686e-25,3.42,5.43
443.9 ,"Peripheral vascular disease, unspecified",Diseases of the circulatory system,2110,41,4.33,0.00000000000004471506,3.09,5.89
307.40 ,"Nonorganic sleep disorder, unspecified",Mental disorders,3346,65,4.33,2.279493e-21,3.33,5.55
786.00 ,"Respiratory abnormality, unspecified","Comorbidities, signs, and ill-defined...",3555,68,4.27,6.343797e-22,3.3,5.43
242.9 ,Thyrotoxicosis w/m of goiter or...,"Endocrine, nutritional and metabolic...",11130,210,4.27,1.955116e-63,3.7,4.9
346.0 ,Classical migraine,Diseases of the nervous system,2909,55,4.21,7.901768e-18,3.16,5.5
242.90 ,Thyrotoxicosis without mention...,"Endocrine, nutritional and metabolic...",24474,443,4.18,4.6113e-127,3.79,4.61
246.9 ,Unspecified disorder of thyroid,"Endocrine, nutritional and metabolic...",19195,348,4.15,6.32813e-100,3.71,4.63
253.9 ,Unspecified disorder of the pituitary...,"Endocrine, nutritional and metabolic...",1943,36,4.12,0.000000000005672048,2.87,5.73
300.00 ,"Anxiety state, unspecified",Mental disorders,53554,911,4.11,5.06732e-247,3.83,4.41
298.9 ,Unspecified psychosis,Mental disorders,2780,51,4.08,3.903008e-16,3.03,5.39
627.2 ,Symptomatic menopausal or female...,Diseases of the genitourinary...,3930,70,3.97,7.371912e-21,3.08,5.03
300.9 ,Unspecified nonpsychotic mental...,Mental disorders,30740,523,3.95,1.37571e-139,3.61,4.32
296.90 ,Unspecified episodic mood disorder,Mental disorders,2773,49,3.93,0.000000000000005875524,2.9,5.21
780.3 ,Convulsions,"Comorbidities, signs, and ill-defined...",2723,47,3.84,0.00000000000004742431,2.81,5.12
242.0 ,Toxic diffuse goiter,"Endocrine, nutritional and metabolic...",3244,56,3.84,1.945817e-16,2.89,5
386.00 ,"Minihre's disease, unspecified",Diseases of the nervous system,11168,190,3.83,4.89712e-51,3.29,4.43
786.09 ,Other respiratory abnormalities,"Comorbidities, signs, and ill-defined...",9923,169,3.83,1.300593e-45,3.26,4.46
780.52 ,"Insomnia, unspecified","Comorbidities, signs, and ill-defined...",50709,810,3.81,5.94405e-202,3.54,4.1
296.30 ,"Major depressive affective disorder,...",Mental disorders,2802,48,3.81,0.00000000000003379261,2.8,5.07
427 ,Cardiac dysrhythmias,Diseases of the circulatory system,4899,83,3.78,4.488176e-23,3,4.7
591 ,Hydronephrosis,Diseases of the genitourinary...,3989,67,3.74,9.393871e-19,2.89,4.76
386.10 ,"Peripheral vertigo, unspecified",Diseases of the nervous system,8287,137,3.7,5.93461e-36,3.1,4.39
346.9 ,"Migraine, unspecified",Diseases of the nervous system,25782,415,3.69,4.20209e-103,3.34,4.08
577.0 ,Acute pancreatitis,Diseases of the digestive system,2351,39,3.68,0.00000000002005562,2.61,5.05
354.0 ,Carpal tunnel syndrome,Diseases of the nervous system,7599,125,3.68,9.625577e-33,3.05,4.4
311 ,"Depressive disorder, not elsewhere...",Mental disorders,6319,104,3.67,1.568438e-27,2.99,4.46
573.8 ,Other specified disorders of liver,Diseases of the digestive system,2119,35,3.66,0.0000000002313674,2.54,5.12
300.09 ,Other anxiety states,Mental disorders,5735,94,3.65,6.452342e-25,2.94,4.49
729.0 ,"Rheumatism, unspecified and fibrositis",Diseases of the musculoskeletal...,4979,80,3.58,6.079519e-21,2.83,4.46
590.80 ,"Pyelonephritis, unspecified",Diseases of the genitourinary...,4211,67,3.54,1.350923e-17,2.73,4.51
386.12 ,Vestibular neuronitis,Diseases of the nervous system,5950,94,3.52,8.045069e-24,2.84,4.32
316 ,Psychic factors associated with...,Mental disorders,2086,33,3.51,0.0000000021093435,2.4,4.94
592.1 ,Calculus of ureter,Diseases of the genitourinary...,7790,122,3.5,4.231265e-30,2.9,4.19
716.90 ,"Arthropathy, unspecified, site...",Diseases of the musculoskeletal...,17065,264,3.5,1.882933e-62,3.08,3.96
307.81 ,Tension headache,Mental disorders,28448,433,3.49,5.95693e-100,3.16,3.85
780.50 ,"Sleep disturbance, unspecified","Comorbidities, signs, and ill-defined...",16071,248,3.48,1.547124e-58,3.05,3.96
300.89 ,Other somatoform disorders,Mental disorders,2740,43,3.48,0.00000000001122917,2.51,4.7
386.2 ,Vertigo of central origin,Diseases of the nervous system,4720,73,3.44,2.235879e-18,2.69,4.34
386.9 ,Unspecified vertiginous syndromes...,Diseases of the nervous system,14389,219,3.43,6.829168e-51,2.98,3.92
780.5 ,Sleep disturbance,"Comorbidities, signs, and ill-defined...",15167,231,3.43,1.161091e-53,2.99,3.92
786.01 ,Hyperventilation,"Comorbidities, signs, and ill-defined...",7809,120,3.43,6.364341e-29,2.84,4.11
386.0 ,Meniere's disease,Diseases of the nervous system,2213,34,3.4,0.0000000025042195,2.35,4.77
719.47 ,"Pain in joint, ankle and foot",Diseases of the musculoskeletal...,2681,41,3.39,0.00000000007136665,2.42,4.61
300.02 ,Generalized anxiety disorder,Mental disorders,8501,129,3.39,1.809959e-30,2.82,4.04
306.9 ,Unspecified psychophysiological...,Mental disorders,13855,208,3.37,1.609112e-47,2.92,3.88
714.0 ,Rheumatoid arthritis,Diseases of the musculoskeletal...,8083,122,3.37,1.063491e-28,2.79,4.03
656.5 ,Poor fetal growth affecting management...,"Complications of pregnancy, childbirth,...",2781,42,3.35,0.00000000006162796,2.4,4.54
346.1 ,Common migraine,Diseases of the nervous system,5586,84,3.34,3.605933e-20,2.66,4.15
786.51 ,Precordial pain,"Comorbidities, signs, and ill-defined...",4472,67,3.33,2.439854e-16,2.57,4.24
353.4 ,"Lumbosacral root lesions, not...",Diseases of the nervous system,2271,34,3.31,0.0000000047075971,2.29,4.65
295 ,Schizophrenic disorders,Mental disorders,2894,43,3.29,0.00000000006067913,2.38,4.45
786.50 ,"Chest pain, unspecified","Comorbidities, signs, and ill-defined...",41375,584,3.28,1.03905e-121,3,3.57
300.0 ,Anxiety states,Mental disorders,23444,338,3.28,2.157553e-72,2.93,3.66
781.9 ,Other symptoms involving nervous...,"Comorbidities, signs, and ill-defined...",3603,53,3.26,0.0000000000005834563,2.44,4.28
784 ,Symptoms involving head and neck,"Comorbidities, signs, and ill-defined...",3479,51,3.25,0.000000000001775056,2.41,4.29
242.00 ,Toxic diffuse goiter without mention...,"Endocrine, nutritional and metabolic...",10765,156,3.24,2.557978e-34,2.74,3.8
786.0 ,Dyspnea and respiratory abnormalities,"Comorbidities, signs, and ill-defined...",4852,70,3.2,3.428853e-16,2.49,4.06
346 ,Migraine,Diseases of the nervous system,5875,84,3.18,7.054233e-19,2.53,3.94
780.59 ,Other sleep disturbances,"Comorbidities, signs, and ill-defined...",3716,53,3.16,0.000000000001834928,2.36,4.15
719.49 ,"Pain in joint, multiple sites",Diseases of the musculoskeletal...,4574,65,3.15,0.000000000000007469935,2.43,4.03
719.40 ,"Pain in joint, site unspecified",Diseases of the musculoskeletal...,20780,289,3.14,7.132513e-59,2.78,3.54
296 ,Disorganized type,Mental disorders,3606,51,3.13,0.00000000000636627,2.33,4.13
571.5 ,Cirrhosis of liver without mention...,Diseases of the digestive system,2049,29,3.13,0.00000019226102,2.09,4.51
349.9 ,Unspecified disorders of nervous...,Diseases of the nervous system,9270,130,3.13,1.409956e-27,2.61,3.72
715.90 ,"Osteoarthrosis, unspecified whether...",Diseases of the musculoskeletal...,14385,200,3.12,4.273492e-41,2.69,3.59
788.3 ,Incontinence of urine,"Comorbidities, signs, and ill-defined...",3558,50,3.11,0.00000000001267854,2.3,4.12
710.2 ,Sicca syndrome,Diseases of the musculoskeletal...,5007,70,3.1,0.0000000000000015741,2.41,3.93
295.90 ,"Unspecified schizophrenia, unspecified",Mental disorders,2579,36,3.09,0.0000000099729239,2.16,4.29
356.9 ,Unspecified hereditary and idiopathic...,Diseases of the nervous system,4011,56,3.09,0.000000000001015006,2.33,4.03
493.91 ,"Asthma, unspecified type, with...",Diseases of the respiratory system,3665,51,3.08,0.00000000001127182,2.29,4.06
240.0 ,"Goiter, specified as simple","Endocrine, nutritional and metabolic...",4862,67,3.06,0.0000000000000120557,2.36,3.89
307.42 ,Persistent disorder of initiating...,Mental disorders,4787,66,3.06,0.00000000000001844799,2.36,3.9
716.98 ,"Arthropathy, unspecified, other...",Diseases of the musculoskeletal...,1949,27,3.06,0.0000007421739,2.01,4.47
719.44 ,"Pain in joint, hand",Diseases of the musculoskeletal...,2100,29,3.05,0.00000031550235,2.04,4.4
386.11 ,Benign paroxysmal positional vertigo,Diseases of the nervous system,4526,62,3.04,0.0000000000001459492,2.32,3.9
592.0 ,Calculus of kidney,Diseases of the genitourinary...,12056,163,3.02,2.029404e-32,2.57,3.53
786.3 ,Hemoptysis,"Comorbidities, signs, and ill-defined...",3976,54,3.01,0.000000000007030653,2.25,3.94
351.0 ,Bell's palsy,Diseases of the nervous system,3248,44,3,0.00000000061899,2.17,4.04
648.03 ,"Diabetes mellitus of mother, complicating...","Complications of pregnancy, childbirth,...",2456,33,2.97,0.000000094593849,2.04,4.18
719.41 ,"Pain in joint, shoulder region",Diseases of the musculoskeletal...,4022,54,2.97,0.00000000001070845,2.23,3.89
300.4 ,Dysthymic disorder,Mental disorders,30179,392,2.96,9.005733e-72,2.66,3.27
307.41 ,Transient disorder of initiating...,Mental disorders,3085,41,2.94,0.0000000039361364,2.1,4
296.20 ,"Major depressive affective disorder,...",Mental disorders,4308,57,2.93,0.000000000005139783,2.21,3.81
259.9 ,Unspecified endocrine disorder,"Endocrine, nutritional and metabolic...",9813,127,2.88,5.380936e-24,2.4,3.44
386.19 ,Other peripheral vertigo,Diseases of the nervous system,2767,36,2.87,0.000000055869435,2.01,3.99
493.90 ,"Asthma, unspecified type, unspecified",Diseases of the respiratory system,36997,464,2.87,2.64103e-80,2.6,3.15
365.9 ,Unspecified glaucoma,Diseases of the nervous system,3388,44,2.87,0.0000000021597181,2.08,3.87
573.3 ,"Hepatitis, unspecified",Diseases of the digestive system,14702,188,2.86,3.906347e-34,2.46,3.31
784.0 ,Headache,"Comorbidities, signs, and ill-defined...",295966,2943,2.85,< 0.0001,2.73,2.99
592.9 ,"Urinary calculus, unspecified",Diseases of the genitourinary...,14275,182,2.85,6.134546e-33,2.44,3.3
656.33 ,"Fetal distress, affecting management...","Complications of pregnancy, childbirth,...",3811,49,2.84,0.0000000003836227,2.1,3.77
621.3 ,Endometrial cystic hyperplasia,Diseases of the genitourinary...,5548,71,2.83,0.0000000000000678497,2.21,3.59
491.8 ,Other chronic bronchitis,Diseases of the respiratory system,2808,36,2.83,0.000000079498188,1.98,3.93
794.8 ,Nonspecific abnormal results of...,"Comorbidities, signs, and ill-defined...",7299,93,2.83,1.378078e-17,2.28,3.47
280.9 ,"Iron deficiency anemia, unspecified",Diseases of the blood and blood-forming...,18365,231,2.82,1.520526e-40,2.46,3.22
571 ,Chronic liver disease and cirrhosis,Diseases of the digestive system,3916,50,2.82,0.0000000003225263,2.09,3.73
780.4 ,Dizziness and giddiness,"Comorbidities, signs, and ill-defined...",193042,2063,2.81,1.58353e-295,2.67,2.95
783.2 ,Abnormal loss of weight,"Comorbidities, signs, and ill-defined...",3384,43,2.81,0.0000000060639453,2.03,3.79
306.8 ,Other specified psychophysiological...,Mental disorders,4333,55,2.81,0.00000000005430902,2.11,3.67
307.4 ,Specific disorders of sleep of...,Mental disorders,2362,30,2.8,0.0000010927187,1.89,4.02
491.0 ,Simple chronic bronchitis,Diseases of the respiratory system,5882,74,2.79,0.000000000000046864,2.18,3.51
977.9 ,Poisoning by unspecified drug...,Injury and poisoning,5649,71,2.78,0.0000000000001568288,2.17,3.52
723.1 ,Cervicalgia,Diseases of the musculoskeletal...,16569,206,2.78,1.252312e-35,2.41,3.2
574.20 ,Calculus of gallbladder without...,Diseases of the digestive system,6709,84,2.78,0.000000000000001263565,2.21,3.45
719.48 ,"Pain in joint, other specified...",Diseases of the musculoskeletal...,1999,25,2.76,0.0000105417,1.78,4.09
256.4 ,Polycystic ovaries,"Endocrine, nutritional and metabolic...",24490,300,2.76,4.401095e-50,2.45,3.1
571.40 ,"Chronic hepatitis, unspecified",Diseases of the digestive system,65432,771,2.76,5.08269e-121,2.56,2.97
362.10 ,"Background retinopathy, unspecified",Diseases of the nervous system,2402,30,2.76,0.0000015236771,1.85,3.95
622.8 ,Other specified noninflammatory...,Diseases of the genitourinary...,3215,40,2.75,0.000000034737245,1.96,3.75
308.0 ,Predominant disturbance of emotions,Mental disorders,2581,32,2.74,0.00000081529021,1.87,3.88
727.03 ,Trigger finger (acquired),Diseases of the musculoskeletal...,2590,32,2.73,0.00000087679263,1.86,3.86
729.2 ,"Neuralgia, neuritis, and radiculitis,...",Diseases of the musculoskeletal...,33305,400,2.73,2.483766e-64,2.46,3.02
780.2 ,Syncope and collapse,"Comorbidities, signs, and ill-defined...",11843,145,2.73,6.666172e-25,2.29,3.22
276.9 ,Electrolyte and fluid disorders...,"Endocrine, nutritional and metabolic...",3232,40,2.73,0.000000039850599,1.95,3.73
279.4 ,Autoimmune disease not elsewhere...,"Endocrine, nutritional and metabolic...",2264,28,2.73,0.0000039850627,1.81,3.96
386 ,Vertiginous syndromes and other...,Diseases of the nervous system,7300,89,2.7,8.493024e-16,2.16,3.33
253.8 ,Other disorders of the pituitary...,"Endocrine, nutritional and metabolic...",3113,38,2.7,0.00000011990231,1.9,3.71
724 ,Other and unspecified disorders...,Diseases of the musculoskeletal...,2785,34,2.69,0.00000053207516,1.86,3.78
571.9 ,Unspecified chronic liver disease...,Diseases of the digestive system,9592,116,2.69,7.641275e-20,2.21,3.23
447.6 ,"Arteritis, unspecified",Diseases of the circulatory system,3292,40,2.68,0.000000064135108,1.91,3.66
300 ,Neurotic disorders,Mental disorders,16845,201,2.67,1.667871e-32,2.31,3.07
786.9 ,Other symptoms involving respiratory...,"Comorbidities, signs, and ill-defined...",2909,35,2.66,0.00000050861227,1.84,3.7
715.16 ,"Osteoarthrosis, localized, primary,...",Diseases of the musculoskeletal...,2163,26,2.65,0.0000139399,1.73,3.9
788.0 ,Renal colic,"Comorbidities, signs, and ill-defined...",6034,72,2.64,0.000000000001172234,2.06,3.33
281.9 ,Unspecified deficiency anemia,Diseases of the blood and blood-forming...,4681,56,2.64,0.0000000003111856,1.99,3.44
721.0 ,Cervical spondylosis without myelopathy,Diseases of the musculoskeletal...,7849,93,2.63,0.000000000000001261637,2.11,3.23
483 ,Pneumonia due to other specified...,Diseases of the respiratory system,2010,24,2.63,0.0000323018,1.68,3.93
646.91 ,"Unspecified complication of pregnancy,...","Complications of pregnancy, childbirth,...",3026,36,2.63,0.00000045788467,1.83,3.65
285 ,Other and unspecified anemias,Diseases of the blood and blood-forming...,2515,30,2.63,0.0000037286739,1.77,3.77
715.00 ,"Osteoarthrosis, generalized, site...",Diseases of the musculoskeletal...,2437,29,2.62,0.0000055937956,1.75,3.78
386.1 ,Other and unspecified peripheral...,Diseases of the nervous system,5412,64,2.61,0.0000000000444975,2.01,3.35
493.00 ,"Extrinsic asthma, unspecified",Diseases of the respiratory system,4744,56,2.61,0.0000000004994319,1.97,3.4
625.6 ,"Stress incontinence, female",Diseases of the genitourinary...,2544,30,2.6,0.0000046445649,1.75,3.72
724.4 ,Thoracic or lumbosacral neuritis...,Diseases of the musculoskeletal...,3579,42,2.59,0.000000077743367,1.86,3.51
716.9 ,"Arthropathy, unspecified",Diseases of the musculoskeletal...,9782,114,2.59,3.544356e-18,2.13,3.12
532.70 ,Chronic duodenal ulcer without...,Diseases of the digestive system,7655,89,2.58,0.00000000000001267918,2.06,3.18
349.89 ,Other specified disorders of nervous...,Diseases of the nervous system,2054,24,2.58,0.0000450739,1.65,3.85
590.10 ,Acute pyelonephritis without lesion...,Diseases of the genitourinary...,14855,171,2.57,3.703181e-26,2.19,2.99
715 ,Osteoarthrosis and allied disorders,Diseases of the musculoskeletal...,5675,66,2.57,0.00000000003314135,1.98,3.28
485 ,"Bronchopneumonia, organism unspecified",Diseases of the respiratory system,9712,112,2.56,1.091005e-17,2.1,3.09
240 ,Simple and unspecified goiter,"Endocrine, nutritional and metabolic...",2157,25,2.55,0.0000360867,1.65,3.78
277.9 ,Unspecified disorder of metabolism,"Endocrine, nutritional and metabolic...",2432,28,2.54,0.0000144263,1.68,3.68
493 ,Asthma,Diseases of the respiratory system,8748,100,2.53,9.834899e-16,2.06,3.09
786.59 ,Other chest pain,"Comorbidities, signs, and ill-defined...",11585,132,2.53,4.156916e-20,2.11,3.01
296.3 ,"Major depressive disorder, recurrent...",Mental disorders,2614,30,2.53,0.0000077674578,1.7,3.62
491.9 ,Unspecified chronic bronchitis,Diseases of the respiratory system,22636,254,2.51,2.384704e-36,2.21,2.85
590.9 ,"Infection of kidney, unspecified",Diseases of the genitourinary...,5604,63,2.48,0.0000000004685384,1.9,3.19
362.9 ,Unspecified retinal disorder,Diseases of the nervous system,2756,31,2.48,0.0000113645,1.68,3.53
786.5 ,Chest pain,"Comorbidities, signs, and ill-defined...",22685,250,2.47,9.58161e-35,2.17,2.8
280.0 ,Iron deficiency anemia secondary...,Diseases of the blood and blood-forming...,6075,68,2.47,0.0000000000932269,1.92,3.14
285.9 ,"Anemia, unspecified",Diseases of the blood and blood-forming...,49139,531,2.47,2.457161e-70,2.26,2.7
682.7 ,"Cellulitis and abscess of foot,...",Diseases of the skin and subcutaneous...,2680,30,2.47,0.0000168913,1.66,3.53
349 ,Other and unspecified disorders...,Diseases of the nervous system,2229,25,2.47,0.000096326,1.59,3.66
648.0 ,Diabetes mellitus in the mother...,"Complications of pregnancy, childbirth,...",7920,88,2.46,0.0000000000003033161,1.97,3.04
881.02 ,"Open wound of wrist, without mention...",Injury and poisoning,4065,45,2.44,0.00000014699872,1.78,3.28
655.93 ,"Unspecified suspected fetal abnormality,...","Complications of pregnancy, childbirth,...",2534,28,2.43,0.0000383243,1.61,3.53
573.9 ,Unspecified disorder of liver,Diseases of the digestive system,6912,76,2.43,0.00000000001357276,1.91,3.05
995.2 ,Unspecified adverse effect od...,Injury and poisoning,3099,34,2.42,0.0000058568133,1.67,3.39
786.1 ,Stridor,"Comorbidities, signs, and ill-defined...",2289,25,2.41,0.0001181993,1.55,3.56
599.9 ,Unspecified disorder of urethra...,Diseases of the genitourinary...,6592,72,2.41,0.00000000009288128,1.88,3.05
490 ,"Bronchitis, not specified as acute...",Diseases of the respiratory system,43827,462,2.4,3.039256e-58,2.18,2.63
493.9 ,"Asthma, unspecified",Diseases of the respiratory system,9310,101,2.4,0.00000000000001831926,1.95,2.93
530.9 ,Unspecified disorder of esophagus,Diseases of the digestive system,3402,37,2.4,0.0000026716189,1.68,3.31
537.9 ,Unspecified disorder of stomach...,Diseases of the digestive system,4049,44,2.4,0.00000047520817,1.74,3.23
592 ,Calculus of kidney and ureter,Diseases of the genitourinary...,3213,35,2.4,0.0000048325226,1.67,3.35
724.9 ,Other unspecified back disorders,Diseases of the musculoskeletal...,8826,95,2.38,0.00000000000016356,1.92,2.92
486 ,"Pneumonia, organism unspecified",Diseases of the respiratory system,22399,238,2.38,6.48964e-31,2.08,2.7
783.0 ,Anorexia,"Comorbidities, signs, and ill-defined...",2140,23,2.37,0.0002661191,1.5,3.56
530.8 ,Other specified disorders of esophagus,Diseases of the digestive system,2048,22,2.36,0.0003713814,1.48,3.59
245.2 ,Chronic lymphocytic thyroiditis,"Endocrine, nutritional and metabolic...",3460,37,2.36,0.000005773353,1.66,3.26
070.51 ,Acute hepatitis C without mention...,Infectious and parasitic diseases,3280,35,2.35,0.0000071372023,1.63,3.28
720.1 ,Spinal enthesopathy,Diseases of the musculoskeletal...,1890,20,2.33,0.0008063861,1.42,3.61
382.0 ,Acute suppurative otitis media,Diseases of the nervous system,2754,29,2.32,0.0000531737,1.55,3.34
727.06 ,Tenosynovitis of foot and ankle,Diseases of the musculoskeletal...,2561,27,2.32,0.0000948144,1.53,3.39
669.91 ,Unspecified complication of labor...,"Complications of pregnancy, childbirth,...",3513,37,2.32,0.0000067801096,1.63,3.21
873.42 ,"Open wound of forehead, without...",Injury and poisoning,1988,21,2.32,0.0005927721,1.44,3.57
719.45 ,"Pain in joint, pelvic region and...",Diseases of the musculoskeletal...,1902,20,2.31,0.0008476629,1.41,3.59
721.3 ,Lumbosacral spondylosis without...,Diseases of the musculoskeletal...,15128,157,2.31,6.283938e-20,1.95,2.7
241.1 ,Nontoxic multinodular goiter,"Endocrine, nutritional and metabolic...",2664,28,2.31,0.0000735098,1.53,3.36
532.30 ,Acute duodenal ulcer without mention...,Diseases of the digestive system,2287,24,2.31,0.0002488313,1.48,3.45
246 ,Other disorders of thyroid,"Endocrine, nutritional and metabolic...",4775,50,2.31,0.00000023254866,1.71,3.05
724.3 ,Sciatica,Diseases of the musculoskeletal...,27625,284,2.3,3.232778e-34,2.04,2.6
389.10 ,"Sensorineural hearing loss, unspecified",Diseases of the nervous system,2408,25,2.29,0.0002105183,1.47,3.38
523.0 ,Acute gingivitis,Diseases of the digestive system,5679,59,2.29,0.000000018332124,1.74,2.96
531.90 ,"Gastric ulcer, unspecified as...",Diseases of the digestive system,15515,160,2.29,5.726668e-20,1.95,2.68
682 ,Other cellulitis and abscess,Diseases of the skin and subcutaneous...,5783,60,2.29,0.000000014359977,1.74,2.95
729.1 ,"Myalgia and myositis, unspecified",Diseases of the musculoskeletal...,115933,1113,2.28,6.38791e-118,2.14,2.43
695.89 ,Other specified erythematous conditions,Diseases of the skin and subcutaneous...,3108,32,2.27,0.0000420225,1.55,3.21
656.53 ,"Poor fetal growth, affecting management...","Complications of pregnancy, childbirth,...",7617,78,2.26,0.0000000002260042,1.78,2.83
374.05 ,Trichiasis of eyelid without entropion,Diseases of the nervous system,12036,122,2.25,0.000000000000005844196,1.86,2.69
533.90 ,"Peptic ulcer of unspecified site,...",Diseases of the digestive system,76708,746,2.25,1.067374e-79,2.08,2.43
825.25 ,Closed fracture of metatarsal...,Injury and poisoning,2249,23,2.25,0.0004521345,1.42,3.39
570 ,Acute and subacute necrosis of...,Diseases of the digestive system,2149,22,2.25,0.0005960657,1.41,3.42
571.49 ,Other chronic hepatitis,Diseases of the digestive system,7165,73,2.25,0.0000000011151263,1.76,2.84
724.5 ,"Backache, unspecified",Diseases of the musculoskeletal...,87984,846,2.24,1.656691e-88,2.08,2.41
296.2 ,"Major depressive disorder, single...",Mental disorders,4239,43,2.23,0.000003114305,1.61,3.02
353.9 ,Unspecified nerve root and plexus...,Diseases of the nervous system,2071,21,2.23,0.0008805215,1.38,3.42
253.1 ,Other and unspecified anterior...,"Endocrine, nutritional and metabolic...",11786,117,2.2,0.00000000000005614145,1.81,2.64
535.40 ,"Other specified gastritis, without...",Diseases of the digestive system,31323,306,2.19,4.682233e-33,1.95,2.46
681.00 ,"Cellulitis and abscess of finger,...",Diseases of the skin and subcutaneous...,2011,20,2.19,0.0014231596,1.33,3.39
682.6 ,"Cellulitis and abscess of leg,...",Diseases of the skin and subcutaneous...,5235,52,2.19,0.00000051805441,1.63,2.88
722.93 ,"Other and unspecified disc disorder,...",Diseases of the musculoskeletal...,5270,52,2.17,0.00000059574828,1.62,2.86
482.9 ,"Bacterial pneumonia, unspecified",Diseases of the respiratory system,4356,43,2.17,0.0000050606623,1.57,2.94
780.7 ,Malaise and fatigue,"Comorbidities, signs, and ill-defined...",50560,484,2.17,2.092897e-49,1.98,2.38
240.9 ,"Goiter, unspecified","Endocrine, nutritional and metabolic...",21677,211,2.17,5.292771e-23,1.88,2.49
842.01 ,Sprain of carpal (joint) of wrist,Injury and poisoning,2128,21,2.17,0.001739519,1.34,3.33
923.10 ,Contusion of forearm,Injury and poisoning,3063,30,2.16,0.0001434838,1.45,3.09
719.46 ,"Pain in joint, lower leg",Diseases of the musculoskeletal...,5014,49,2.15,0.0000016210482,1.59,2.85
726 ,Peripheral enthesopathies and...,Diseases of the musculoskeletal...,2868,28,2.15,0.0002538018,1.42,3.11
531 ,Gastric ulcer,Diseases of the digestive system,5423,53,2.15,0.00000082177083,1.61,2.82
533.50 ,Chronic or unspecified peptic...,Diseases of the digestive system,2041,20,2.15,0.0024580392,1.31,3.34
719.4 ,Pain in joint,Diseases of the musculoskeletal...,7171,70,2.15,0.000000011588735,1.68,2.73
110.3 ,Dermatophytosis of groin and perianal...,Infectious and parasitic diseases,8249,80,2.14,0.0000000013809499,1.69,2.67
658.03 ,"Oligohydramnios, antepartum condition...","Complications of pregnancy, childbirth,...",3490,34,2.14,0.000070748,1.48,3
721.1 ,Cervical spondylosis with myelopathy,Diseases of the musculoskeletal...,2685,26,2.13,0.0004764858,1.39,3.13
487.0 ,Influenza with pneumonia,Diseases of the respiratory system,7041,68,2.13,0.00000002634715,1.65,2.71
491 ,Chronic bronchitis,Diseases of the respiratory system,5791,56,2.13,0.00000042881638,1.61,2.77
726.8 ,Other peripheral enthesopathies,Diseases of the musculoskeletal...,2279,22,2.12,0.0014742053,1.33,3.22
388.70 ,"Otalgia, unspecified",Diseases of the nervous system,3528,34,2.12,0.0000808833,1.47,2.97
782.2 ,"Localized superficial swelling,...","Comorbidities, signs, and ill-defined...",2175,21,2.12,0.0019651691,1.31,3.26
256.3 ,Other ovarian failure,"Endocrine, nutritional and metabolic...",2903,28,2.12,0.0004426382,1.41,3.08
656.3 ,Fetal distress affecting management...,"Complications of pregnancy, childbirth,...",3860,37,2.11,0.0000592616,1.48,2.92
656.4 ,"Intrauterine death, affecting...","Complications of pregnancy, childbirth,...",1976,19,2.11,0.003645631,1.27,3.31
003.0 ,Salmonella gastroenteritis,Infectious and parasitic diseases,3465,33,2.1,0.0001231372,1.44,2.95
724.2 ,Lumbago,Diseases of the musculoskeletal...,136079,1200,2.1,9.30986e-104,1.97,2.23
531.9 ,"Gastric ulcer, unspecified as...",Diseases of the digestive system,2406,23,2.1,0.0012127946,1.33,3.16
532.90 ,"Duodenal ulcer, unspecified as...",Diseases of the digestive system,11470,109,2.1,0.000000000005410401,1.72,2.54
578.9 ,Hemorrhage of gastrointestinal...,Diseases of the digestive system,8391,80,2.1,0.0000000030869404,1.66,2.62
381.4 ,"Nonsuppurative otitis media, not...",Diseases of the nervous system,4220,40,2.09,0.0000290963,1.49,2.85
133.0 ,Scabies,Infectious and parasitic diseases,9099,86,2.09,0.0000000011854217,1.67,2.58
848 ,Other and ill-defined sprains...,Injury and poisoning,1894,18,2.09,0.0052002801,1.23,3.31
715.36 ,"Osteoarthrosis, localized, not...",Diseases of the musculoskeletal...,4751,45,2.09,0.0000116718,1.52,2.8
219.9 ,"Benign neoplasm of uterus, part...",Neoplasms,9109,86,2.08,0.0000000012291345,1.66,2.58
656.50 ,"Poor fetal growth, affecting management...","Complications of pregnancy, childbirth,...",2428,23,2.08,0.0013218636,1.32,3.13
491.1 ,Mucopurulent chronic bronchitis,Diseases of the respiratory system,3293,31,2.07,0.0002387797,1.4,2.95
726.32 ,Lateral epicondylitis,Diseases of the musculoskeletal...,5240,49,2.06,0.0000050793789,1.52,2.73
388.3 ,Tinitus,Diseases of the nervous system,5568,52,2.06,0.0000033157603,1.53,2.7
729.9 ,Other and unspecified disorders...,Diseases of the musculoskeletal...,5767,54,2.06,0.0000018862805,1.55,2.7
241.9 ,Unspecified nontoxic nodular goiter,"Endocrine, nutritional and metabolic...",5240,49,2.06,0.0000050793789,1.52,2.73
574 ,Cholelithiasis,Diseases of the digestive system,2132,20,2.06,0.0031778903,1.26,3.19
716 ,Other and unspecified arthropathies,Diseases of the musculoskeletal...,2459,23,2.06,0.0015006963,1.3,3.09
621.4 ,Hematometra,Diseases of the genitourinary...,3007,28,2.05,0.0005828944,1.36,2.97
784.7 ,Epistaxis,"Comorbidities, signs, and ill-defined...",18623,172,2.05,6.765739e-17,1.75,2.39
648.83 ,Abnormal glucose tolerance of...,"Complications of pregnancy, childbirth,...",8704,81,2.05,0.0000000066074327,1.63,2.56
854.09 ,Intracranial injury of other and...,Injury and poisoning,3653,34,2.05,0.0001773602,1.41,2.87
382.4 ,Unspecified suppurative otitis...,Diseases of the nervous system,2582,24,2.04,0.0017606092,1.31,3.05
531.70 ,Chronic gastric ulcer without...,Diseases of the digestive system,4963,46,2.04,0.0000123894,1.49,2.73
680 ,Carbuncle and furuncle,Diseases of the skin and subcutaneous...,5072,47,2.04,0.0000142111,1.5,2.72
848.9 ,Unspecified site of sprain and...,Injury and poisoning,65057,583,2.04,9.110061e-51,1.87,2.22
727.00 ,"Synovitis and tenosynovitis, unspecified",Diseases of the musculoskeletal...,60190,538,2.03,1.279181e-46,1.86,2.22
633.1 ,Tubal pregnancy,"Complications of pregnancy, childbirth,...",5312,49,2.03,0.0000086845629,1.5,2.69
729.4 ,"Fasciitis, unspecified",Diseases of the musculoskeletal...,56583,507,2.03,3.543235e-44,1.85,2.22
841.9 ,Sprains and strains of unspecified...,Injury and poisoning,3032,28,2.03,0.0006352166,1.35,2.94
723.0 ,Spinal stenosis in cervical region,Diseases of the musculoskeletal...,2287,21,2.02,0.0029341557,1.25,3.09
728.9 ,"Unspecified disorder of muscle,...",Diseases of the musculoskeletal...,20313,185,2.02,1.632861e-17,1.74,2.34
555.1 ,Regional enteritis of large intestine,Diseases of the digestive system,4359,40,2.02,0.0000640784,1.44,2.76
726.0 ,Adhesive capsulitis of shoulder,Diseases of the musculoskeletal...,3069,28,2.01,0.0007279453,1.33,2.91
727.04 ,Radial styloid tenosynovitis,Diseases of the musculoskeletal...,4261,39,2.01,0.0000855907,1.43,2.76
226 ,Benign neoplasm of thyroid glands,Neoplasms,3619,33,2.01,0.000284462,1.38,2.82
533.70 ,Chronic peptic ulcer of unspecified...,Diseases of the digestive system,11646,106,2.01,0.0000000001351594,1.64,2.44
681.02 ,Onychia and paronychia of finger,Diseases of the skin and subcutaneous...,4932,45,2.01,0.0000283672,1.46,2.69
891.1 ,"Open wound of knee, leg [except...",Injury and poisoning,6787,62,2.01,0.0000007941566,1.54,2.59
842.10 ,"Sprain of hand, unspecified site",Injury and poisoning,2088,19,2,0.0051744818,1.2,3.13
723.4 ,"Brachial neuritis or radiculitis,...",Diseases of the musculoskeletal...,2541,23,1.99,0.0027223162,1.26,2.99
644.0 ,Threatened premature labor,"Complications of pregnancy, childbirth,...",11185,101,1.99,0.0000000005838728,1.62,2.43
787.0 ,Nausea and vomiting,"Comorbidities, signs, and ill-defined...",83804,725,1.99,6.694851e-58,1.84,2.14
533.00 ,Acute peptic ulcer of unspecified...,Diseases of the digestive system,6653,60,1.99,0.0000016449494,1.51,2.56
353.2 ,"Cervical root lesions, not elsewhere...",Diseases of the nervous system,3760,34,1.99,0.0002483458,1.37,2.79
357.4 ,Polyneuropathy in other diseases...,Diseases of the nervous system,2097,19,1.99,0.0053490722,1.2,3.12
715.9 ,"Osteoarthrosis, unspecified whether...",Diseases of the musculoskeletal...,4430,40,1.99,0.0000792198,1.42,2.71
728.89 ,"Other disorders of muscle, ligament,...",Diseases of the musculoskeletal...,9338,84,1.98,0.000000020357162,1.58,2.46
530.1 ,Esophagitis,Diseases of the digestive system,23411,209,1.98,1.127973e-18,1.72,2.28
455.5 ,External hemorrhoids with other...,Diseases of the circulatory system,2562,23,1.97,0.0028830455,1.25,2.97
722.1 ,Displacement of thoracic or lumbar...,Diseases of the musculoskeletal...,2345,21,1.97,0.004950596,1.21,3.02
053.9 ,Herpes zoster without mention...,Infectious and parasitic diseases,12993,116,1.97,0.00000000006194009,1.63,2.37
617.8 ,Endometriosis of other specified...,Diseases of the genitourinary...,2350,21,1.96,0.0050062985,1.21,3.01
382.3 ,Unspecified chronic suppurative...,Diseases of the nervous system,2015,18,1.96,0.007585592,1.16,3.11
611.6 ,Galactorrhea not associated with...,Diseases of the genitourinary...,2685,24,1.96,0.0023289558,1.26,2.93
465.9 ,Acute upper respiratory infections...,Diseases of the respiratory system,1408969,7178,1.95,8.4374e-100,1.82,2.09
242 ,Thyrotoxicosis with or without...,"Endocrine, nutritional and metabolic...",4619,41,1.95,0.0001063958,1.4,2.65
786.4 ,Abnormal sputum,"Comorbidities, signs, and ill-defined...",1910,17,1.95,0.0099133122,1.14,3.14
276.5 ,Volume depletion,"Endocrine, nutritional and metabolic...",11434,101,1.95,0.0000000015357458,1.58,2.37
845.10 ,"Sprain of foot, unspecified site",Injury and poisoning,2817,25,1.95,0.0028489254,1.26,2.89
590.1 ,Acute pyelonephritis,Diseases of the genitourinary...,4748,42,1.95,0.000087231,1.4,2.64
727.01 ,Synovitis and tenosynovitis in...,Diseases of the musculoskeletal...,2037,18,1.94,0.0120414483,1.15,3.08
727.9 ,"Unspecified disorder of synovium,...",Diseases of the musculoskeletal...,3627,32,1.94,0.0007304759,1.32,2.74
533.91 ,"Peptic ulcer of unspecified site,...",Diseases of the digestive system,2041,18,1.94,0.0121106859,1.14,3.07
682.9 ,Cellulitis and abscess of unspecified...,Diseases of the skin and subcutaneous...,49851,430,1.94,6.204899e-34,1.76,2.14
574.2 ,Calculus of gallbladder without...,Diseases of the digestive system,2716,24,1.94,0.0025842611,1.24,2.9
729.5 ,Pain in limb,Diseases of the musculoskeletal...,8773,77,1.93,0.00000018294428,1.52,2.42
641.90 ,"Unspecified antepartum hemorrhage,...","Complications of pregnancy, childbirth,...",4095,36,1.93,0.0002877069,1.35,2.68
705.1 ,Prickly heat,Diseases of the skin and subcutaneous...,6539,57,1.92,0.0000082780235,1.45,2.49
727.0 ,Synovitis and tenosynovitis,Diseases of the musculoskeletal...,9106,79,1.91,0.00000020325317,1.51,2.39
637.9 ,Legally unspecified abortion without...,"Complications of pregnancy, childbirth,...",2650,23,1.91,0.0053925581,1.21,2.87
682.8 ,Cellulitis and abscess of other...,Diseases of the skin and subcutaneous...,5975,52,1.91,0.000019838,1.43,2.52
300.3 ,Obsessive-compulsive disorders,Mental disorders,1951,17,1.91,0.0166501493,1.11,3.07
614.4 ,Chronic or unspecified parametritis...,Diseases of the genitourinary...,8299,72,1.91,0.00000074314319,1.49,2.41
533.40 ,Chronic or unspecified peptic...,Diseases of the digestive system,5200,45,1.9,0.0000790722,1.39,2.55
560.39 ,Other impaction of intestine,Diseases of the digestive system,4043,35,1.9,0.0005998174,1.32,2.65
881.00 ,"Open wound of forearm, without...",Injury and poisoning,9197,79,1.89,0.00000035585481,1.5,2.36
892.1 ,Open wound of foot except toe(s)...,Injury and poisoning,2913,25,1.89,0.003458682,1.22,2.79
923.21 ,Contusion of wrist,Injury and poisoning,3829,33,1.89,0.000713778,1.3,2.67
628.0 ,"Infertility, female, associated...",Diseases of the genitourinary...,32353,273,1.88,1.205554e-20,1.66,2.12
474.0 ,Chronic tonsillitis,Diseases of the respiratory system,9381,80,1.88,0.00000031731961,1.49,2.34
218.9 ,"Leiomyoma of uterus, unspecified",Neoplasms,23248,197,1.88,0.000000000000001873421,1.62,2.17
845.19 ,Other sprain of foot,Injury and poisoning,2683,23,1.88,0.0056962416,1.19,2.83
958.3 ,Posttraumatic wound infection...,Injury and poisoning,12966,110,1.87,0.0000000029141951,1.54,2.26
389.9 ,Unspecified hearing loss,Diseases of the nervous system,5168,44,1.87,0.0001680788,1.36,2.52
535.01 ,"Acute gastritis, with hemorrhage",Diseases of the digestive system,4002,34,1.87,0.0008819604,1.29,2.62
256.9 ,Unspecified ovarian dysfunction,"Endocrine, nutritional and metabolic...",27166,229,1.87,1.810963e-17,1.63,2.14
727.05 ,Other tenosynovitis of hand and...,Diseases of the musculoskeletal...,5451,46,1.86,0.0001179194,1.36,2.48
924.00 ,Contusion of thigh,Injury and poisoning,5430,46,1.86,0.0001116991,1.36,2.49
722.2 ,Displacement of intervertebral...,Diseases of the musculoskeletal...,9624,81,1.85,0.00000045173803,1.47,2.31
728 ,"Disorders of muscle, ligament,...",Diseases of the musculoskeletal...,8914,75,1.85,0.0000012513157,1.45,2.33
634.11 ,"Spontaneous abortion, complicated...","Complications of pregnancy, childbirth,...",4862,41,1.85,0.0002692798,1.33,2.52
669.93 ,Unspecified complication of labor...,"Complications of pregnancy, childbirth,...",4740,40,1.85,0.0003301862,1.32,2.53
614 ,"Inflammatory disease of ovary,...",Diseases of the genitourinary...,6670,56,1.85,0.0000254953,1.39,2.4
998.5 ,Postoperative infection,Injury and poisoning,19750,164,1.84,0.000000000002418549,1.56,2.15
473 ,Chronic sinusitis,Diseases of the respiratory system,3108,26,1.84,0.0046011004,1.2,2.7
529.0 ,Glossitis,Diseases of the digestive system,2146,18,1.84,0.0150733108,1.09,2.92
530.2 ,Ulcer of esophagus,Diseases of the digestive system,3104,26,1.84,0.0045704489,1.2,2.7
697.9 ,"Lichen, unspecified",Diseases of the skin and subcutaneous...,1912,16,1.84,0.0248064609,1.05,2.99
599.0 ,"Urinary tract infection, site...",Diseases of the genitourinary...,214263,1634,1.84,1.92788e-94,1.74,1.94
720.0 ,Ankylosing spondylitis,Diseases of the musculoskeletal...,3835,32,1.83,0.0016256274,1.25,2.59
726.10 ,Disorders of bursae and tendons...,Diseases of the musculoskeletal...,4201,35,1.83,0.0011741172,1.27,2.55
780 ,General symptoms,"Comorbidities, signs, and ill-defined...",4553,38,1.83,0.00057776,1.3,2.52
646.01 ,"Papyraceous fetus, delivered,...","Complications of pregnancy, childbirth,...",4566,38,1.83,0.0005958948,1.29,2.52
840.9 ,Sprains and strains of unspecified...,Injury and poisoning,8277,69,1.83,0.0000040753422,1.42,2.33
721.90 ,"Spondylosis of unspecified site,...",Diseases of the musculoskeletal...,4964,41,1.82,0.0004487726,1.3,2.47
621.9 ,Unspecified disorder of uterus,Diseases of the genitourinary...,3502,29,1.82,0.0034924768,1.22,2.62
640.8 ,Other specified hemorrhage in...,"Complications of pregnancy, childbirth,...",2531,21,1.82,0.0110170708,1.12,2.79
614.1 ,Chronic salpingitis and oophoritis,Diseases of the genitourinary...,2408,20,1.82,0.0140305826,1.11,2.82
726.9 ,Unspecified enthesopathy,Diseases of the musculoskeletal...,5814,48,1.81,0.0001848391,1.34,2.41
070.9 ,Unspecified viral hepatitis without...,Infectious and parasitic diseases,6575,54,1.81,0.0000706053,1.35,2.36
644.03 ,"Threatened premature labor, antepartum...","Complications of pregnancy, childbirth,...",41241,335,1.81,1.842475e-22,1.62,2.02
256.8 ,Other ovarian dysfunction,"Endocrine, nutritional and metabolic...",6456,53,1.81,0.0000885309,1.35,2.37
555.2 ,Regional enteritis of small intestine...,Diseases of the digestive system,6057,50,1.81,0.000116457,1.34,2.4
843.9 ,Sprains and strains of unspecified...,Injury and poisoning,3399,28,1.81,0.0045892813,1.2,2.62
844.9 ,Sprains and strains of unspecified...,Injury and poisoning,9716,80,1.81,0.0000011664671,1.43,2.26
628 ,"Infertility, female",Diseases of the genitourinary...,7702,63,1.8,0.0000197829,1.38,2.31
726.90 ,Enthesopathy of unspecified site,Diseases of the musculoskeletal...,35297,286,1.8,3.426776e-19,1.6,2.03
644.10 ,"Other threatened labor, unspecified...","Complications of pregnancy, childbirth,...",3775,31,1.8,0.0023160104,1.22,2.57
531.30 ,Acute gastric ulcer without mention...,Diseases of the digestive system,4390,36,1.8,0.0010639663,1.26,2.5
681.9 ,Cellulitis and abscess of unspecified...,Diseases of the skin and subcutaneous...,11726,96,1.8,0.00000014286928,1.46,2.21
923.11 ,Contusion of elbow,Injury and poisoning,6363,52,1.8,0.0001161224,1.34,2.36
722 ,Intervertebral disc disorders,Diseases of the musculoskeletal...,3071,25,1.79,0.0068266305,1.15,2.65
724.02 ,"Spinal stenosis, lumbar region,...",Diseases of the musculoskeletal...,2330,19,1.79,0.0192964767,1.07,2.8
380.23 ,Other chronic otitis externa,Diseases of the nervous system,3563,29,1.79,0.0038460552,1.19,2.57
728.8 ,"Other disorders of muscle, ligament...",Diseases of the musculoskeletal...,2579,21,1.79,0.0122378668,1.1,2.74
652.23 ,Breech presentation without mention...,"Complications of pregnancy, childbirth,...",2334,19,1.79,0.0194234748,1.07,2.8
535.10 ,"Atrophic gastritis, without mention...",Diseases of the digestive system,2576,21,1.79,0.0121513505,1.11,2.74
842.00 ,"Sprain of wrist, unspecified site",Injury and poisoning,5642,46,1.79,0.0003248931,1.31,2.4
922.1 ,Contusion of chest wall,Injury and poisoning,19591,159,1.79,0.00000000002841755,1.52,2.1
722.10 ,Displacement of lumbar intervertebral...,Diseases of the musculoskeletal...,16252,131,1.78,0.0000000019742969,1.48,2.12
388.30 ,"Tinnitus, unspecified",Diseases of the nervous system,16793,135,1.78,0.0000000012579328,1.49,2.11
727.09 ,Other synovitis and tenosynovitis,Diseases of the musculoskeletal...,3706,30,1.78,0.0032347771,1.2,2.54
641.13 ,"Hemorrhage from placenta previa,...","Complications of pregnancy, childbirth,...",2336,19,1.78,0.0194883998,1.07,2.8
523.9 ,Unspecified gingival and periodontal...,Diseases of the digestive system,4937,40,1.78,0.0009376062,1.27,2.43
644.1 ,Other threatened labor,"Complications of pregnancy, childbirth,...",1972,16,1.78,0.0282386781,1.02,2.9
256 ,Hyperestrogenism,"Endocrine, nutritional and metabolic...",1968,16,1.78,0.0279708054,1.02,2.91
683 ,Acute lymphadenitis,Diseases of the skin and subcutaneous...,8022,65,1.78,0.0000199808,1.37,2.28
931 ,Foreign body in ear,Injury and poisoning,6452,52,1.77,0.0001377386,1.32,2.33
621.5 ,Intrauterine synechiae,Diseases of the genitourinary...,2726,22,1.77,0.0143604866,1.11,2.69
625 ,Pain and other symptoms associated...,Diseases of the genitourinary...,2735,22,1.77,0.0145273344,1.1,2.68
628.9 ,"Infertility, female, of unspecified...",Diseases of the genitourinary...,40515,322,1.77,2.771927e-20,1.58,1.98
218.1 ,Intramural leiomyoma of uterus,Neoplasms,2228,18,1.77,0.0255076948,1.05,2.81
285.8 ,Other specified anemias,Diseases of the blood and blood-forming...,4100,33,1.77,0.0023734421,1.21,2.49
560.9 ,Unspecified intestinal obstruction,Diseases of the digestive system,4723,38,1.77,0.0011070229,1.25,2.43
704.00 ,"Alopecia, unspecified",Diseases of the skin and subcutaneous...,4591,37,1.77,0.0013432972,1.24,2.45
478.9 ,Other and unspecified diseases...,Diseases of the respiratory system,19942,159,1.76,0.00000000008850871,1.5,2.06
648.80 ,Abnormal glucose tolerance of...,"Complications of pregnancy, childbirth,...",2243,18,1.76,0.0260887365,1.04,2.79
799.9 ,Other unknown and unspecified...,"Comorbidities, signs, and ill-defined...",2871,23,1.76,0.0117042451,1.11,2.65
536.9 ,Unspecified functional disorder...,Diseases of the digestive system,254539,1848,1.76,3.135346e-91,1.67,1.86
571.4 ,Chronic hepatitis,Diseases of the digestive system,33421,265,1.76,8.48315e-17,1.55,1.99
694.0 ,Dermatitis herpetiformis,Diseases of the skin and subcutaneous...,2118,17,1.76,0.0334178682,1.02,2.83
595.2 ,Other chronic cystitis,Diseases of the genitourinary...,2872,23,1.76,0.0117254232,1.11,2.64
924.1 ,Contusion of knee and lower leg,Injury and poisoning,3375,27,1.76,0.006696348,1.15,2.56
722.0 ,Displacement of cervical intervertebral...,Diseases of the musculoskeletal...,5783,46,1.75,0.0005632968,1.28,2.34
786.2 ,Cough,"Comorbidities, signs, and ill-defined...",113278,864,1.75,3.361906e-47,1.63,1.88
541 ,"Appendicitis, unqualified",Diseases of the digestive system,2126,17,1.75,0.0337420498,1.02,2.82
702.8 ,Other specified dermatoses,Diseases of the skin and subcutaneous...,7168,57,1.75,0.0001013657,1.32,2.27
923.8 ,Contusion of multiple sites of...,Injury and poisoning,3753,30,1.75,0.0048416912,1.18,2.51
009.3 ,Diarrhea of presumed infectious...,Infectious and parasitic diseases,16722,132,1.74,0.0000000066470508,1.45,2.07
726.19 ,Other specified disorders of bursae...,Diseases of the musculoskeletal...,2276,18,1.74,0.0276067402,1.03,2.75
628.2 ,"Infertility, female, of tubal...",Diseases of the genitourinary...,6940,55,1.74,0.0001594589,1.31,2.27
110.1 ,Dermatophytosis of nail,Infectious and parasitic diseases,24799,195,1.74,0.000000000002311016,1.5,2.01
780.6 ,Fever,"Comorbidities, signs, and ill-defined...",125123,947,1.74,1.374068e-50,1.63,1.87
494 ,Bronchiectasis,Diseases of the respiratory system,2907,23,1.74,0.0125525654,1.1,2.61
533.10 ,Acute peptic ulcer of unspecified...,Diseases of the digestive system,1888,15,1.74,0.0387846791,0.97,2.88
599 ,Other disorders of urethra and...,Diseases of the genitourinary...,8837,70,1.74,0.0000241438,1.36,2.21
626.1 ,Scanty or infrequent menstruation,Diseases of the genitourinary...,29536,230,1.73,0.00000000000005309763,1.51,1.97
845.09 ,Other sprains and strains of ankle,Injury and poisoning,9303,73,1.73,0.0000195501,1.35,2.18
854.0 ,Intracranial injury of other and...,Injury and poisoning,4188,33,1.73,0.0037766276,1.19,2.44
614.6 ,"Pelvic peritoneal adhesions, female...",Diseases of the genitourinary...,6986,55,1.73,0.0001717405,1.3,2.26
616.5 ,Ulceration of vulva,Diseases of the genitourinary...,3671,29,1.73,0.0064495502,1.16,2.5
724.79 ,Other disorders of coccyx,Diseases of the musculoskeletal...,3832,30,1.72,0.0054764121,1.16,2.46
476.0 ,Chronic laryngitis,Diseases of the respiratory system,2933,23,1.72,0.0132772689,1.09,2.59
215 ,Other benign neoplasm of connective...,Neoplasms,2043,16,1.72,0.0456390662,0.98,2.8
011.90 ,"Pulmonary tuberculosis, unspecified,...",Infectious and parasitic diseases,3327,26,1.71,0.0095678268,1.12,2.52
216.6 ,Benign neoplasm of skin of upper...,Neoplasms,3469,27,1.71,0.010876271,1.12,2.49
656.31 ,"Fetal distress, affecting management...","Complications of pregnancy, childbirth,...",2306,18,1.71,0.0292759403,1.01,2.71
535.51 ,"Unspecified gastritis and gastroduodenitis,...",Diseases of the digestive system,2690,21,1.71,0.0206868896,1.06,2.63
280 ,Iron deficiency anemias,Diseases of the blood and blood-forming...,4885,38,1.71,0.001978598,1.21,2.35
847.0 ,Sprain of neck,Injury and poisoning,19387,150,1.71,0.0000000022472501,1.44,2.01
599.7 ,Hematuria,Diseases of the genitourinary...,22652,175,1.71,0.0000000001248985,1.46,1.99
218 ,Uterine leiomyoma,Neoplasms,3106,24,1.7,0.0155044207,1.08,2.53
656.30 ,"Fetal distress, affecting management...","Complications of pregnancy, childbirth,...",1931,15,1.7,0.0595607527,0.95,2.82
850.1 ,Concussion with brief loss of...,Injury and poisoning,1932,15,1.7,0.0596198056,0.95,2.82
455.9 ,Residual hemorrhoidal skin tags,Diseases of the circulatory system,3248,25,1.69,0.0128868863,1.09,2.5
519.9 ,Unspecified disease of respiratory...,Diseases of the respiratory system,6761,52,1.69,0.0005428987,1.26,2.22
643.93 ,"Unspecified vomiting of pregnancy,...","Complications of pregnancy, childbirth,...",2466,19,1.69,0.0341652063,1.02,2.65
239.8 ,"Neoplasms of unspecified nature,...",Neoplasms,2204,17,1.69,0.0381784238,0.98,2.72
789.9 ,Other symptoms involving abdomen...,"Comorbidities, signs, and ill-defined...",9503,73,1.69,0.0000346698,1.32,2.13
656.63 ,"Excessive fetal growth, affecting...","Complications of pregnancy, childbirth,...",3897,30,1.69,0.0082627361,1.14,2.42
560.1 ,Paralytic ileus,Diseases of the digestive system,4160,32,1.69,0.0054357558,1.15,2.39
681.11 ,Onychia and paronychia of toe,Diseases of the skin and subcutaneous...,12610,97,1.69,0.0000022027386,1.37,2.07
854.01 ,Intracranial injury of other and...,Injury and poisoning,7038,54,1.69,0.0003672683,1.26,2.2
892.0 ,Open wound of foot except toe(s)...,Injury and poisoning,16015,123,1.69,0.000000099025867,1.4,2.02
536.8 ,Dyspepsia and other specified...,Diseases of the digestive system,123064,902,1.68,8.264062e-43,1.57,1.8
310.2 ,Postconcussion syndrome,Mental disorders,4583,35,1.68,0.0041341603,1.17,2.34
614.0 ,Acute salpingitis and oophoritis,Diseases of the genitourinary...,21700,164,1.67,0.0000000019012254,1.42,1.95
922.3 ,Contusion of back,Injury and poisoning,19285,146,1.67,0.000000014512786,1.41,1.97
617.0 ,Endometriosis of uterus,Diseases of the genitourinary...,11344,86,1.67,0.0000132443,1.33,2.06
524.60 ,"Temporomandibular joint disorders,...",Diseases of the digestive system,4358,33,1.66,0.0065228241,1.14,2.34
648.9 ,Other current conditions classifiable...,"Complications of pregnancy, childbirth,...",2117,16,1.66,0.0511420229,0.94,2.7
558.2 ,Toxic gastroenteritis and colitis,Diseases of the digestive system,4089,31,1.66,0.0073330463,1.13,2.37
893.0 ,"Open wound of toe(s), without...",Injury and poisoning,6765,51,1.66,0.0007826097,1.23,2.18
596.5 ,Other functional disorders of...,Diseases of the genitourinary...,5942,45,1.66,0.0014031274,1.21,2.23
923.20 ,Contusion of hand(s),Injury and poisoning,6764,51,1.66,0.0007814229,1.23,2.18
466 ,Acute bvronchitis and bronchiolitis,Diseases of the respiratory system,42773,318,1.65,3.261107e-16,1.47,1.85
466.0 ,Acute bronchitis,Diseases of the respiratory system,621707,3825,1.65,1.54782e-110,1.58,1.73
640.0 ,Threatened abortion,"Complications of pregnancy, childbirth,...",40354,299,1.65,0.000000000000004552689,1.46,1.85
652.93 ,"Unspecified malposition or malpresentation,...","Complications of pregnancy, childbirth,...",2652,20,1.65,0.0300472651,1.01,2.56
558.1 ,Gastroenteritis and colitis due...,Diseases of the digestive system,2653,20,1.65,0.0301049066,1.01,2.56
850 ,Concussion,Injury and poisoning,7190,54,1.65,0.0005969192,1.24,2.16
882.0 ,Open wound of hand except finger(s)...,Injury and poisoning,17470,131,1.65,0.00000013625043,1.38,1.97
640.9 ,Unspecified hemorrhage in early...,"Complications of pregnancy, childbirth,...",11653,87,1.64,0.0000178219,1.31,2.03
532.9 ,"Duodenal ulcer, unspecified as...",Diseases of the digestive system,3485,26,1.64,0.0164772492,1.07,2.4
829.0 ,"Fracture of unspecified bone,...",Injury and poisoning,2806,21,1.64,0.0337210421,1.01,2.52
564.8 ,Other specified function disorder...,Diseases of the digestive system,31207,231,1.64,0.000000000007467325,1.43,1.87
569.9 ,Unspecified disorder of intestine,Diseases of the digestive system,7900,59,1.64,0.0004135232,1.25,2.12
698.9 ,Unspecified pruritic disorder,Diseases of the skin and subcutaneous...,57291,421,1.64,3.471663e-20,1.49,1.81
597.8 ,Other urethritis,Diseases of the genitourinary...,2010,15,1.64,0.066036625,0.91,2.71
487.8 ,Influenza with other manifestations,Diseases of the respiratory system,38762,285,1.63,0.00000000000004924645,1.45,1.84
215.2 ,Other benign neoplasm of connective...,Neoplasms,2012,15,1.63,0.0662478369,0.91,2.7
780.9 ,Other general symptoms,"Comorbidities, signs, and ill-defined...",18708,138,1.63,0.00000014735537,1.36,1.93
266.9 ,Unspecified vitamin B deficiency,"Endocrine, nutritional and metabolic...",2020,15,1.63,0.0671158455,0.91,2.69
696.1 ,Other psoriasis,Diseases of the skin and subcutaneous...,5668,42,1.63,0.002974503,1.17,2.2
626 ,Disorders of menstruation and...,Diseases of the genitourinary...,47652,347,1.62,2.559217e-16,1.45,1.81
845.00 ,"Sprain of ankle, unspecified site",Injury and poisoning,14237,105,1.62,0.0000047167303,1.33,1.97
850.9 ,"Concussion, unspecified",Injury and poisoning,13725,101,1.62,0.0000078462865,1.32,1.97
623.8 ,Other specified noninflammatory...,Diseases of the genitourinary...,3540,26,1.61,0.0235011539,1.05,2.37
632 ,Missed abortion,"Complications of pregnancy, childbirth,...",21410,156,1.61,0.000000043919145,1.36,1.88
640 ,Hemorrhage in early pregnancy,"Complications of pregnancy, childbirth,...",19540,143,1.61,0.00000015171983,1.36,1.91
784.1 ,Throat pain,"Comorbidities, signs, and ill-defined...",30409,221,1.61,0.000000000105115,1.4,1.84
253.4 ,Other anterior pituitary disorders,"Endocrine, nutritional and metabolic...",3689,27,1.61,0.0194968422,1.06,2.34
842.09 ,Other sprains and strains of wrist,Injury and poisoning,4372,32,1.61,0.0128039681,1.1,2.27
556 ,Idiopathic proctocolitis,Diseases of the digestive system,3961,29,1.61,0.017405867,1.07,2.31
564.5 ,Functional diarrhea,Diseases of the digestive system,37384,272,1.61,0.0000000000006051812,1.42,1.82
374.00 ,"Entropion, unspecified",Diseases of the nervous system,2060,15,1.6,0.0720093532,0.89,2.64
477.9 ,"Allergic rhinitis, cause unspecified",Diseases of the respiratory system,202709,1387,1.6,1.606948e-51,1.51,1.7
110.5 ,Dermatophytosis of the body,Infectious and parasitic diseases,16221,118,1.6,0.0000020151999,1.32,1.92
737.9 ,Unspecified curvature of spine,Diseases of the musculoskeletal...,1923,14,1.6,0.0879198798,0.87,2.69
641.93 ,"Unspecified antepartum hemorrhage,...","Complications of pregnancy, childbirth,...",28387,206,1.6,0.000000000451602,1.39,1.84
535.50 ,"Unspecified gastritis and gastroduodenitis,...",Diseases of the digestive system,175562,1210,1.6,9.322074e-46,1.5,1.7
555.0 ,Regional enteritis of small intestine,Diseases of the digestive system,4258,31,1.6,0.0160696814,1.08,2.27
282.4 ,Thalassemias,Diseases of the blood and blood-forming...,5749,42,1.6,0.0042632422,1.15,2.17
684 ,Impetigo,Diseases of the skin and subcutaneous...,4786,35,1.6,0.0094676831,1.12,2.24
597.89 ,Other urethritis,Diseases of the genitourinary...,4796,35,1.6,0.0095516457,1.11,2.23
924.21 ,Contusion of ankle,Injury and poisoning,7564,55,1.6,0.0011206857,1.2,2.08
380.13 ,Other acute infections of external...,Diseases of the nervous system,2480,18,1.59,0.052629959,0.94,2.52
473.8 ,Other chronic sinusitis,Diseases of the respiratory system,2205,16,1.59,0.0787725361,0.91,2.59
661.4 ,"Hypertonic, incoordinate, or prolonged...","Complications of pregnancy, childbirth,...",2066,15,1.59,0.0728225631,0.89,2.63
564.9 ,Unspecified functional disorder...,Diseases of the digestive system,166184,1146,1.59,3.182881e-43,1.5,1.7
873.49 ,Open wound of other and multiple...,Injury and poisoning,2898,21,1.59,0.0385065377,0.98,2.43
455.3 ,External hemorrhoids without mention...,Diseases of the circulatory system,4164,30,1.58,0.0204480591,1.06,2.26
625.4 ,Premenstrual tension syndromes,Diseases of the genitourinary...,5688,41,1.58,0.0056103173,1.13,2.15
626.2 ,Excessive or frequent menstruation,Diseases of the genitourinary...,77688,547,1.58,3.413062e-22,1.45,1.72
784.2 ,"Swelling, mass, or lump in head...","Comorbidities, signs, and ill-defined...",8477,61,1.58,0.0008793942,1.21,2.03
788.1 ,Dysuria,"Comorbidities, signs, and ill-defined...",8328,60,1.58,0.0008177316,1.21,2.04
799.8 ,Other ill-defined conditions,"Comorbidities, signs, and ill-defined...",4873,35,1.58,0.0104338265,1.1,2.2
674.3 ,Other complications of obstetrical...,"Complications of pregnancy, childbirth,...",2224,16,1.58,0.0804862698,0.9,2.57
854 ,Intracranial injury of other and...,Injury and poisoning,3338,24,1.58,0.0381618115,1.01,2.35
640.90 ,Unspecified hemorrhage in early...,"Complications of pregnancy, childbirth,...",13615,97,1.57,0.000041361,1.27,1.92
215.9 ,Other benign neoplasm of connective...,Neoplasms,5581,40,1.57,0.0069832009,1.12,2.15
788.4 ,Frequency of urination and polyuria,"Comorbidities, signs, and ill-defined...",25273,180,1.57,0.000000020376564,1.35,1.82
535.00 ,"Acute gastritis, without mention...",Diseases of the digestive system,214336,1438,1.57,4.997366e-49,1.48,1.66
454.9 ,Asymptomatic varicose veins,Diseases of the circulatory system,1963,14,1.56,0.0937677893,0.85,2.63
380.2 ,Other otitis externa,Diseases of the nervous system,3662,26,1.56,0.0355935618,1.01,2.29
381.60 ,"Obstruction of Eustachian tube,...",Diseases of the nervous system,2242,16,1.56,0.082307066,0.89,2.55
473.9 ,Unspecified sinusitis (chronic),Diseases of the respiratory system,33525,237,1.56,0.0000000002094091,1.37,1.78
789.0 ,Abdominal pain,"Comorbidities, signs, and ill-defined...",718383,4179,1.56,1.787863e-88,1.49,1.63
910.0 ,"Abrasion or friction burn of face,...",Injury and poisoning,8145,58,1.56,0.0016617315,1.19,2.03
923.00 ,Contusion of shoulder region,Injury and poisoning,9012,64,1.56,0.0009508912,1.2,2
380.15 ,Chronic mycotic otitis externa,Diseases of the nervous system,7624,54,1.55,0.0021407762,1.17,2.03
787.3 ,"Flatulence, eructation, and gas...","Comorbidities, signs, and ill-defined...",52612,366,1.55,0.00000000000002237222,1.39,1.72
564.1 ,Irritable bowel syndrome,Diseases of the digestive system,67940,472,1.55,3.351124e-18,1.41,1.71
620.0 ,Follicular cyst of ovary,Diseases of the genitourinary...,6680,47,1.54,0.0047243553,1.13,2.06
626.0 ,Absence of menstruation,Diseases of the genitourinary...,310216,2000,1.54,4.449976e-59,1.47,1.63
640.00 ,"Threatened abortion, unspecified...","Complications of pregnancy, childbirth,...",50283,348,1.54,0.00000000000017477,1.38,1.71
519.8 ,Other diseases of respiratory...,Diseases of the respiratory system,4550,32,1.54,0.0201214085,1.05,2.18
564.0 ,Constipation,Diseases of the digestive system,153791,1035,1.54,7.280955e-35,1.44,1.65
881.0 ,"Open wound of elbow, forearm,...",Injury and poisoning,2280,16,1.54,0.0867747499,0.88,2.5
595.9 ,"Cystitis, unspecified",Diseases of the genitourinary...,64199,443,1.54,1.228465e-16,1.4,1.7
614.8 ,Other specified inflammatory disease...,Diseases of the genitourinary...,13732,96,1.54,0.0000788977,1.24,1.88
722.91 ,"Other and unspecified disc disorder,...",Diseases of the musculoskeletal...,2007,14,1.53,0.1316114723,0.83,2.57
472.1 ,Chronic pharyngitis,Diseases of the respiratory system,29841,207,1.53,0.000000013004905,1.33,1.76
727.42 ,Ganglion of tendon sheath,Diseases of the musculoskeletal...,3011,21,1.53,0.0574928825,0.94,2.34
727.89 ,"Other disorders of synovium, tendon,...",Diseases of the musculoskeletal...,2433,17,1.53,0.0947421567,0.89,2.46
644.13 ,"Other threatened labor, antepartum...","Complications of pregnancy, childbirth,...",7736,54,1.53,0.0030210729,1.15,2
787.9 ,Other symptoms involving digestive...,"Comorbidities, signs, and ill-defined...",10734,75,1.53,0.000540736,1.21,1.93
847.2 ,Sprain of lumbar,Injury and poisoning,26292,182,1.53,0.00000010939392,1.31,1.77
686.9 ,Unspecified local infection of...,Diseases of the skin and subcutaneous...,116854,791,1.53,4.385475e-27,1.42,1.65
379.93 ,Redness or discharge of eye,Diseases of the nervous system,2016,14,1.52,0.1326460429,0.83,2.56
723.3 ,Cervicobrachial syndrome (diffuse),Diseases of the musculoskeletal...,3019,21,1.52,0.0580946275,0.94,2.34
641.9 ,Unspecified antepartum hemorrhage,"Complications of pregnancy, childbirth,...",3756,26,1.52,0.0390141479,0.99,2.23
883.0 ,"Open wound of finger(s), without...",Injury and poisoning,28109,194,1.52,0.000000050345047,1.31,1.76
891.0 ,"Open wound of knee, leg [except...",Injury and poisoning,34225,235,1.52,0.0000000031476352,1.33,1.73
920 ,"Contusion of face, scalp, and...",Injury and poisoning,31239,215,1.52,0.000000012920807,1.32,1.74
381.00 ,"Acute nonsuppurative otitis media,...",Diseases of the nervous system,5526,38,1.51,0.0160532633,1.07,2.07
826.0 ,Closed fracture of one or more...,Injury and poisoning,2031,14,1.51,0.1345194681,0.82,2.54
540.9 ,Acute appendicitis without mention...,Diseases of the digestive system,10183,70,1.51,0.0011511999,1.17,1.91
845.0 ,Sprains and strains of ankle,Injury and poisoning,4206,29,1.51,0.038091613,1.01,2.18
850.0 ,Concussion with no loss of consciousness,Injury and poisoning,13374,92,1.51,0.0002320006,1.22,1.86
873.8 ,Other and unspecified open wound...,Injury and poisoning,4504,31,1.51,0.0266825791,1.02,2.15
880.03 ,"Open wound of upper arm, without...",Injury and poisoning,2749,19,1.51,0.0866323857,0.91,2.37
883.1 ,"Open wound of finger(s), complicated",Injury and poisoning,4637,32,1.51,0.0282273,1.03,2.14
927.3 ,Crushing injury of finger(s),Injury and poisoning,3351,23,1.5,0.0542753403,0.95,2.26
375.15 ,"Tear film insufficiency, unspecified",Diseases of the nervous system,22598,154,1.5,0.000002873931,1.27,1.76
470 ,Deviated nasal septum,Diseases of the respiratory system,15544,106,1.5,0.0000983307,1.23,1.82
727 ,"Other disorders of synovium tendon,...",Diseases of the musculoskeletal...,5109,35,1.5,0.02172019,1.04,2.09
640.91 ,Unspecified hemorrhage in early...,"Complications of pregnancy, childbirth,...",3942,27,1.5,0.0432969164,0.99,2.19
229.9 ,Benign neoplasm of unspecified...,Neoplasms,2484,17,1.5,0.099766041,0.87,2.41
564 ,"Functional digestive disorders,...",Diseases of the digestive system,31559,215,1.5,0.000000025501971,1.31,1.72
692.2 ,Contact dermatitis and other eczema...,Diseases of the skin and subcutaneous...,2041,14,1.5,0.1358709864,0.82,2.53
008.5 ,"Bacterial enteritis, unspecified",Infectious and parasitic diseases,6461,44,1.49,0.0121866493,1.08,2.01
464.4 ,Croup,Diseases of the respiratory system,3670,25,1.49,0.0496869002,0.96,2.21
487 ,Influenza,Diseases of the respiratory system,22030,149,1.49,0.0000057385517,1.26,1.75
782.1 ,Rash and other nonspecific skin...,"Comorbidities, signs, and ill-defined...",15225,103,1.49,0.0001745051,1.21,1.81
644.00 ,"Threatened premature labor, unspecified...","Complications of pregnancy, childbirth,...",17109,116,1.49,0.0000635669,1.23,1.79
558.9 ,Other and unspecified noninfectious...,Diseases of the digestive system,545251,3224,1.49,8.163352e-66,1.42,1.55
847.9 ,Sprain of unspecified site of...,Injury and poisoning,7351,50,1.49,0.0070703601,1.11,1.97
571.41 ,Chronic persistent hepatitis,Diseases of the digestive system,4280,29,1.49,0.0402808345,0.99,2.14
578.1 ,Blood in stool,Diseases of the digestive system,2351,16,1.49,0.1226373839,0.85,2.43
455.2 ,Internal hemorrhoids with other...,Diseases of the circulatory system,6821,46,1.48,0.0115108007,1.08,1.98
625.9 ,Unspecified symptom associated...,Diseases of the genitourinary...,13252,89,1.48,0.0005882098,1.18,1.82
382.00 ,Acute suppurative otitis media...,Diseases of the nervous system,7103,48,1.48,0.0102464045,1.09,1.97
626.9 ,Unspecified disorders of menstruation...,Diseases of the genitourinary...,315274,1963,1.48,1.188559e-47,1.4,1.55
629.8 ,Other specified disorders of female...,Diseases of the genitourinary...,16486,111,1.48,0.0000989153,1.22,1.79
631 ,Other abnormal product of conception,"Complications of pregnancy, childbirth,...",23833,160,1.48,0.0000041161333,1.26,1.73
289.3 ,"Lymphadenitis, unspecified, except...",Diseases of the blood and blood-forming...,8582,58,1.48,0.0048169467,1.12,1.92
368.13 ,Visual discomfort,Diseases of the nervous system,53802,358,1.48,0.00000000001053131,1.32,1.64
924.10 ,Contusion of lower leg,Injury and poisoning,8730,59,1.48,0.0040862962,1.13,1.92
617.3 ,Endometriosis of pelvic peritoneum,Diseases of the genitourinary...,2829,19,1.47,0.0935993159,0.88,2.3
945.00 ,Burn of unspecified degree of...,Injury and poisoning,3885,26,1.47,0.0561992166,0.96,2.15
959.7 ,"Knee, leg, ankle, and foot injury",Injury and poisoning,5516,37,1.47,0.0270527318,1.03,2.03
959.9 ,Unspecified site injury,Injury and poisoning,2678,18,1.47,0.1120395479,0.87,2.33
844.2 ,Sprain of cruciate ligament of...,Injury and poisoning,2231,15,1.47,0.1533319377,0.82,2.44
933.0 ,Foreign body in pharynx,Injury and poisoning,11601,77,1.46,0.0018299969,1.15,1.82
995.3 ,"Allergy, unspecified, not elsewhere...",Injury and poisoning,23333,155,1.46,0.0000104254,1.24,1.72
464.30 ,Acute epiglottitis without mention...,Diseases of the respiratory system,5864,39,1.46,0.0250916952,1.03,2
131.01 ,Trichomonal vulvovaginitis,Infectious and parasitic diseases,8543,57,1.46,0.006140872,1.11,1.9
757.39 ,Other specified anomalies of skin,Congenital anomalies,5406,36,1.46,0.0330441795,1.02,2.03
215.0 ,Other benign neoplasm of connective...,Neoplasms,4064,27,1.46,0.0610961567,0.96,2.12
528.0 ,Stomatitis,Diseases of the digestive system,23529,156,1.46,0.0000091963575,1.24,1.71
873.40 ,"Open wound of face, unspecified...",Injury and poisoning,17726,118,1.46,0.0001079121,1.21,1.76
910 ,"Superficial injury of face, neck,...",Injury and poisoning,2556,17,1.46,0.1387608363,0.85,2.34
379.99 ,Other ill-defined disorders of...,Diseases of the nervous system,4070,27,1.45,0.0613672542,0.96,2.12
008.6 ,"Virus Enteritis, specified",Infectious and parasitic diseases,3784,25,1.45,0.0696272146,0.93,2.14
477.8 ,Allergic rhinitis due to other...,Diseases of the respiratory system,12084,80,1.45,0.001453802,1.15,1.81
524.62 ,"Temporomandibular joint disorders,...",Diseases of the digestive system,2716,18,1.45,0.1159734321,0.86,2.3
693.1 ,Dermatitis due to food taken internally,Diseases of the skin and subcutaneous...,3770,25,1.45,0.0687544353,0.94,2.15
590 ,Infections of kidney,Diseases of the genitourinary...,2573,17,1.45,0.1403691872,0.84,2.32
455.0 ,Internal hemorrhoids without mention...,Diseases of the circulatory system,7328,48,1.44,0.0186551983,1.06,1.91
455.6 ,Unspecified hemorrhoids without...,Diseases of the circulatory system,40718,265,1.44,0.000000035706816,1.27,1.63
622.7 ,Mucous polyp of cervix,Diseases of the genitourinary...,4856,32,1.44,0.042642189,0.99,2.04
041.9 ,"Bacterial infection, unspecified,...",Infectious and parasitic diseases,16678,109,1.44,0.0003430277,1.18,1.74
643 ,Excessive vomiting in pregnancy,"Complications of pregnancy, childbirth,...",8202,54,1.44,0.010689573,1.08,1.89
781.7 ,Tetany,"Comorbidities, signs, and ill-defined...",2278,15,1.44,0.1590800886,0.81,2.39
533.9 ,"Peptic ulcer, site unspecified,...",Diseases of the digestive system,30731,200,1.44,0.0000017053678,1.24,1.65
789 ,Other symptoms involving abdomen...,"Comorbidities, signs, and ill-defined...",15450,101,1.44,0.0006190498,1.17,1.75
620.2 ,Other and unspecified ovarian...,Diseases of the genitourinary...,48302,312,1.43,0.0000000046623304,1.27,1.6
110.4 ,Dermatophytosis of foot,Infectious and parasitic diseases,73647,474,1.43,0.0000000000005545023,1.3,1.57
701.1 ,"Keratoderma, acquired",Diseases of the skin and subcutaneous...,12901,84,1.43,0.0020205147,1.14,1.77
382.9 ,Unspecified otitis media,Diseases of the nervous system,40249,259,1.42,0.00000012965993,1.25,1.61
646.9 ,Unspecified complication of pregnancy,"Complications of pregnancy, childbirth,...",5564,36,1.42,0.0455689502,0.99,1.97
648.23 ,"Anemia of mother, antepartum condition...","Complications of pregnancy, childbirth,...",5567,36,1.42,0.0456445372,0.99,1.97
535.5 ,Unspecified gastritis & gastroduodenitis,Diseases of the digestive system,26480,171,1.42,0.0000154321,1.21,1.66
686.8 ,Other specified local infections...,Diseases of the skin and subcutaneous...,49391,316,1.42,0.000000008434557,1.26,1.59
854.00 ,Intracranial injury of other and...,Injury and poisoning,14071,91,1.42,0.0016582328,1.14,1.75
881.01 ,"Open wound of elbow, without mention...",Injury and poisoning,3867,25,1.42,0.0930236138,0.91,2.1
882.1 ,Open wound of hand except finger(s)...,Injury and poisoning,2310,15,1.42,0.1639742827,0.79,2.35
616.1 ,Vaginitis and vulvovaginitis,Diseases of the genitourinary...,96717,615,1.42,0.000000000000001206556,1.31,1.55
924.20 ,Contusion of foot,Injury and poisoning,9887,64,1.42,0.0070649003,1.09,1.82
380.10 ,"Infective otitis externa, unspecified",Diseases of the nervous system,93723,590,1.41,0.00000000000002978552,1.29,1.53
009 ,Ill-defined intestinal infections,Infectious and parasitic diseases,6226,40,1.41,0.0377505049,1,1.92
626.4 ,Irregular menstrual cycle,Diseases of the genitourinary...,492930,2852,1.41,3.49859e-47,1.34,1.47
009.2 ,Infectious diarrhea,Infectious and parasitic diseases,33523,214,1.41,0.0000030395373,1.22,1.61
726.71 ,Achilles bursitis or tendinitis,Diseases of the musculoskeletal...,2179,14,1.41,0.2005724337,0.77,2.37
643.9 ,Unspecified vomiting of pregnancy,"Complications of pregnancy, childbirth,...",5116,33,1.41,0.0604681662,0.97,1.99
680.9 ,Carbuncle and furuncle of unspecified...,Diseases of the skin and subcutaneous...,42894,274,1.41,0.000000096326052,1.25,1.59
848.8 ,Other specified sites of sprains...,Injury and poisoning,6522,42,1.41,0.0337171404,1.02,1.91
919.0 ,"Abrasion or friction burn of other,...",Injury and poisoning,23043,148,1.41,0.0000812845,1.19,1.66
614.5 ,"Acute or unspecified pelvic peritonitis,...",Diseases of the genitourinary...,28077,180,1.41,0.0000146416,1.21,1.64
372.2 ,Blepharoconjunctivitis,Diseases of the nervous system,3266,21,1.41,0.1182452304,0.87,2.16
372.8 ,Other disorders of conjunctiva,Diseases of the nervous system,3262,21,1.41,0.1178596672,0.87,2.16
381.81 ,Dysfunction of Eustachian tube,Diseases of the nervous system,22014,140,1.4,0.0001932068,1.17,1.65
640.03 ,"Threatened abortion, antepartum...","Complications of pregnancy, childbirth,...",132354,825,1.4,1.107941e-18,1.31,1.51
216.8 ,Benign neoplasm of other specified...,Neoplasms,7058,45,1.4,0.0331911954,1.02,1.87
229.8 ,Benign neoplasm of other specified...,Neoplasms,6903,44,1.4,0.0316236238,1.01,1.88
241.0 ,Nontoxic uninodular goiter,"Endocrine, nutritional and metabolic...",2038,13,1.4,0.2453362281,0.74,2.39
648.8 ,Abnormal glucose tolerance of...,"Complications of pregnancy, childbirth,...",2498,16,1.4,0.1788742447,0.8,2.28
787.7 ,Abnormal feces,"Comorbidities, signs, and ill-defined...",4681,30,1.4,0.0652889781,0.95,2.01
873.0 ,"Open wound of scalp, without mention...",Injury and poisoning,10322,66,1.4,0.0083460381,1.08,1.79
692.89 ,Contact dermatitis and other eczema...,Diseases of the skin and subcutaneous...,42734,271,1.4,0.00000020268877,1.24,1.58
884.0 ,Multiple and unspecified open...,Injury and poisoning,36118,230,1.4,0.000001463228,1.23,1.6
698.8 ,Other specified pruritic conditions,Diseases of the skin and subcutaneous...,16788,107,1.4,0.0010241745,1.15,1.7
005.9 ,"Food poisoning, unspecified",Infectious and parasitic diseases,2356,15,1.39,0.2173891492,0.78,2.31
070.30 ,Viral hepatitis B without mention...,Infectious and parasitic diseases,26001,164,1.39,0.0000803027,1.18,1.62
478.22 ,Parapharyngeal abscess,Diseases of the respiratory system,2362,15,1.39,0.2180447353,0.78,2.3
220 ,Benign neoplasm of ovary,Neoplasms,80523,502,1.39,0.00000000001259368,1.27,1.52
533 ,"Peptic ulcer, site unspecified",Diseases of the digestive system,19933,126,1.39,0.0004814701,1.16,1.66
558 ,Other and unspecified noninfectious...,Diseases of the digestive system,26111,165,1.39,0.0000684596,1.18,1.62
372.00 ,"Acute conjunctivitis, unspecified",Diseases of the nervous system,191409,1166,1.39,2.536456e-23,1.3,1.48
614.9 ,Unspecified inflammatory disease...,Diseases of the genitourinary...,226594,1370,1.39,1.766489e-26,1.31,1.47
722.73 ,Intervertebral disc disorder with...,Diseases of the musculoskeletal...,2858,18,1.38,0.1647140458,0.82,2.18
464 ,Acute laryngitis and tracheitis,Diseases of the respiratory system,58117,361,1.38,0.00000001750954,1.23,1.53
464.10 ,Acute tracheitis without mention...,Diseases of the respiratory system,184349,1121,1.38,3.7921e-22,1.3,1.47
009.0 ,"Infectious colitis, enteritis,...",Infectious and parasitic diseases,85675,530,1.38,0.000000000009804041,1.26,1.51
110.2 ,Dermatophytosis of hand,Infectious and parasitic diseases,2222,14,1.38,0.2080922351,0.75,2.32
637.90 ,"Unspecified abortion, without...","Complications of pregnancy, childbirth,...",9999,63,1.38,0.0139591098,1.06,1.77
487.1 ,Influenza with other respiratory...,Diseases of the respiratory system,274181,1635,1.38,1.939164e-29,1.31,1.46
137.0 ,Late effects of respiratory or...,Infectious and parasitic diseases,2379,15,1.38,0.2200671599,0.77,2.28
643.00 ,"Mild hyperemesis gravidarum, unspecified...","Complications of pregnancy, childbirth,...",24569,154,1.38,0.0001649073,1.17,1.62
646.90 ,"Unspecified complication of pregnancy,...","Complications of pregnancy, childbirth,...",14483,91,1.38,0.003583599,1.11,1.7
839.8 ,"Closed dislocation, multiple and...",Injury and poisoning,5067,32,1.38,0.0751861766,0.94,1.96
691 ,Atopic dermatitis and related...,Diseases of the skin and subcutaneous...,2534,16,1.38,0.184020419,0.79,2.25
597.80 ,"Urethritis, unspecified",Diseases of the genitourinary...,24356,153,1.38,0.0001547359,1.17,1.62
674.34 ,Other complications of obstetrical...,"Complications of pregnancy, childbirth,...",17297,108,1.37,0.0018092654,1.12,1.66
845 ,Sprains and strains of ankle and...,Injury and poisoning,3365,21,1.37,0.1575178769,0.84,2.09
706 ,Diseases of sebaceous glands,Diseases of the skin and subcutaneous...,2869,18,1.37,0.1662322829,0.81,2.18
709 ,Other disorders of skin and subcutaneous...,Diseases of the skin and subcutaneous...,5579,35,1.37,0.0723965098,0.96,1.92
614.7 ,"Other chronic pelvic peritonitis,...",Diseases of the genitourinary...,4642,29,1.37,0.1008733433,0.91,1.97
626.6 ,Metrorrhagia,Diseases of the genitourinary...,104804,636,1.36,0.000000000001906962,1.25,1.47
216.4 ,Benign neoplasm of scalp and skin...,Neoplasms,2415,15,1.36,0.2251383751,0.76,2.25
810.00 ,"Closed fracture of clavicle, unspecified...",Injury and poisoning,2413,15,1.36,0.2248290588,0.76,2.25
870.0 ,Laceration of skin of eyelid and...,Injury and poisoning,2257,14,1.36,0.2701665511,0.74,2.28
706.8 ,Other specified diseases of sebaceous...,Diseases of the skin and subcutaneous...,4671,29,1.36,0.1025121422,0.91,1.96
708.9 ,"Urticaria, unspecified",Diseases of the skin and subcutaneous...,178348,1069,1.36,3.088434e-19,1.27,1.45
922.2 ,Contusion of abdominal wall,Injury and poisoning,4833,30,1.36,0.10763789,0.92,1.94
922.8 ,Contusion of multiple sites of...,Injury and poisoning,4977,31,1.36,0.0912548073,0.93,1.94
924.01 ,Contusion of hip,Injury and poisoning,6289,39,1.36,0.0607594473,0.96,1.86
372.72 ,Conjunctival hemorrhage,Diseases of the nervous system,17408,108,1.36,0.002259894,1.12,1.65
930.1 ,Foreign body in conjunctival sac,Injury and poisoning,40303,247,1.35,0.0000085946408,1.19,1.53
009.1 ,"Colitis, enteritis, and gastroenteritis...",Infectious and parasitic diseases,32499,199,1.35,0.0000667137,1.16,1.55
648.20 ,"Anemia of mother, unspecified...","Complications of pregnancy, childbirth,...",2434,15,1.35,0.2282353552,0.75,2.23
555.9 ,Regional enteritis of unspecified...,Diseases of the digestive system,16620,102,1.35,0.0038544067,1.1,1.64
692.79 ,Other dermatitis due to solar...,Diseases of the skin and subcutaneous...,11185,69,1.35,0.0165815535,1.05,1.72
916.1 ,"Abrasion or friction burn of hip,...",Injury and poisoning,4045,25,1.35,0.1289188459,0.87,2
615.1 ,Chronic inflammatory diseases...,Diseases of the genitourinary...,2426,15,1.35,0.2268965901,0.76,2.24
616.4 ,Other abscess of vulva,Diseases of the genitourinary...,4884,30,1.35,0.1101466149,0.91,1.92
372.9 ,Unspecified disorder of conjunctiva,Diseases of the nervous system,4853,30,1.35,0.1085204185,0.91,1.94
460 ,Acute nasopharyngitis [common...,Diseases of the respiratory system,722846,3888,1.34,1.419572e-38,1.28,1.4
464.21 ,Acute laryngotracheitis with obstruction,Diseases of the respiratory system,6356,39,1.34,0.0757849138,0.95,1.84
465 ,Acute upper respiratory infections...,Diseases of the respiratory system,139103,828,1.34,0.00000000000002905319,1.24,1.44
465.8 ,Acute upper respiratory infections...,Diseases of the respiratory system,190515,1126,1.34,1.665506e-18,1.26,1.43
626.8 ,Other disorders of menstruation...,Diseases of the genitourinary...,239962,1409,1.34,2.076415e-22,1.27,1.42
079.9 ,Unspecified viral and chlamydial...,Infectious and parasitic diseases,7508,46,1.34,0.0585082069,0.98,1.79
634.90 ,"Spontaneous abortion, without...","Complications of pregnancy, childbirth,...",12625,77,1.34,0.0141641235,1.05,1.67
360.9 ,Unspecified disorder of globe,Diseases of the nervous system,2608,16,1.34,0.2420762282,0.77,2.19
708.0 ,Allergic urticaria,Diseases of the skin and subcutaneous...,64995,392,1.34,0.000000081186437,1.2,1.48
616.2 ,Cyst of Bartholin's gland,Diseases of the genitourinary...,5221,32,1.34,0.0996616973,0.92,1.9
464.1 ,Acute tracheitis,Diseases of the respiratory system,20020,121,1.33,0.003129481,1.1,1.59
726.4 ,Enthesopathy of wrist and carpus,Diseases of the musculoskeletal...,3124,19,1.33,0.2292410325,0.8,2.08
472.0 ,Chronic rhinitis,Diseases of the respiratory system,86269,516,1.33,0.0000000018960776,1.21,1.45
478 ,Other diseases of upper respiratory...,Diseases of the respiratory system,4602,28,1.33,0.1257346598,0.88,1.93
643.10 ,Hyperemesis gravidarum with metabolic...,"Complications of pregnancy, childbirth,...",5253,32,1.33,0.1015886924,0.91,1.89
535.0 ,Acute gastritis,Diseases of the digestive system,59049,356,1.33,0.00000035508313,1.2,1.48
580 ,Acute glomerulonephritis,Diseases of the genitourinary...,1971,12,1.33,0.3122894592,0.69,2.33
610.1 ,Diffuse cystic mastopathy,Diseases of the genitourinary...,14492,88,1.33,0.0093876541,1.07,1.64
614.2 ,Salpingitis and oophoritis not...,Diseases of the genitourinary...,30073,182,1.33,0.0002450786,1.14,1.54
923.03 ,Contusion of upper arm,Injury and poisoning,2132,13,1.33,0.2618162191,0.71,2.29
924.5 ,Contusion of unspecified part...,Injury and poisoning,10272,62,1.32,0.0331392424,1.01,1.7
625.3 ,Dysmenorrhea,Diseases of the genitourinary...,114657,676,1.32,0.00000000005100606,1.21,1.42
380.22 ,Other acute otitis externa,Diseases of the nervous system,25437,153,1.32,0.001036266,1.12,1.55
644 ,Early or threatened labor,"Complications of pregnancy, childbirth,...",6657,40,1.32,0.0838714357,0.94,1.8
595 ,Cystitis,Diseases of the genitourinary...,20279,122,1.32,0.0033354173,1.09,1.58
595.0 ,Acute cystitis,Diseases of the genitourinary...,134159,789,1.32,0.00000000000148065,1.22,1.42
922.9 ,Contusion of unspecified part...,Injury and poisoning,10286,62,1.32,0.0333333981,1.01,1.7
717.9 ,Unspecified internal derangement...,Diseases of the musculoskeletal...,3315,20,1.32,0.1978367939,0.81,2.04
620.1 ,Corpus luteum cyst or hematoma,Diseases of the genitourinary...,5361,32,1.31,0.1282549681,0.89,1.85
373.13 ,Abscess of eyelid,Diseases of the nervous system,16709,100,1.31,0.0094152279,1.07,1.6
461.0 ,Acute maxillary sinusitis,Diseases of the respiratory system,25653,153,1.31,0.0015053954,1.11,1.54
472 ,Chronic pharyngitis and nasopharyngitis,Diseases of the respiratory system,9533,57,1.31,0.0474826498,0.99,1.7
633.9 ,Unspecified ectopic pregnancy,"Complications of pregnancy, childbirth,...",22166,132,1.31,0.0031031986,1.09,1.55
532 ,Duodenal ulcer,Diseases of the digestive system,5861,35,1.31,0.1197832989,0.91,1.82
540 ,Acute appendicitis,Diseases of the digestive system,3005,18,1.31,0.2758817174,0.78,2.08
918.1 ,Superficial injury of cornea,Injury and poisoning,31541,188,1.31,0.0004015275,1.13,1.52
370.33 ,"Keratoconjunctivitis sicca, not...",Diseases of the nervous system,2665,16,1.31,0.250261593,0.75,2.14
611.8 ,Other specified disorders of breast,Diseases of the genitourinary...,2838,17,1.31,0.2626797552,0.76,2.1
616.10 ,"Vaginitis and vulvovaginitis,...",Diseases of the genitourinary...,380942,2142,1.31,8.078948e-26,1.25,1.38
372.3 ,Other and unspecified conjunctivitis,Diseases of the nervous system,13053,78,1.31,0.0224221333,1.03,1.64
617.9 ,"Endometriosis, site unspecified",Diseases of the genitourinary...,19606,116,1.3,0.0066248144,1.07,1.56
621.1 ,Chronic subinvolution of uterus,Diseases of the genitourinary...,2852,17,1.3,0.2644196652,0.76,2.09
622.0 ,Erosion and ectropion of cervix,Diseases of the genitourinary...,85130,498,1.3,0.00000006006435,1.18,1.42
949.0 ,"Burn of unspecified site, unspecified...",Injury and poisoning,11644,69,1.3,0.0383082094,1.01,1.65
462 ,Acute pharyngitis,Diseases of the respiratory system,534798,2913,1.3,1.72559e-28,1.24,1.36
466.1 ,Acute bronchiolitis,Diseases of the respiratory system,99542,582,1.3,0.0000000041338975,1.19,1.42
640.93 ,Unspecified hemorrhage in early...,"Complications of pregnancy, childbirth,...",8439,50,1.3,0.0745370052,0.96,1.71
519 ,Other diseases of respiratory...,Diseases of the respiratory system,2196,13,1.3,0.3390549516,0.69,2.22
533.30 ,Acute peptic ulcer of unspecified...,Diseases of the digestive system,6889,41,1.3,0.1062023198,0.93,1.77
595.89 ,Other specified types of cystitis,Diseases of the genitourinary...,2022,12,1.3,0.3223669642,0.67,2.27
894 ,Multiple and unspecified open...,Injury and poisoning,4875,29,1.3,0.1653859918,0.87,1.87
708.8 ,Other specified urticaria,Diseases of the skin and subcutaneous...,22735,135,1.3,0.0034702205,1.09,1.55
615 ,"Inflammatory diseases of uterus,...",Diseases of the genitourinary...,9414,56,1.3,0.0550413854,0.98,1.7
616 ,"Inflammatory disease of cervix,...",Diseases of the genitourinary...,54276,319,1.3,0.0000126857,1.16,1.45
524.6 ,Temporomandibular joint disorders,Diseases of the digestive system,2202,13,1.29,0.3400136461,0.69,2.21
535.4 ,Other specified gastritis,Diseases of the digestive system,9996,59,1.29,0.0530931043,0.98,1.67
680.8 ,Carbuncle and furuncle of other...,Diseases of the skin and subcutaneous...,3734,22,1.29,0.2237828457,0.81,1.96
702.1 ,Seborrheic keratosis,Diseases of the skin and subcutaneous...,3055,18,1.29,0.2804275308,0.76,2.04
913.0 ,"Abrasion or friction burn of elbow,...",Injury and poisoning,14232,84,1.29,0.024485241,1.03,1.61
370.0 ,Corneal ulcer,Diseases of the nervous system,2717,16,1.29,0.3159596854,0.74,2.1
708 ,Urticaria,Diseases of the skin and subcutaneous...,16262,96,1.29,0.0141666087,1.05,1.58
455 ,Hemorrhoids,Diseases of the circulatory system,9220,54,1.28,0.0745954774,0.96,1.68
930.0 ,Corneal foreign body,Injury and poisoning,26815,156,1.28,0.0034833956,1.08,1.5
463 ,Acute tonsillitis,Diseases of the respiratory system,713881,3760,1.28,1.777271e-28,1.23,1.34
381.01 ,Acute serous otitis media,Diseases of the nervous system,2730,16,1.28,0.3174435106,0.73,2.09
473.0 ,Chronic maxillary sinusitis,Diseases of the respiratory system,3249,19,1.28,0.2949704402,0.77,2
629.9 ,Unspecified disorder of female...,Diseases of the genitourinary...,36357,212,1.28,0.0005446294,1.11,1.47
727.43 ,"Ganglion, unspecified",Diseases of the musculoskeletal...,5986,35,1.28,0.1491288702,0.89,1.78
728.85 ,Spasm of muscle,Diseases of the musculoskeletal...,9062,53,1.28,0.0852029821,0.96,1.68
879.6 ,Open wound of other and unspecified...,Injury and poisoning,2224,13,1.28,0.3438059126,0.68,2.19
692.9 ,"Contact dermatitis and other eczema,...",Diseases of the skin and subcutaneous...,460660,2519,1.28,1.906401e-24,1.22,1.35
597 ,"Urethritis, not sexually transmitted,...",Diseases of the genitourinary...,2733,16,1.28,0.3178042368,0.73,2.09
894.0 ,Multiple and unspecified open...,Injury and poisoning,44552,258,1.28,0.0002147335,1.12,1.44
614.3 ,Acute parametritis and pelvic...,Diseases of the genitourinary...,21941,128,1.28,0.0075529803,1.07,1.53
372.0 ,Acute conjunctivitis,Diseases of the nervous system,24519,143,1.28,0.0048755766,1.08,1.51
003.9 ,"Salmonella infection, unspecified",Infectious and parasitic diseases,2922,17,1.27,0.333639559,0.74,2.04
626.5 ,Ovulation bleeding,Diseases of the genitourinary...,6051,35,1.27,0.1800772472,0.88,1.76
475 ,Peritonsillar abscess,Diseases of the respiratory system,18718,108,1.27,0.0190510019,1.04,1.53
111.0 ,Pityriasis versicolor,Infectious and parasitic diseases,27166,157,1.27,0.0042748186,1.08,1.49
643.03 ,"Mild hyperemesis gravidarum, antepartum...","Complications of pregnancy, childbirth,...",15856,92,1.27,0.0246272342,1.02,1.56
528.9 ,Other and unspecified diseases...,Diseases of the digestive system,50290,289,1.27,0.0001500607,1.12,1.42
646.80 ,Other specified complications...,"Complications of pregnancy, childbirth,...",3608,21,1.27,0.2644490478,0.79,1.95
847.1 ,Sprain of thoracic,Injury and poisoning,2413,14,1.27,0.3619357211,0.69,2.14
616.0 ,Cervicitis and endocervicitis,Diseases of the genitourinary...,97685,557,1.27,0.00000022973875,1.16,1.38
923.3 ,Contusion of finger,Injury and poisoning,3447,20,1.27,0.2565027853,0.77,1.97
622.1 ,Dysplasia of cervix (uteri),Diseases of the genitourinary...,6606,38,1.26,0.1693304769,0.89,1.73
379.91 ,Pain in or around eye,Diseases of the nervous system,3303,19,1.26,0.3004244555,0.76,1.97
465.0 ,Acute laryngopharyngitis,Diseases of the respiratory system,449464,2434,1.26,3.693243e-21,1.2,1.32
477 ,Allergic rhinitis,Diseases of the respiratory system,30568,176,1.26,0.0027521979,1.08,1.47
110.9 ,Dermatophytosis of unspecified...,Infectious and parasitic diseases,36229,207,1.26,0.0016461754,1.09,1.44
112.1 ,Candidiasis of vulva and vagina,Infectious and parasitic diseases,161684,911,1.26,0.0000000001544766,1.18,1.35
648.93 ,Other current conditions classifiable...,"Complications of pregnancy, childbirth,...",9417,54,1.26,0.1070688997,0.94,1.64
370.2 ,Other superficial keratitis without...,Diseases of the nervous system,3485,20,1.26,0.3123295154,0.77,1.94
616.50 ,"Ulceration of vulva, unspecified",Diseases of the genitourinary...,6938,40,1.26,0.1526306485,0.9,1.72
617 ,Endometriosis,Diseases of the genitourinary...,3292,19,1.26,0.2991629374,0.76,1.98
924.4 ,Contusion of multiple sites of...,Injury and poisoning,5266,30,1.25,0.2192460075,0.84,1.78
008.8 ,Intestinal infection due to other...,Infectious and parasitic diseases,3150,18,1.25,0.3520784629,0.74,1.98
117.9 ,Other and unspecified mycoses,Infectious and parasitic diseases,9673,55,1.25,0.111997272,0.94,1.62
643.0 ,Mild hyperemesis gravidarum,"Complications of pregnancy, childbirth,...",15993,91,1.25,0.0393332906,1,1.53
370 ,Keratitis,Diseases of the nervous system,5777,33,1.25,0.203090758,0.86,1.76
370.9 ,Unspecified keratitis,Diseases of the nervous system,10673,61,1.25,0.0839970819,0.96,1.61
373.0 ,Blepharitis,Diseases of the nervous system,6812,39,1.25,0.1759336941,0.89,1.72
624.9 ,Unspecified noninflammatory disorder...,Diseases of the genitourinary...,2988,17,1.24,0.3410642258,0.72,2
691.8 ,Other atopic dermatitis and related...,Diseases of the skin and subcutaneous...,51632,291,1.24,0.0004487499,1.1,1.4
367.2 ,Astigmatism,Diseases of the nervous system,2470,14,1.24,0.3711203535,0.68,2.09
917.0 ,Abrasion or friction burn of foot...,Injury and poisoning,7259,41,1.24,0.1899048351,0.89,1.68
616.9 ,Unspecified inflammatory disease...,Diseases of the genitourinary...,372621,2014,1.24,1.777131e-16,1.18,1.31
933.1 ,Foreign body in larynx,Injury and poisoning,8868,50,1.23,0.1340956903,0.91,1.63
945.24 ,"Blisters, epidermal loss [second...",Injury and poisoning,2309,13,1.23,0.4372689946,0.65,2.11
461.8 ,Other acute sinusitis,Diseases of the respiratory system,32652,183,1.23,0.0070971865,1.06,1.43
989.5 ,Toxic effect of venom,Injury and poisoning,8509,48,1.23,0.1467321163,0.91,1.64
464.20 ,Acute laryngotracheitis without...,Diseases of the respiratory system,104132,580,1.23,0.000002186016,1.13,1.34
633 ,Ectopic pregnancy,"Complications of pregnancy, childbirth,...",4970,28,1.23,0.2474584613,0.82,1.79
477.0 ,Allergic rhinitis due to pollen,Diseases of the respiratory system,3553,20,1.23,0.3196634453,0.75,1.91
640.80 ,Other specified hemorrhage in...,"Complications of pregnancy, childbirth,...",2843,16,1.23,0.4011791739,0.7,2
214.9 ,"Lipoma, unspecified site",Neoplasms,2137,12,1.23,0.4221094563,0.63,2.15
216.5 ,"Benign neoplasm of skin of trunk,...",Neoplasms,2854,16,1.23,0.4023871932,0.7,2
698.2 ,Prurigo,Diseases of the skin and subcutaneous...,84172,469,1.23,0.0000222371,1.12,1.35
924.11 ,Contusion of knee,Injury and poisoning,22909,128,1.23,0.026468656,1.02,1.46
464.11 ,Acute tracheitis with obstruction,Diseases of the respiratory system,12608,70,1.22,0.1114455227,0.95,1.54
077.1 ,Epidemic keratoconjunctivitis,Infectious and parasitic diseases,26460,147,1.22,0.0216312561,1.03,1.44
478.8 ,Upper respiratory tract hypersensitivity...,Diseases of the respiratory system,5005,28,1.22,0.2924850503,0.81,1.77
729.81 ,Swelling of limb,Diseases of the musculoskeletal...,1975,11,1.22,0.5008586758,0.61,2.19
643.1 ,Hyperemesis gravidarum with metabolic...,"Complications of pregnancy, childbirth,...",3038,17,1.22,0.4166224945,0.71,1.96
816.00 ,Closed fracture of phalanx or...,Injury and poisoning,2334,13,1.22,0.4408941501,0.65,2.09
692.5 ,Contact dermatitis and other eczema...,Diseases of the skin and subcutaneous...,5395,30,1.22,0.2662986869,0.82,1.74
700 ,Corns and callosities,Diseases of the skin and subcutaneous...,10387,58,1.22,0.1257373341,0.93,1.58
705.89 ,Other specified disorders of sweat...,Diseases of the skin and subcutaneous...,2679,15,1.22,0.3895742356,0.68,2.02
611.0 ,Inflammatory disease of breast,Diseases of the genitourinary...,24855,138,1.22,0.025975765,1.02,1.44
372.15 ,Parasitic conjunctivitis,Diseases of the nervous system,2688,15,1.22,0.3910302925,0.68,2.02
620.8 ,Other noninflammatory disorders...,Diseases of the genitourinary...,2170,12,1.21,0.5208325265,0.62,2.12
464.0 ,Acute laryngitis,Diseases of the respiratory system,300561,1603,1.21,0.0000000000414395,1.14,1.27
643.91 ,"Unspecified vomiting of pregnancy,...","Complications of pregnancy, childbirth,...",2528,14,1.21,0.4580964435,0.66,2.04
686.0 ,Pyoderma,Diseases of the skin and subcutaneous...,20035,111,1.21,0.0453745776,1,1.47
698.1 ,Pruritus of genital organs,Diseases of the skin and subcutaneous...,63875,352,1.21,0.0005305933,1.09,1.35
703.0 ,Ingrowing nail,Diseases of the skin and subcutaneous...,3254,18,1.21,0.4327204977,0.72,1.92
367.20 ,"Astigmatism, unspecified",Diseases of the nervous system,3422,19,1.21,0.3735195604,0.73,1.9
367.89 ,Other disorders of refraction...,Diseases of the nervous system,6864,38,1.21,0.2428982757,0.86,1.67
706.3 ,Seborrhea,Diseases of the skin and subcutaneous...,18533,102,1.21,0.0628183217,0.98,1.47
919.1 ,"Abrasion or friction burn of other,...",Injury and poisoning,3063,17,1.21,0.4188374497,0.71,1.95
922 ,Contusion of trunk,Injury and poisoning,4879,27,1.21,0.3371916866,0.8,1.77
372.11 ,Simple chronic conjunctivitis,Diseases of the nervous system,45919,253,1.21,0.003621018,1.06,1.37
623.5 ,"Leukorrhea, not specified as infective",Diseases of the genitourinary...,87282,473,1.2,0.0002341815,1.09,1.31
380.1 ,Infective otitis externa,Diseases of the nervous system,4917,27,1.2,0.339368532,0.79,1.75
239.2 ,Neoplasm of unspecified nature...,Neoplasms,4922,27,1.2,0.3397020856,0.79,1.75
897.0 ,Traumatic amputation of leg(s)...,Injury and poisoning,2544,14,1.2,0.4601045093,0.66,2.02
372.02 ,Acute follicular conjunctivitis,Diseases of the nervous system,10378,57,1.2,0.1654417598,0.91,1.56
372.1 ,Chronic conjunctivitis,Diseases of the nervous system,59943,326,1.2,0.0018728288,1.07,1.34
379.90 ,"Disorder of eye, unspecified",Diseases of the nervous system,4970,27,1.19,0.3434510352,0.78,1.73
646.93 ,"Unspecified complication of pregnancy,...","Complications of pregnancy, childbirth,...",12659,69,1.19,0.1456552611,0.93,1.51
690 ,Erythematosquamous dermatosis,Diseases of the skin and subcutaneous...,32907,179,1.19,0.0232645619,1.02,1.38
881 ,"Open wound of elbow, forearm,...",Injury and poisoning,3501,19,1.19,0.4498317331,0.71,1.86
361.30 ,"Retinal defect, unspecified",Diseases of the nervous system,2945,16,1.19,0.4918224155,0.68,1.93
362.60 ,"Peripheral retinal degeneration,...",Diseases of the nervous system,6830,37,1.19,0.2814117392,0.83,1.64
916.0 ,"Abrasion or friction burn of hip,...",Injury and poisoning,30514,166,1.19,0.0261219553,1.02,1.39
616.11 ,Vaginitis and vulvovaginitis in...,Diseases of the genitourinary...,57109,309,1.19,0.0033719707,1.06,1.33
372.56 ,Conjunctival deposits,Diseases of the nervous system,2386,13,1.19,0.5406633728,0.63,2.04
372.71 ,Hyperemia of conjunctiva,Diseases of the nervous system,4403,24,1.19,0.3700861482,0.76,1.78
373.00 ,"Blepharitis, unspecified",Diseases of the nervous system,29409,158,1.18,0.0449856073,1,1.38
373.33 ,Xeroderma of eyelid,Diseases of the nervous system,2414,13,1.18,0.54327823,0.63,2.02
621.8 ,"Other specified disorders of uterus,...",Diseases of the genitourinary...,3336,18,1.18,0.4406128733,0.7,1.87
380.4 ,Impacted cerumen,Diseases of the nervous system,32246,173,1.18,0.0372961134,1.01,1.37
785.6 ,Enlargement of lymph nodes,"Comorbidities, signs, and ill-defined...",9244,50,1.18,0.2455226844,0.88,1.56
682.0 ,Cellulitis and abscess of face,Diseases of the skin and subcutaneous...,4072,22,1.18,0.4145020386,0.74,1.79
873 ,Other open wound of head,Injury and poisoning,4279,23,1.18,0.4257683281,0.74,1.77
693.9 ,Dermatitis due to unspecified...,Diseases of the skin and subcutaneous...,21419,115,1.18,0.0925079094,0.97,1.41
894.1 ,Multiple and unspecified open...,Injury and poisoning,2585,14,1.18,0.4660982173,0.65,1.99
616.8 ,Other specified inflammatory diseases...,Diseases of the genitourinary...,25279,136,1.18,0.0603637283,0.99,1.4
998.3 ,Disruption of operation wound,Injury and poisoning,2428,13,1.17,0.5447956115,0.62,2.01
131.00 ,"Urogenital trichomoniasis, unspecified",Infectious and parasitic diseases,9511,51,1.17,0.252631405,0.87,1.55
528 ,"Disease of the oral soft tissues,...",Diseases of the digestive system,2062,11,1.17,0.621262435,0.58,2.09
646.8 ,Other specified complications...,"Complications of pregnancy, childbirth,...",2988,16,1.17,0.495987643,0.67,1.91
535 ,Gastritis and duodenitis,Diseases of the digestive system,39210,209,1.17,0.0281553647,1.01,1.34
537.89 ,Other specified disorders of stomach...,Diseases of the digestive system,2056,11,1.17,0.5146349791,0.58,2.1
692.8 ,"Contact dermatitis and other eczema,...",Diseases of the skin and subcutaneous...,7652,41,1.17,0.3075258853,0.84,1.59
611.71 ,Mastodynia,Diseases of the genitourinary...,25822,138,1.17,0.0699473153,0.98,1.39
372.10 ,"Chronic conjunctivitis, unspecified",Diseases of the nervous system,215740,1130,1.17,0.0000020514393,1.1,1.24
924.2 ,"Contusion of ankle and foot, excluding...",Injury and poisoning,2250,12,1.17,0.5311817056,0.6,2.04
455.8 ,Unspecified hemorrhoids with other...,Diseases of the circulatory system,9987,53,1.16,0.2648595083,0.87,1.52
461 ,Acute sinusitis,Diseases of the respiratory system,37492,198,1.16,0.0442726914,1,1.33
464.2 ,Acute larygotracheitis,Diseases of the respiratory system,14316,76,1.16,0.1914631023,0.91,1.46
737.43 ,Scoliosis associated with other...,Diseases of the musculoskeletal...,2067,11,1.16,0.6216819848,0.58,2.09
847 ,Sprains and strains of other and...,Injury and poisoning,1892,10,1.16,0.6065663679,0.55,2.13
565.0 ,Anal fissure,Diseases of the digestive system,6950,37,1.16,0.3278069231,0.82,1.61
695.0 ,Toxic erythema,Diseases of the skin and subcutaneous...,5090,27,1.16,0.4055230003,0.76,1.69
890.0 ,"Open wound of hip and thigh, without...",Injury and poisoning,4711,25,1.16,0.4478125442,0.75,1.72
892 ,Open wound of foot except toe(s)...,Injury and poisoning,2821,15,1.16,0.4865304582,0.65,1.92
611.72 ,Lump or mass in breast,Diseases of the genitourinary...,32545,172,1.16,0.0620003604,0.99,1.35
706.9 ,Unspecified disease of sebaceous...,Diseases of the skin and subcutaneous...,2266,12,1.16,0.5338281675,0.6,2.03
718.40 ,"Contracture of joint, site unspecified",Diseases of the musculoskeletal...,2077,11,1.16,0.6225751516,0.58,2.08
461.9 ,"Acute sinusitis, unspecified",Diseases of the respiratory system,552337,2771,1.15,0.00000000773637,1.09,1.2
647.83 ,Other specified infectious and...,"Complications of pregnancy, childbirth,...",4937,26,1.15,0.458560191,0.75,1.69
372.30 ,"Conjunctivitis, unspecified",Diseases of the nervous system,219742,1137,1.15,0.0000132754,1.08,1.23
034.0 ,Streptococcal sore throat,Infectious and parasitic diseases,6122,32,1.14,0.4467598524,0.78,1.62
680.2 ,Carbuncle and furuncle of trunk,Diseases of the skin and subcutaneous...,1912,10,1.14,0.6094325965,0.55,2.11
708.1 ,Idiopathic urticaria,Diseases of the skin and subcutaneous...,12269,64,1.14,0.2827406957,0.88,1.46
615.9 ,Unspecified inflammatory disease...,Diseases of the genitourinary...,101148,524,1.14,0.0039945927,1.04,1.25
379.8 ,Other specified disorders of eye...,Diseases of the nervous system,6773,35,1.13,0.4694809703,0.79,1.57
054.2 ,Herpetic gingivostomatitis,Infectious and parasitic diseases,4466,23,1.13,0.5773898649,0.71,1.69
634.00 ,"Spontaneous abortion, complicated...","Complications of pregnancy, childbirth,...",2894,15,1.13,0.580349985,0.63,1.87
110 ,Dermatophytosis,Infectious and parasitic diseases,2891,15,1.13,0.5800353486,0.63,1.88
737.3 ,Kyphoscoliosis and scoliosis,Diseases of the musculoskeletal...,2322,12,1.13,0.6422626947,0.58,1.98
643.13 ,Hyperemesis gravidarum with metabolic...,"Complications of pregnancy, childbirth,...",74500,384,1.13,0.0184307256,1.02,1.26
569.3 ,Hemorrhage of rectum and anus,Diseases of the digestive system,4644,24,1.13,0.5131503205,0.72,1.68
698 ,Pruritus and related conditions,Diseases of the skin and subcutaneous...,6003,31,1.13,0.5013208094,0.77,1.61
704.8 ,Other specified diseases of hair...,Diseases of the skin and subcutaneous...,48949,252,1.13,0.0617475979,0.99,1.28
610.0 ,Solitary cyst of breast,Diseases of the genitourinary...,3083,16,1.13,0.5914031428,0.65,1.85
610.2 ,Fibroadenosis of breast,Diseases of the genitourinary...,8502,44,1.13,0.4196270741,0.82,1.52
615.0 ,Acute inflammatory diseases of...,Diseases of the genitourinary...,28111,145,1.13,0.153827272,0.95,1.33
478.0 ,Hypertrophy of nasal turbinates,Diseases of the respiratory system,17377,89,1.12,0.2829593116,0.9,1.38
478.1 ,Other diseases of nasal cavity...,Diseases of the respiratory system,42771,219,1.12,0.0952536905,0.98,1.28
111.9 ,"Dermatomycosis, unspecified",Infectious and parasitic diseases,6241,32,1.12,0.5097573531,0.77,1.59
879.8 ,Open wound(s) (multiple) of unspecified...,Injury and poisoning,18504,95,1.12,0.2503648079,0.91,1.38
916 ,"Superficial injury of hip, thigh,...",Injury and poisoning,6057,31,1.12,0.5039476474,0.76,1.59
372.05 ,Acute atopic conjunctivitis,Diseases of the nervous system,4876,25,1.12,0.5237615325,0.72,1.66
617.1 ,Endometriosis of ovary,Diseases of the genitourinary...,9537,49,1.12,0.4023092314,0.83,1.49
478.4 ,Polyp of vocal cord or larynx,Diseases of the respiratory system,6721,34,1.11,0.5259431968,0.76,1.55
478.6 ,Edema of larynx,Diseases of the respiratory system,3929,20,1.11,0.63449468,0.68,1.72
528.2 ,Oral aphthae,Diseases of the digestive system,22206,113,1.11,0.2498729587,0.92,1.34
536 ,Disorders of function of stomach,Diseases of the digestive system,23344,118,1.11,0.2825923681,0.91,1.33
692 ,Contact dermatitis and other eczema,Diseases of the skin and subcutaneous...,41295,210,1.11,0.121383021,0.97,1.28
692.3 ,Contact dermatitis and other eczema...,Diseases of the skin and subcutaneous...,13387,68,1.11,0.3683291484,0.86,1.41
698.4 ,Dermatitis factitia [artefacta],Diseases of the skin and subcutaneous...,13179,67,1.11,0.3647847742,0.86,1.41
367.1 ,Myopia,Diseases of the nervous system,51037,258,1.11,0.1101435488,0.97,1.26
915.0 ,"Abrasion or friction burn of finger(s),...",Injury and poisoning,2758,14,1.11,0.6702061564,0.61,1.87
924 ,Contusion of lower limb and of...,Injury and poisoning,7279,37,1.11,0.486418452,0.78,1.53
373.1 ,Hordeolum and other deep inflammation...,Diseases of the nervous system,31528,159,1.1,0.2219437489,0.94,1.29
472.2 ,Chronic nasopharyngitis,Diseases of the respiratory system,34653,174,1.1,0.2128524141,0.94,1.28
637.91 ,"Unspecified abortion, without...","Complications of pregnancy, childbirth,...",27886,140,1.1,0.2636267045,0.92,1.3
780.8 ,Generalized hyperhidrosis,"Comorbidities, signs, and ill-defined...",8355,42,1.1,0.5154632645,0.79,1.49
646 ,"Papyraceous fetus, unspecified...","Complications of pregnancy, childbirth,...",3174,16,1.1,0.6913642733,0.63,1.79
686 ,Other local infections of skin...,Diseases of the skin and subcutaneous...,13906,70,1.1,0.4119973925,0.86,1.39
686.1 ,Pyogenic granuloma of skin and...,Diseases of the skin and subcutaneous...,2186,11,1.1,0.7492157267,0.55,1.97
698.3 ,Lichenification and lichen simplex...,Diseases of the skin and subcutaneous...,33648,169,1.1,0.2211761725,0.94,1.28
913 ,"Superficial ilnjury of elbow,...",Injury and poisoning,2992,15,1.1,0.6830475995,0.61,1.81
370.23 ,Filamentary keratitis,Diseases of the nervous system,2573,13,1.1,0.6601550819,0.59,1.89
634.91 ,"Spontaneous abortion, without...","Complications of pregnancy, childbirth,...",6038,30,1.09,0.6322406071,0.73,1.55
882 ,Open wound of hand except finger(s)...,Injury and poisoning,3410,17,1.09,0.7019417037,0.63,1.75
372 ,Disorders of conjunctiva,Diseases of the nervous system,9203,46,1.09,0.5350990672,0.8,1.46
078.89 ,Other specified diseases due to...,Infectious and parasitic diseases,2425,12,1.08,0.7618123733,0.56,1.89
693.0 ,Dermatitis due to drugs and medicines...,Diseases of the skin and subcutaneous...,9486,47,1.08,0.5422074302,0.79,1.44
372.14 ,Other chronic allergic conjunctivitis,Diseases of the nervous system,190863,934,1.08,0.0312995723,1.01,1.15
923.9 ,Contusion of unspecified part...,Injury and poisoning,9138,45,1.08,0.5865202785,0.78,1.44
625.2 ,Mittelschmerz,Diseases of the genitourinary...,4893,24,1.07,0.6716266619,0.69,1.6
646.83 ,Other specified complications...,"Complications of pregnancy, childbirth,...",5329,26,1.07,0.6845138179,0.7,1.57
666.14 ,"Other immediate postpartum hemorrhage,...","Complications of pregnancy, childbirth,...",5519,27,1.07,0.6891247337,0.7,1.56
880.00 ,"Open wound of shoulder region,...",Injury and poisoning,2658,13,1.07,0.7724928289,0.57,1.83
370.20 ,"Superficial keratitis, unspecified",Diseases of the nervous system,20229,99,1.07,0.4956393203,0.87,1.31
370.21 ,Punctate keratitis,Diseases of the nervous system,57215,279,1.07,0.2843952014,0.94,1.2
379.24 ,Other vitreous opacities,Diseases of the nervous system,17087,83,1.06,0.5688977789,0.84,1.32
640.83 ,Other specified hemorrhage in...,"Complications of pregnancy, childbirth,...",4523,22,1.06,0.7400939737,0.67,1.61
650 ,Normal delivery,"Complications of pregnancy, childbirth,...",10931,53,1.06,0.6693398309,0.79,1.39
830 ,Dislocation of jaw,Injury and poisoning,3711,18,1.06,0.8067588547,0.63,1.68
884 ,Multiple and unspecified open...,Injury and poisoning,3520,17,1.06,0.8017468555,0.61,1.69
367.9 ,Unspecified disorder of refraction...,Diseases of the nervous system,29421,142,1.06,0.5135161169,0.89,1.25
372.20 ,"Blepharoconjunctivitis, unspecified",Diseases of the nervous system,13050,63,1.06,0.648494985,0.81,1.35
692.4 ,Contact dermatitis and other eczema...,Diseases of the skin and subcutaneous...,36677,176,1.05,0.5065680328,0.9,1.22
707.9 ,Chronic ulcer of unspecified site,Diseases of the skin and subcutaneous...,2089,10,1.05,0.8701149773,0.5,1.93
370.49 ,Other keratoconjunctivitis,Diseases of the nervous system,8516,41,1.05,0.7470736766,0.75,1.43
709.9 ,Unspecified disorder of skin and...,Diseases of the skin and subcutaneous...,116444,556,1.05,0.301655435,0.96,1.14
924.9 ,Contusion of unspecified site,Injury and poisoning,25193,120,1.04,0.6383441178,0.86,1.25
054.9 ,Herpes simplex without mention...,Infectious and parasitic diseases,39367,187,1.04,0.5970702553,0.89,1.2
216.3 ,Benign neoplasm of skin of other...,Neoplasms,8590,41,1.04,0.7485070818,0.75,1.42
367 ,"Infantile, juvenile, and presenile...",Diseases of the nervous system,4209,20,1.04,0.8187839414,0.63,1.61
371.42 ,Recurrent erosion of cornea,Diseases of the nervous system,6746,32,1.04,0.7863447519,0.71,1.47
921.3 ,Contusion of eyeball,Injury and poisoning,2515,12,1.04,0.8816698971,0.54,1.83
448.1 ,"Nevus, non-neoplastic",Diseases of the circulatory system,2535,12,1.03,0.8821977972,0.53,1.81
373.11 ,Hordeolum externum,Diseases of the nervous system,95992,453,1.03,0.506866338,0.94,1.14
388.8 ,Other disorders of ear,Diseases of the nervous system,3172,15,1.03,0.8946918564,0.58,1.71
087.9 ,"Relapsing fever, unspecified",Infectious and parasitic diseases,1903,9,1.03,0.8641942655,0.47,1.97
478.5 ,Other diseases of vocal cords,Diseases of the respiratory system,57485,271,1.03,0.61527661,0.91,1.16
635.90 ,"Legally induced abortion, without...","Complications of pregnancy, childbirth,...",12574,59,1.03,0.8421596974,0.78,1.32
709.8 ,Other specified disorders of skin,Diseases of the skin and subcutaneous...,20837,98,1.03,0.7568223451,0.83,1.25
471.0 ,Polyp of nasal cavity,Diseases of the respiratory system,1919,9,1.02,0.8650493668,0.47,1.95
216.9 ,"Benign neoplasm of skin, site...",Neoplasms,43929,205,1.02,0.774600701,0.88,1.17
217 ,Benign neoplasm of breast,Neoplasms,57391,267,1.02,0.7772562965,0.9,1.15
891 ,"Open wound of knee, leg (except...",Injury and poisoning,6618,31,1.02,0.8550829817,0.69,1.46
701.4 ,Keloid scar,Diseases of the skin and subcutaneous...,24496,114,1.02,0.8487413745,0.84,1.22
919.8 ,Other and unspecified superficial...,Injury and poisoning,4926,23,1.02,0.9155403304,0.65,1.53
923 ,Contusion of upper limb,Injury and poisoning,4301,20,1.02,0.909685488,0.62,1.57
717.7 ,Chondromalacia of patella,Diseases of the musculoskeletal...,7041,33,1.02,0.8593731354,0.7,1.44
629 ,Other disorders of female genital...,Diseases of the genitourinary...,21788,101,1.01,0.8795542278,0.82,1.23
634.01 ,"Spontaneous abortion, complicated...","Complications of pregnancy, childbirth,...",7813,36,1.01,0.9329922873,0.7,1.4
610.3 ,Fibrosclerosis of breast,Diseases of the genitourinary...,2164,10,1.01,0.8734614952,0.48,1.86
372.13 ,Vernal conjunctivitis,Diseases of the nervous system,6936,32,1.01,0.9288898547,0.69,1.43
637 ,Unspecified abortion,"Complications of pregnancy, childbirth,...",7198,33,1,0.930345045,0.69,1.41
611.9 ,Unspecified breast disorder,Diseases of the genitourinary...,39424,181,1,0.9698952384,0.86,1.16
372.12 ,Chronic follicular conjunctivitis,Diseases of the nervous system,5662,26,1,0.9214958106,0.65,1.47
052.9 ,Varicella without mention of complication,Infectious and parasitic diseases,15827,72,0.99,1,0.78,1.25
674.30 ,Other complications of obstetrical...,"Complications of pregnancy, childbirth,...",1986,9,0.99,1,0.45,1.88
911.0 ,"Abrasion or friction burn of trunk,...",Injury and poisoning,4201,19,0.99,1,0.59,1.55
704.01 ,Alopecia areata,Diseases of the skin and subcutaneous...,5098,23,0.99,1,0.62,1.48
914.0 ,Abrasion or friction burn of hand(s)...,Injury and poisoning,6369,29,0.99,1,0.67,1.43
916.9 ,Other and unspecified superficial...,Injury and poisoning,1984,9,0.99,1,0.45,1.89
370.40 ,"Keratoconjunctivitis, unspecified",Diseases of the nervous system,9755,44,0.99,1,0.71,1.32
070.3 ,Viral hepatitis B without mention...,Infectious and parasitic diseases,4230,19,0.98,1,0.59,1.53
805.6 ,Closed fracture of sacrum and...,Injury and poisoning,3113,14,0.98,1,0.54,1.65
379.21 ,Vitreous degeneration,Diseases of the nervous system,6335,28,0.97,0.9258290965,0.64,1.4
216 ,Benign neoplasm of skin,Neoplasms,9932,44,0.97,0.9404842972,0.7,1.3
692.1 ,Contact dermatitis and other eczema...,Diseases of the skin and subcutaneous...,5399,24,0.97,1,0.62,1.45
623.9 ,Unspecified noninflammatory disorder...,Diseases of the genitourinary...,2271,10,0.96,1,0.46,1.77
625.8 ,Other specified symptoms associated...,Diseases of the genitourinary...,2970,13,0.96,1,0.51,1.64
640.01 ,"Threatened abortion, delivered,...","Complications of pregnancy, childbirth,...",3417,15,0.96,1,0.54,1.58
216.7 ,Benign neoplasm of skin of lower...,Neoplasms,2504,11,0.96,1,0.48,1.72
674.90 ,"Unspecified complications of puerperium,...","Complications of pregnancy, childbirth,...",3414,15,0.96,1,0.54,1.59
371.89 ,Other corneal disorders,Diseases of the nervous system,3175,14,0.96,1,0.53,1.62
709.0 ,Dyschromia,Diseases of the skin and subcutaneous...,26903,118,0.96,0.6820671085,0.79,1.15
373.12 ,Hordeolum internum,Diseases of the nervous system,102613,446,0.95,0.2731327694,0.86,1.04
078.1 ,Viral warts,Infectious and parasitic diseases,69408,304,0.95,0.4557757094,0.85,1.07
112.9 ,Candidiasis of unspecified site,Infectious and parasitic diseases,7354,32,0.95,0.8624567729,0.65,1.34
737.30 ,"Scoliosis [and kyphoscoliosis],...",Diseases of the musculoskeletal...,8060,35,0.95,0.8683742824,0.66,1.32
680.0 ,Carbuncle and furuncle of face,Diseases of the skin and subcutaneous...,8006,35,0.95,0.8681263406,0.66,1.33
362.63 ,Lattice degeneration,Diseases of the nervous system,3907,17,0.95,1,0.55,1.52
616.3 ,Abscess of Bartholin's gland,Diseases of the genitourinary...,3217,14,0.95,1,0.52,1.6
269.2 ,Unspecified vitamin deficiency,"Endocrine, nutritional and metabolic...",2564,11,0.94,1,0.47,1.68
873.4 ,"Facial laceration, without mention...",Injury and poisoning,8551,37,0.94,0.8095389212,0.66,1.3
692.70 ,Unspecified dermatitis due to...,Diseases of the skin and subcutaneous...,6572,28,0.93,0.783599877,0.62,1.35
611 ,Other disorders of breast,Diseases of the genitourinary...,5646,24,0.93,0.8430393943,0.59,1.38
692.71 ,Sunburn,Diseases of the skin and subcutaneous...,1892,8,0.92,1,0.4,1.82
912.0 ,Abrasion or friction burn of shoulder...,Injury and poisoning,3308,14,0.92,0.8973070132,0.5,1.55
914.6 ,Superficial foreign body (splinter)...,Injury and poisoning,2618,11,0.92,1,0.46,1.65
919 ,"Superficial injury of other, multiple,...",Injury and poisoning,2837,12,0.92,1,0.48,1.62
919.9 ,Other and unspecified superficial...,Injury and poisoning,3101,13,0.92,0.8938246159,0.49,1.57
716.10 ,"Traumatic arthropathy, site unspecified",Diseases of the musculoskeletal...,2604,11,0.92,1,0.46,1.65
131.0 ,Urogenital trichomoniasis,Infectious and parasitic diseases,1913,8,0.91,1,0.39,1.8
798.0 ,Sudden infant death syndrome,"Comorbidities, signs, and ill-defined...",3586,15,0.91,0.9009942055,0.51,1.51
362.6 ,Peripheral retinal degeneration,Diseases of the nervous system,3848,16,0.91,0.8109258985,0.52,1.48
367.53 ,Spasm of accommodation,Diseases of the nervous system,4819,20,0.91,0.7486298375,0.55,1.4
705.81 ,Dyshidrosis,Diseases of the skin and subcutaneous...,62671,261,0.91,0.1243694084,0.8,1.03
706.2 ,Sebaceous cyst,Diseases of the skin and subcutaneous...,19140,80,0.91,0.4508392192,0.72,1.14
919.4 ,"Insect bite, nonvenomous, of other,...",Injury and poisoning,47011,197,0.91,0.2254000572,0.79,1.05
611.7 ,Signs and symptoms in breast,Diseases of the genitourinary...,2904,12,0.9,0.8900882541,0.47,1.58
372.54 ,Conjunctival concretions,Diseases of the nervous system,21290,88,0.9,0.3578930253,0.72,1.11
610 ,Benign mammary dysplasias,Diseases of the genitourinary...,4878,20,0.89,0.749264717,0.55,1.38
692.0 ,Contact dermatitis and other eczema...,Diseases of the skin and subcutaneous...,61042,248,0.88,0.0545951852,0.78,1
911.4 ,"Insect bite, nonvenomous of trunk,...",Injury and poisoning,2485,10,0.88,0.8810301566,0.42,1.62
659 ,Failed mechanical induction of...,"Complications of pregnancy, childbirth,...",3532,14,0.87,0.7075850861,0.47,1.45
371.20 ,"Corneal edema, unspecified",Diseases of the nervous system,4014,16,0.87,0.7243792752,0.5,1.42
709.2 ,Scar conditions and fibrosis of...,Diseases of the skin and subcutaneous...,10628,42,0.86,0.3865177529,0.62,1.17
373.2 ,Chalazion,Diseases of the nervous system,28550,111,0.85,0.0846276315,0.7,1.02
704.9 ,Unspecified disease of hair and...,Diseases of the skin and subcutaneous...,2814,11,0.85,0.7785920859,0.43,1.53
611.79 ,Other signs and symptoms in breast,Diseases of the genitourinary...,2839,11,0.85,0.6770866839,0.42,1.52
634.10 ,"Spontaneous abortion, complicated...","Complications of pregnancy, childbirth,...",2068,8,0.84,0.8694307198,0.36,1.67
637.92 ,"Unspecified abortion, without...","Complications of pregnancy, childbirth,...",5456,21,0.84,0.4821940299,0.52,1.29
643.90 ,"Unspecified vomiting of pregnancy,...","Complications of pregnancy, childbirth,...",4151,16,0.84,0.5651943207,0.48,1.37
555 ,Regional enteritis,Diseases of the digestive system,2089,8,0.84,0.7458621776,0.36,1.65
674.80 ,"Other complications of puerperium,...","Complications of pregnancy, childbirth,...",3380,13,0.84,0.6107189133,0.45,1.44
372.39 ,Other conjunctivitis,Diseases of the nervous system,8849,34,0.84,0.3430935544,0.58,1.17
372.53 ,Conjunctival xerosis,Diseases of the nervous system,3875,15,0.84,0.6325933118,0.47,1.4
625.5 ,Pelvic congestion syndrome,Diseases of the genitourinary...,4470,17,0.83,0.5061017755,0.48,1.33
238.3 ,Neoplasm of uncertain behavior...,Neoplasms,2093,8,0.83,0.7459038901,0.36,1.65
528.5 ,Diseases of lips,Diseases of the digestive system,9206,35,0.83,0.3134384288,0.58,1.15
696.5 ,Other and unspecified pityriasis,Diseases of the skin and subcutaneous...,5005,19,0.83,0.4636803078,0.5,1.3
370.00 ,"Corneal ulcer, unspecified",Diseases of the nervous system,11238,43,0.83,0.261719762,0.6,1.13
924.3 ,Contusion of toe,Injury and poisoning,2660,10,0.82,0.6652888365,0.39,1.51
374.89 ,Other disorders of eyelid,Diseases of the nervous system,2127,8,0.82,0.7466021977,0.35,1.62
527.2 ,Sialoadenitis,Diseases of the digestive system,2663,10,0.82,0.6653655557,0.39,1.51
239.3 ,Neoplasm of unspecified nature...,Neoplasms,6908,26,0.82,0.3709505395,0.54,1.2
883 ,Open wound of finger(s),Injury and poisoning,5066,19,0.82,0.4644483545,0.49,1.28
373.02 ,Squamous blepharitis,Diseases of the nervous system,1894,7,0.81,0.7324215808,0.32,1.67
695.3 ,Rosacea,Diseases of the skin and subcutaneous...,9426,35,0.81,0.2502099061,0.56,1.13
054 ,Herpes simplex,Infectious and parasitic diseases,2466,9,0.8,0.6523501773,0.36,1.51
070 ,Viral hepatitis,Infectious and parasitic diseases,2444,9,0.8,0.6515505492,0.37,1.53
360.89 ,Other disorders of globe,Diseases of the nervous system,3600,13,0.79,0.458495745,0.42,1.35
074.0 ,Herpangina,Infectious and parasitic diseases,3361,12,0.78,0.5202116107,0.4,1.36
696.3 ,Pityriasis rosea,Diseases of the skin and subcutaneous...,12838,46,0.78,0.1005031456,0.57,1.04
097.9 ,"Syphilis, unspecified",Infectious and parasitic diseases,2281,8,0.77,0.5361766209,0.33,1.51
639.9 ,Unspecified complication following...,"Complications of pregnancy, childbirth,...",7570,26,0.75,0.1471141584,0.49,1.1
693.8 ,Dermatitis due to other specified...,Diseases of the skin and subcutaneous...,15103,51,0.74,0.0289903685,0.55,0.97
639.8 ,Other specified complications...,"Complications of pregnancy, childbirth,...",2095,7,0.73,0.5159239384,0.29,1.5
706.0 ,Acne varioliformis,Diseases of the skin and subcutaneous...,71206,241,0.73,0.00000059498069,0.64,0.83
670.04 ,"Major puerperal infection, postpartum...","Complications of pregnancy, childbirth,...",2151,7,0.71,0.5191287438,0.28,1.47
959.8 ,"Other specified sites, including...",Injury and poisoning,2183,7,0.7,0.4272957106,0.28,1.44
706.1 ,Other acne,Diseases of the skin and subcutaneous...,371329,1277,0.7,7.509079e-33,0.66,0.75
371.24 ,Corneal edema due to wearing of...,Diseases of the nervous system,6817,22,0.7,0.1050751677,0.44,1.07
626.7 ,Postcoital bleeding,Diseases of the genitourinary...,3313,10,0.66,0.2433751715,0.32,1.21
692.81 ,Dermatitis due to cosmetics,Diseases of the skin and subcutaneous...,3963,12,0.66,0.192534451,0.34,1.15
724.7 ,Disorders of coccyx,Diseases of the musculoskeletal...,2038,6,0.64,0.4072008736,0.24,1.4
360.21 ,Progressive high (degenerative)...,Diseases of the nervous system,6117,17,0.61,0.0361536746,0.35,0.97
372.21 ,Angular blepharoconjunctivitis,Diseases of the nervous system,2172,6,0.6,0.263818169,0.22,1.31
924.8 ,"Contusion of multiple sites, not...",Injury and poisoning,2969,8,0.59,0.1703567227,0.25,1.16
634 ,Spontaneous abortion,"Complications of pregnancy, childbirth,...",2503,6,0.52,0.1350177761,0.19,1.14
