disease_2,disease_name,category,count,co_occurrence,odds_ratio,p_value,95_ci_lower,95_ci_upper
716.80 ,"Other specified arthropathy, site...",Diseases of the musculoskeletal...,2331,1119,7.18,< 0.0001,6.62,7.8
719.80 ,"Other specified disorders of joint,...",Diseases of the musculoskeletal...,1632,638,4.97,6.64802e-181,4.49,5.5
719.00 ,"Effusion of joint, site unspecified",Diseases of the musculoskeletal...,2255,724,3.66,8.20603e-150,3.35,4.01
715.31 ,"Osteoarthrosis, localized, not...",Diseases of the musculoskeletal...,4367,1254,3.13,2.91717e-210,2.93,3.35
727.01 ,Synovitis and tenosynovitis in...,Diseases of the musculoskeletal...,3296,916,2.98,3.41821e-144,2.76,3.22
715.10 ,"Osteoarthrosis, localized, primary,...",Diseases of the musculoskeletal...,6872,1861,2.9,7.61359e-277,2.74,3.06
715.89 ,"Osteoarthrosis involving, or with...",Diseases of the musculoskeletal...,1759,469,2.81,1.526259e-68,2.52,3.13
840.4 ,Rotator cuff (capsule) sprain,Injury and poisoning,3300,872,2.78,1.34388e-123,2.57,3.01
722.90 ,"Other and unspecified disc disorder,...",Diseases of the musculoskeletal...,3691,956,2.71,1.78632e-129,2.51,2.92
266.9 ,Unspecified vitamin B deficiency,"Endocrine, nutritional and metabolic...",1529,397,2.71,4.19098e-55,2.41,3.04
715.90 ,"Osteoarthrosis, unspecified whether...",Diseases of the musculoskeletal...,92155,21483,2.68,< 0.0001,2.64,2.73
727.04 ,Radial styloid tenosynovitis,Diseases of the musculoskeletal...,4437,1136,2.67,8.92656e-150,2.49,2.86
719.90 ,"Unspecified disorder of joint,...",Diseases of the musculoskeletal...,3893,991,2.65,4.05935e-129,2.46,2.85
727.03 ,Trigger finger (acquired),Diseases of the musculoskeletal...,17055,4265,2.64,< 0.0001,2.54,2.73
728.71 ,Plantar fascial fibromatosis,Diseases of the musculoskeletal...,4527,1142,2.62,1.39878e-145,2.45,2.8
727.3 ,Other bursitis,Diseases of the musculoskeletal...,1888,477,2.61,6.726253e-62,2.35,2.9
727.9 ,"Unspecified disorder of synovium,...",Diseases of the musculoskeletal...,5622,1414,2.61,1.24421e-178,2.46,2.78
727.05 ,Other tenosynovitis of hand and...,Diseases of the musculoskeletal...,6544,1633,2.59,1.76708e-202,2.44,2.74
727.06 ,Tenosynovitis of foot and ankle,Diseases of the musculoskeletal...,4528,1123,2.56,1.18408e-137,2.39,2.74
726.0 ,Adhesive capsulitis of shoulder,Diseases of the musculoskeletal...,39298,9358,2.55,< 0.0001,2.48,2.61
727.09 ,Other synovitis and tenosynovitis,Diseases of the musculoskeletal...,7608,1876,2.55,2.33913e-226,2.42,2.69
715.00 ,"Osteoarthrosis, generalized, site...",Diseases of the musculoskeletal...,12538,3076,2.55,< 0.0001,2.45,2.66
726.61 ,Pes anserinus tendinitis or bursitis,Diseases of the musculoskeletal...,1625,401,2.53,1.239793e-49,2.26,2.84
355.0 ,Lesion of sciatic nerve,Diseases of the nervous system,4546,1112,2.51,6.51953e-132,2.35,2.69
716.99 ,"Arthropathy, unspecified, multiple...",Diseases of the musculoskeletal...,4616,1128,2.51,1.83735e-133,2.34,2.69
715.18 ,"Osteoarthrosis, localized, primary,...",Diseases of the musculoskeletal...,2507,611,2.49,1.430943e-72,2.27,2.73
716.98 ,"Arthropathy, unspecified, other...",Diseases of the musculoskeletal...,5247,1272,2.49,2.31735e-147,2.33,2.65
726.19 ,Other specified disorders of bursae...,Diseases of the musculoskeletal...,9611,2319,2.48,1.08454e-265,2.37,2.6
726.73 ,Calcaneal spur,Diseases of the musculoskeletal...,2754,668,2.48,3.257761e-78,2.27,2.71
354.5 ,Mononeuritis multiplex,Diseases of the nervous system,1736,421,2.47,6.829976e-50,2.21,2.76
476.1 ,Chronic laryngotracheitis,Diseases of the respiratory system,2344,568,2.47,1.494972e-66,2.25,2.72
511.0 ,Pleurisy without mention of effusion...,Diseases of the respiratory system,1501,364,2.47,2.170462e-43,2.19,2.79
842.00 ,"Sprain of wrist, unspecified site",Injury and poisoning,4209,1018,2.47,1.18291e-117,2.3,2.66
716.91 ,"Arthropathy, unspecified, shoulder...",Diseases of the musculoskeletal...,1481,358,2.46,2.095916e-42,2.18,2.78
723.2 ,Cervicocranial syndrome,Diseases of the musculoskeletal...,3399,812,2.43,2.233754e-91,2.24,2.63
620.0 ,Follicular cyst of ovary,Diseases of the genitourinary...,1718,411,2.43,2.950479e-47,2.17,2.72
715.91 ,"Osteoarthrosis, unspecified whether...",Diseases of the musculoskeletal...,1490,357,2.43,2.232261e-41,2.15,2.74
727.0 ,Synovitis and tenosynovitis,Diseases of the musculoskeletal...,17644,4141,2.42,< 0.0001,2.33,2.51
716.16 ,"Traumatic arthropathy, lower leg",Diseases of the musculoskeletal...,1705,406,2.42,3.864779e-46,2.15,2.7
716.10 ,"Traumatic arthropathy, site unspecified",Diseases of the musculoskeletal...,3611,854,2.4,1.548936e-93,2.22,2.59
465.9 ,Acute upper respiratory infections...,Diseases of the respiratory system,676105,91258,2.39,< 0.0001,2.35,2.44
354.1 ,Other lesion of median nerve,Diseases of the nervous system,1854,437,2.38,2.924583e-48,2.14,2.66
721.8 ,Other allied disorders of spine,Diseases of the musculoskeletal...,1595,374,2.37,5.927055e-41,2.1,2.66
530.8 ,Other specified disorders of esophagus,Diseases of the digestive system,2284,535,2.37,7.75287e-58,2.14,2.61
719.45 ,"Pain in joint, pelvic region and...",Diseases of the musculoskeletal...,4403,1026,2.36,6.17436e-108,2.19,2.53
716.90 ,"Arthropathy, unspecified, site...",Diseases of the musculoskeletal...,65711,14413,2.35,< 0.0001,2.3,2.4
715.34 ,"Osteoarthrosis, localized, not...",Diseases of the musculoskeletal...,2442,568,2.34,3.080027e-60,2.13,2.58
719.40 ,"Pain in joint, site unspecified",Diseases of the musculoskeletal...,64468,14067,2.33,< 0.0001,2.28,2.37
306.7 ,Disorder of organs of special...,Mental disorders,1453,337,2.33,3.623325e-36,2.06,2.64
726.32 ,Lateral epicondylitis,Diseases of the musculoskeletal...,14813,3392,2.33,< 0.0001,2.24,2.43
726.11 ,Calcifying tendinitis of shoulder,Diseases of the musculoskeletal...,3917,902,2.32,2.741372e-92,2.15,2.5
713.8 ,Arthropathy associated with other...,Diseases of the musculoskeletal...,2443,564,2.32,9.684638e-59,2.11,2.55
476.0 ,Chronic laryngitis,Diseases of the respiratory system,3695,849,2.31,1.840151e-86,2.14,2.5
719.43 ,"Pain in joint, forearm",Diseases of the musculoskeletal...,1700,390,2.3,2.045254e-40,2.05,2.58
727.43 ,"Ganglion, unspecified",Diseases of the musculoskeletal...,4079,933,2.3,1.02656e-93,2.13,2.47
845.00 ,"Sprain of ankle, unspecified site",Injury and poisoning,9854,2232,2.28,2.06513e-217,2.18,2.4
726.31 ,Medial epicondylitis,Diseases of the musculoskeletal...,2105,480,2.28,1.533748e-48,2.06,2.53
386.50 ,"Labyrinthine dysfunction, unspecified",Diseases of the nervous system,2316,528,2.28,3.245948e-53,2.07,2.52
715.96 ,"Osteoarthrosis, unspecified whether...",Diseases of the musculoskeletal...,24759,5529,2.28,< 0.0001,2.21,2.35
723.9 ,Unspecified musculoskeletal disorders...,Diseases of the musculoskeletal...,3175,721,2.27,1.684647e-71,2.09,2.47
724.79 ,Other disorders of coccyx,Diseases of the musculoskeletal...,2003,455,2.27,1.165578e-45,2.04,2.52
726.71 ,Achilles bursitis or tendinitis,Diseases of the musculoskeletal...,3623,819,2.26,5.057517e-80,2.09,2.45
729.4 ,"Fasciitis, unspecified",Diseases of the musculoskeletal...,86951,18158,2.25,< 0.0001,2.21,2.29
788.5 ,Oliguria and anuria,"Comorbidities, signs, and ill-defined...",1493,336,2.24,2.436618e-33,1.98,2.54
715.09 ,"Osteoarthrosis, generalized, multiple...",Diseases of the musculoskeletal...,7008,1567,2.24,1.84628e-147,2.11,2.37
715.11 ,"Osteoarthrosis, localized, primary,...",Diseases of the musculoskeletal...,3323,747,2.24,5.418013e-72,2.07,2.44
722.91 ,"Other and unspecified disc disorder,...",Diseases of the musculoskeletal...,4781,1068,2.23,1.74938e-100,2.08,2.39
729.81 ,Swelling of limb,Diseases of the musculoskeletal...,2465,551,2.23,1.004582e-52,2.02,2.45
719.49 ,"Pain in joint, multiple sites",Diseases of the musculoskeletal...,12373,2738,2.22,1.51817e-250,2.13,2.32
724.00 ,"Spinal stenosis, unspecified region",Diseases of the musculoskeletal...,5726,1269,2.21,1.39089e-116,2.07,2.35
716.50 ,Unspecified polyarthropathy or...,Diseases of the musculoskeletal...,3894,864,2.21,4.596257e-80,2.04,2.38
840.9 ,Sprains and strains of unspecified...,Injury and poisoning,16604,3644,2.21,< 0.0001,2.13,2.29
721.1 ,Cervical spondylosis with myelopathy,Diseases of the musculoskeletal...,13748,3011,2.2,7.52343e-268,2.11,2.29
722.0 ,Displacement of cervical intervertebral...,Diseases of the musculoskeletal...,10035,2209,2.2,6.61064e-199,2.1,2.31
726.10 ,Disorders of bursae and tendons...,Diseases of the musculoskeletal...,12553,2756,2.2,1.30563e-246,2.11,2.3
729.2 ,"Neuralgia, neuritis, and radiculitis,...",Diseases of the musculoskeletal...,79268,16414,2.2,< 0.0001,2.16,2.24
715.14 ,"Osteoarthrosis, localized, primary,...",Diseases of the musculoskeletal...,2047,453,2.2,1.965004e-42,1.97,2.44
715.35 ,"Osteoarthrosis, localized, not...",Diseases of the musculoskeletal...,5221,1152,2.2,8.45401e-105,2.05,2.35
717.9 ,Unspecified internal derangement...,Diseases of the musculoskeletal...,4284,946,2.2,2.230809e-86,2.04,2.36
727.89 ,"Other disorders of synovium, tendon,...",Diseases of the musculoskeletal...,3142,693,2.19,1.452906e-63,2.01,2.38
716.5 ,Unspecified polyarthropathy or...,Diseases of the musculoskeletal...,1487,329,2.19,2.985912e-31,1.94,2.48
716.60 ,"Unspecified monoarthritis, site...",Diseases of the musculoskeletal...,2757,608,2.19,7.177023e-56,2,2.4
719.42 ,"Pain in joint, upper arm",Diseases of the musculoskeletal...,1704,375,2.18,6.47685e-35,1.94,2.45
728.89 ,"Other disorders of muscle, ligament,...",Diseases of the musculoskeletal...,13306,2904,2.18,1.35945e-255,2.1,2.28
715.17 ,"Osteoarthrosis, localized, primary,...",Diseases of the musculoskeletal...,2297,504,2.17,4.937942e-46,1.96,2.4
841.9 ,Sprains and strains of unspecified...,Injury and poisoning,5309,1162,2.17,3.04796e-103,2.03,2.32
719.47 ,"Pain in joint, ankle and foot",Diseases of the musculoskeletal...,6710,1458,2.16,1.22518e-126,2.03,2.29
719.8 ,Other specified disorders of joint,Diseases of the musculoskeletal...,1502,328,2.16,4.429418e-30,1.9,2.44
724.3 ,Sciatica,Diseases of the musculoskeletal...,79437,16247,2.16,< 0.0001,2.12,2.2
726.8 ,Other peripheral enthesopathies,Diseases of the musculoskeletal...,3630,791,2.16,7.734475e-70,1.99,2.34
723.8 ,Other syndromes affecting cervical...,Diseases of the musculoskeletal...,2839,618,2.15,8.025908e-55,1.97,2.35
728.85 ,Spasm of muscle,Diseases of the musculoskeletal...,7706,1667,2.15,6.19766e-143,2.03,2.27
722.2 ,Displacement of intervertebral...,Diseases of the musculoskeletal...,12720,2730,2.14,8.7889e-229,2.05,2.23
715.37 ,"Osteoarthrosis, localized, not...",Diseases of the musculoskeletal...,3061,664,2.14,3.364179e-58,1.96,2.34
844.8 ,Sprains and strains of other specified...,Injury and poisoning,2336,504,2.13,8.208622e-44,1.92,2.35
844.9 ,Sprains and strains of unspecified...,Injury and poisoning,14377,3076,2.13,1.09633e-255,2.05,2.22
722.73 ,Intervertebral disc disorder with...,Diseases of the musculoskeletal...,5969,1285,2.13,9.92042e-109,2,2.27
720.0 ,Ankylosing spondylitis,Diseases of the musculoskeletal...,4637,997,2.12,2.085961e-84,1.98,2.28
782.0 ,Disturbance of skin sensation,"Comorbidities, signs, and ill-defined...",2700,582,2.12,2.946763e-50,1.93,2.33
353.2 ,"Cervical root lesions, not elsewhere...",Diseases of the nervous system,12124,2578,2.11,3.58493e-210,2.02,2.2
354.0 ,Carpal tunnel syndrome,Diseases of the nervous system,33045,6910,2.11,< 0.0001,2.05,2.17
848.9 ,Unspecified site of sprain and...,Injury and poisoning,94525,18734,2.1,< 0.0001,2.06,2.14
714.9 ,Unspecified inflammatory polyarthropathy,Diseases of the musculoskeletal...,4269,911,2.1,1.390524e-75,1.95,2.26
715.15 ,"Osteoarthrosis, localized, primary,...",Diseases of the musculoskeletal...,3340,714,2.1,6.78938e-60,1.93,2.29
715.30 ,"Osteoarthrosis, localized, not...",Diseases of the musculoskeletal...,6894,1465,2.1,2.76319e-119,1.98,2.22
715.98 ,"Osteoarthrosis, unspecified whether...",Diseases of the musculoskeletal...,5200,1108,2.1,3.024852e-91,1.96,2.24
274.9 ,"Gout, unspecified","Endocrine, nutritional and metabolic...",48615,9971,2.09,< 0.0001,2.04,2.14
722.71 ,Intervertebral disc disorder with...,Diseases of the musculoskeletal...,2571,547,2.09,1.524291e-45,1.9,2.3
923.00 ,Contusion of shoulder region,Injury and poisoning,7341,1557,2.09,4.63679e-126,1.98,2.21
729.9 ,Other and unspecified disorders...,Diseases of the musculoskeletal...,7779,1651,2.09,7.49618e-134,1.98,2.21
721.0 ,Cervical spondylosis without myelopathy,Diseases of the musculoskeletal...,43106,8832,2.08,< 0.0001,2.03,2.13
724.2 ,Lumbago,Diseases of the musculoskeletal...,212065,38203,2.08,< 0.0001,2.05,2.11
726.2 ,"Other affections of shoulder region,...",Diseases of the musculoskeletal...,3397,719,2.08,1.239368e-58,1.91,2.26
354.2 ,Lesion of ulnar nerve,Diseases of the nervous system,1538,326,2.08,1.515309e-27,1.83,2.35
924.9 ,Contusion of unspecified site,Injury and poisoning,14269,2999,2.08,2.56183e-236,2,2.17
716.96 ,"Arthropathy, unspecified, lower...",Diseases of the musculoskeletal...,10122,2132,2.08,6.74165e-169,1.98,2.18
718.40 ,"Contracture of joint, site unspecified",Diseases of the musculoskeletal...,3588,757,2.07,4.945651e-61,1.91,2.24
523.9 ,Unspecified gingival and periodontal...,Diseases of the digestive system,7152,1507,2.07,1.12783e-119,1.96,2.2
715.16 ,"Osteoarthrosis, localized, primary,...",Diseases of the musculoskeletal...,35504,7297,2.07,< 0.0001,2.01,2.12
842.09 ,Other sprains and strains of wrist,Injury and poisoning,3463,731,2.07,4.433112e-59,1.91,2.25
722.10 ,Displacement of lumbar intervertebral...,Diseases of the musculoskeletal...,22599,4675,2.06,< 0.0001,1.99,2.13
723.3 ,Cervicobrachial syndrome (diffuse),Diseases of the musculoskeletal...,5794,1216,2.06,1.238536e-95,1.93,2.2
726.12 ,Bicipital tenosynovitis,Diseases of the musculoskeletal...,4532,953,2.06,1.116558e-75,1.92,2.22
719.44 ,"Pain in joint, hand",Diseases of the musculoskeletal...,4945,1036,2.05,4.065565e-81,1.92,2.2
300.8 ,Other neurotic disorders,Mental disorders,1395,293,2.05,2.556562e-24,1.8,2.34
726.90 ,Enthesopathy of unspecified site,Diseases of the musculoskeletal...,53298,10723,2.05,< 0.0001,2,2.09
729.1 ,"Myalgia and myositis, unspecified",Diseases of the musculoskeletal...,164029,30377,2.05,< 0.0001,2.02,2.08
719.46 ,"Pain in joint, lower leg",Diseases of the musculoskeletal...,18419,3803,2.04,1.13248e-284,1.97,2.12
614.6 ,"Pelvic peritoneal adhesions, female...",Diseases of the genitourinary...,2167,453,2.04,3.156687e-36,1.84,2.27
842.10 ,"Sprain of hand, unspecified site",Injury and poisoning,2685,560,2.04,5.717857e-44,1.85,2.24
575.1 ,Other cholecystitis,Diseases of the digestive system,2996,624,2.03,1.367835e-48,1.86,2.22
721.3 ,Lumbosacral spondylosis without...,Diseases of the musculoskeletal...,92408,17927,2.03,< 0.0001,1.99,2.06
692.3 ,Contact dermatitis and other eczema...,Diseases of the skin and subcutaneous...,7049,1460,2.03,4.93797e-110,1.91,2.15
842.01 ,Sprain of carpal (joint) of wrist,Injury and poisoning,1820,379,2.03,3.95487e-30,1.81,2.28
274.0 ,"Gouty arthropathy, unspecified","Endocrine, nutritional and metabolic...",36281,7323,2.02,< 0.0001,1.97,2.07
349.89 ,Other specified disorders of nervous...,Diseases of the nervous system,5176,1071,2.02,9.160298e-81,1.89,2.16
702.8 ,Other specified dermatoses,Diseases of the skin and subcutaneous...,4597,950,2.02,1.500614e-71,1.88,2.17
714.0 ,Rheumatoid arthritis,Diseases of the musculoskeletal...,26778,5409,2,< 0.0001,1.94,2.06
555.2 ,Regional enteritis of small intestine...,Diseases of the digestive system,3148,647,2,2.06696e-48,1.83,2.18
724.5 ,"Backache, unspecified",Diseases of the musculoskeletal...,152050,27903,1.99,< 0.0001,1.96,2.02
715.36 ,"Osteoarthrosis, localized, not...",Diseases of the musculoskeletal...,57168,11249,1.99,< 0.0001,1.95,2.04
719.41 ,"Pain in joint, shoulder region",Diseases of the musculoskeletal...,14670,2965,1.98,1.20788e-206,1.9,2.06
723.0 ,Spinal stenosis in cervical region,Diseases of the musculoskeletal...,6151,1253,1.98,8.693823e-90,1.86,2.11
726.1 ,"Rotator cuff syndrome of shoulder,...",Diseases of the musculoskeletal...,4494,914,1.98,1.460444e-65,1.84,2.13
355.8 ,"Mononeuritis of lower limb, unspecified",Diseases of the nervous system,1370,280,1.98,1.659581e-21,1.73,2.26
847.9 ,Sprain of unspecified site of...,Injury and poisoning,6995,1417,1.97,1.315898e-99,1.86,2.09
610.3 ,Fibrosclerosis of breast,Diseases of the genitourinary...,2275,462,1.97,8.520799e-34,1.77,2.18
308.0 ,Predominant disturbance of emotions,Mental disorders,4421,897,1.97,6.545901e-64,1.83,2.12
725 ,Polymyalgia rheumatica,Diseases of the musculoskeletal...,2359,479,1.97,6.394525e-35,1.78,2.18
824.8 ,"Unspecified fracture of ankle,...",Injury and poisoning,1575,320,1.97,6.64707e-24,1.74,2.23
300.89 ,Other somatoform disorders,Mental disorders,6801,1369,1.96,2.420506e-94,1.84,2.08
726.64 ,Patellar tendinitis,Diseases of the musculoskeletal...,1456,293,1.95,2.482077e-21,1.71,2.21
788.6 ,Other abnormality of urination,"Comorbidities, signs, and ill-defined...",1911,385,1.95,1.241904e-27,1.74,2.18
847.0 ,Sprain of neck,Injury and poisoning,20507,4068,1.94,1.34453e-267,1.88,2.01
780.52 ,"Insomnia, unspecified","Comorbidities, signs, and ill-defined...",108606,20207,1.94,< 0.0001,1.91,1.97
782.3 ,Edema,"Comorbidities, signs, and ill-defined...",39826,7766,1.94,< 0.0001,1.89,1.99
721.90 ,"Spondylosis of unspecified site,...",Diseases of the musculoskeletal...,29408,5765,1.93,< 0.0001,1.87,1.99
724.02 ,"Spinal stenosis, lumbar region,...",Diseases of the musculoskeletal...,19326,3816,1.93,6.49258e-247,1.86,2
729.82 ,Cramp of limb,Diseases of the musculoskeletal...,2182,436,1.93,2.387879e-30,1.73,2.14
715.26 ,"Osteoarthrosis, localized, secondary,...",Diseases of the musculoskeletal...,7422,1475,1.93,2.341993e-97,1.82,2.04
724.4 ,Thoracic or lumbosacral neuritis...,Diseases of the musculoskeletal...,9669,1917,1.92,2.73493e-125,1.83,2.02
843.9 ,Sprains and strains of unspecified...,Injury and poisoning,6602,1311,1.92,1.943233e-86,1.81,2.04
784.0 ,Headache,"Comorbidities, signs, and ill-defined...",236740,40012,1.91,< 0.0001,1.88,1.93
535.50 ,"Unspecified gastritis and gastroduodenitis,...",Diseases of the digestive system,127767,23209,1.91,< 0.0001,1.88,1.94
842.19 ,Other sprains and strains of hand,Injury and poisoning,1465,291,1.91,1.776543e-20,1.68,2.18
726.5 ,Enthesopathy of hip region,Diseases of the musculoskeletal...,2000,395,1.9,1.342341e-26,1.7,2.12
726.60 ,"Enthesopathy of knee, unspecified",Diseases of the musculoskeletal...,3492,688,1.9,8.250784e-45,1.74,2.06
923.8 ,Contusion of multiple sites of...,Injury and poisoning,1634,322,1.9,7.319106e-22,1.67,2.14
533.91 ,"Peptic ulcer of unspecified site,...",Diseases of the digestive system,2462,486,1.9,2.01791e-32,1.72,2.1
715.38 ,"Osteoarthrosis, localized, not...",Diseases of the musculoskeletal...,4389,864,1.9,7.891015e-56,1.76,2.04
848.8 ,Other specified sites of sprains...,Injury and poisoning,7447,1459,1.89,8.666686e-92,1.78,2
723.1 ,Cervicalgia,Diseases of the musculoskeletal...,36096,6921,1.89,< 0.0001,1.84,1.94
724.0 ,"Spinal stenosis, other than cervical",Diseases of the musculoskeletal...,2793,548,1.89,1.352883e-35,1.71,2.07
727.42 ,Ganglion of tendon sheath,Diseases of the musculoskeletal...,1712,337,1.89,1.026167e-22,1.67,2.13
729.0 ,"Rheumatism, unspecified and fibrositis",Diseases of the musculoskeletal...,11508,2245,1.89,1.06398e-138,1.8,1.98
693.1 ,Dermatitis due to food taken internally,Diseases of the skin and subcutaneous...,1770,348,1.89,2.562601e-23,1.68,2.13
112.3 ,Candidiasis of skin and nails,Infectious and parasitic diseases,1859,365,1.89,2.442814e-24,1.68,2.12
714.8 ,Other specified inflammatory polyarthropathies,Diseases of the musculoskeletal...,1378,271,1.89,1.450667e-18,1.65,2.16
353.8 ,Other nerve root and plexus disorders,Diseases of the nervous system,2194,430,1.88,3.791926e-28,1.69,2.09
716.59 ,Unspecified polyarthropathy or...,Diseases of the musculoskeletal...,2467,483,1.88,2.323853e-31,1.7,2.08
595.1 ,Chronic interstitial cystitis,Diseases of the genitourinary...,1648,321,1.87,5.158143e-21,1.65,2.11
721.91 ,"Spondylosis of unspecified site,...",Diseases of the musculoskeletal...,1850,360,1.87,2.629414e-23,1.66,2.1
923.20 ,Contusion of hand(s),Injury and poisoning,3790,739,1.87,2.126308e-46,1.73,2.03
692.1 ,Contact dermatitis and other eczema...,Diseases of the skin and subcutaneous...,2045,399,1.87,7.391811e-26,1.67,2.09
523.0 ,Acute gingivitis,Diseases of the digestive system,6848,1329,1.87,5.156493e-81,1.76,1.98
722 ,Intervertebral disc disorders,Diseases of the musculoskeletal...,4606,891,1.86,3.585517e-54,1.72,2
306.9 ,Unspecified psychophysiological...,Mental disorders,26576,5082,1.86,1.54015e-295,1.81,1.92
447.6 ,"Arteritis, unspecified",Diseases of the circulatory system,6437,1245,1.86,4.80056e-75,1.75,1.98
786.1 ,Stridor,"Comorbidities, signs, and ill-defined...",3495,679,1.86,2.801145e-42,1.71,2.03
847.1 ,Sprain of thoracic,Injury and poisoning,3650,705,1.85,7.008539e-43,1.7,2.01
722.93 ,"Other and unspecified disc disorder,...",Diseases of the musculoskeletal...,8615,1657,1.85,1.425084e-97,1.75,1.95
692.5 ,Contact dermatitis and other eczema...,Diseases of the skin and subcutaneous...,3196,617,1.85,9.638131e-38,1.69,2.02
705.1 ,Prickly heat,Diseases of the skin and subcutaneous...,4066,784,1.85,2.556577e-47,1.71,2
919.0 ,"Abrasion or friction burn of other,...",Injury and poisoning,11269,2153,1.84,1.38012e-123,1.75,1.93
726.4 ,Enthesopathy of wrist and carpus,Diseases of the musculoskeletal...,2790,537,1.84,1.050241e-32,1.67,2.03
923.3 ,Contusion of finger,Injury and poisoning,2190,421,1.84,6.617146e-26,1.65,2.05
354 ,Mononeuritis of upper limb and...,Diseases of the nervous system,1816,350,1.84,6.106349e-22,1.64,2.07
727 ,"Other disorders of synovium tendon,...",Diseases of the musculoskeletal...,9495,1820,1.84,7.82514e-106,1.75,1.94
924.20 ,Contusion of foot,Injury and poisoning,6662,1278,1.84,7.693904e-75,1.73,1.96
924.5 ,Contusion of unspecified part...,Injury and poisoning,6490,1243,1.84,2.268543e-72,1.72,1.95
756.12 ,Spondylolisthesis,Congenital anomalies,8885,1703,1.84,5.797733e-99,1.75,1.94
717.7 ,Chondromalacia of patella,Diseases of the musculoskeletal...,6073,1167,1.84,7.418218e-69,1.73,1.97
721.42 ,"Spondylosis with myelopathy, lumbar...",Diseases of the musculoskeletal...,15133,2877,1.83,2.88999e-162,1.76,1.91
459.9 ,Unspecified circulatory system...,Diseases of the circulatory system,4509,863,1.83,1.578901e-50,1.7,1.97
346.9 ,"Migraine, unspecified",Diseases of the nervous system,23042,4362,1.83,1.46348e-243,1.77,1.9
729.5 ,Pain in limb,Diseases of the musculoskeletal...,19095,3612,1.83,2.08371e-200,1.76,1.9
533.00 ,Acute peptic ulcer of unspecified...,Diseases of the digestive system,8250,1572,1.83,1.561806e-89,1.73,1.93
786.51 ,Precordial pain,"Comorbidities, signs, and ill-defined...",6195,1186,1.83,4.724241e-69,1.72,1.96
728 ,"Disorders of muscle, ligament,...",Diseases of the musculoskeletal...,14288,2704,1.82,6.46461e-150,1.74,1.9
070.9 ,Unspecified viral hepatitis without...,Infectious and parasitic diseases,8623,1638,1.82,3.681299e-92,1.72,1.92
780.4 ,Dizziness and giddiness,"Comorbidities, signs, and ill-defined...",254072,41448,1.82,< 0.0001,1.8,1.85
825.25 ,Closed fracture of metatarsal...,Injury and poisoning,3168,605,1.82,1.104604e-35,1.67,1.99
386.53 ,"Hypoactive labyrinth, unilateral",Diseases of the nervous system,2035,388,1.82,2.949103e-23,1.62,2.03
840.0 ,Acromioclavicular (joint) (ligament)...,Injury and poisoning,2005,382,1.82,6.010702e-23,1.62,2.03
846.0 ,Sprain of lumbosacral (joint)...,Injury and poisoning,2032,386,1.81,5.929784e-23,1.62,2.02
924.00 ,Contusion of thigh,Injury and poisoning,2582,489,1.81,2.711501e-28,1.63,1.99
728.8 ,"Other disorders of muscle, ligament...",Diseases of the musculoskeletal...,3385,643,1.81,4.736771e-37,1.66,1.98
738.4 ,Acquired spondylolisthesis,Diseases of the musculoskeletal...,12595,2380,1.81,3.44949e-131,1.73,1.9
785.0 ,"Tachycardia, unspecified","Comorbidities, signs, and ill-defined...",3313,628,1.81,5.622262e-36,1.65,1.97
719.4 ,Pain in joint,Diseases of the musculoskeletal...,19927,3718,1.8,4.81571e-196,1.73,1.86
722.52 ,Degeneration of lumbar or lumbosacral...,Diseases of the musculoskeletal...,2565,485,1.8,7.199049e-28,1.63,1.99
353.4 ,"Lumbosacral root lesions, not...",Diseases of the nervous system,8561,1613,1.8,3.322466e-88,1.71,1.9
923.21 ,Contusion of wrist,Injury and poisoning,3388,639,1.8,6.058666e-36,1.65,1.96
924.4 ,Contusion of multiple sites of...,Injury and poisoning,2276,430,1.8,8.042565e-25,1.62,2
782.2 ,"Localized superficial swelling,...","Comorbidities, signs, and ill-defined...",1632,309,1.8,1.757482e-18,1.59,2.04
533.90 ,"Peptic ulcer of unspecified site,...",Diseases of the digestive system,99866,17738,1.8,< 0.0001,1.77,1.83
535.00 ,"Acute gastritis, without mention...",Diseases of the digestive system,137382,23842,1.8,< 0.0001,1.77,1.83
816.00 ,Closed fracture of phalanx or...,Injury and poisoning,2336,442,1.8,1.092577e-25,1.62,2
844.1 ,Sprain of medial collateral ligament...,Injury and poisoning,2763,519,1.79,5.465492e-29,1.62,1.97
411.81 ,Acute coronary occlusion without...,Diseases of the circulatory system,1895,356,1.79,1.885516e-20,1.59,2.01
349.9 ,Unspecified disorders of nervous...,Diseases of the nervous system,20172,3757,1.79,8.89673e-197,1.73,1.86
354.9 ,"Mononeuritis of upper limb, unspecified",Diseases of the nervous system,2839,533,1.79,1.034098e-29,1.62,1.96
924.11 ,Contusion of knee,Injury and poisoning,13934,2597,1.79,5.40892e-136,1.71,1.86
356.9 ,Unspecified hereditary and idiopathic...,Diseases of the nervous system,14823,2768,1.79,5.65637e-146,1.72,1.87
829.0 ,"Fracture of unspecified bone,...",Injury and poisoning,3047,572,1.79,8.783187e-32,1.63,1.96
716.66 ,"Unspecified monoarthritis, lower...",Diseases of the musculoskeletal...,3947,742,1.79,5.118893e-41,1.65,1.94
845.09 ,Other sprains and strains of ankle,Injury and poisoning,5658,1059,1.78,7.216322e-57,1.67,1.91
719.89 ,"Other specified disorders of joint,...",Diseases of the musculoskeletal...,1438,270,1.78,8.100655e-16,1.56,2.04
720.9 ,Unspecified inflammatory spondylopathy,Diseases of the musculoskeletal...,1923,361,1.78,1.271568e-20,1.59,2
306.0 ,Musculoskeletal malfunction arising...,Mental disorders,1808,339,1.78,2.150229e-19,1.58,2.01
922.3 ,Contusion of back,Injury and poisoning,12182,2270,1.78,1.10094e-118,1.7,1.87
728.2 ,"Muscular wasting and disuse atrophy,...",Diseases of the musculoskeletal...,1545,289,1.78,1.152692e-16,1.56,2.02
370.4 ,Other and unsppecified keratoconjunctivitis,Diseases of the nervous system,1494,280,1.78,2.737447e-16,1.56,2.03
786.59 ,Other chest pain,"Comorbidities, signs, and ill-defined...",18078,3346,1.78,7.27701e-171,1.71,1.84
812.20 ,Closed fracture of unspecified...,Injury and poisoning,1860,349,1.78,6.468709e-20,1.58,2.01
435.0 ,Basilar artery syndrome,Diseases of the circulatory system,2886,537,1.77,5.985576e-29,1.61,1.94
724.8 ,Other symptoms referable to back,Diseases of the musculoskeletal...,2425,453,1.77,4.357373e-25,1.6,1.97
493.91 ,"Asthma, unspecified type, with...",Diseases of the respiratory system,5285,982,1.77,2.068848e-51,1.65,1.89
531.70 ,Chronic gastric ulcer without...,Diseases of the digestive system,8998,1672,1.77,1.07298e-86,1.68,1.87
805.6 ,Closed fracture of sacrum and...,Injury and poisoning,1388,259,1.77,0.000000000000005759164,1.54,2.03
300.9 ,Unspecified nonpsychotic mental...,Mental disorders,63188,11279,1.76,< 0.0001,1.72,1.79
307.81 ,Tension headache,Mental disorders,33704,6146,1.76,5.94705e-300,1.71,1.81
726.9 ,Unspecified enthesopathy,Diseases of the musculoskeletal...,8699,1611,1.76,1.496612e-82,1.67,1.86
785.1 ,Palpitations,"Comorbidities, signs, and ill-defined...",45701,8277,1.76,< 0.0001,1.72,1.81
786.50 ,"Chest pain, unspecified","Comorbidities, signs, and ill-defined...",51410,9271,1.76,< 0.0001,1.72,1.8
710.9 ,Unspecified diffuse connective...,Diseases of the musculoskeletal...,2487,461,1.76,8.847945e-25,1.58,1.95
715.3 ,"Osteoarthrosis, localized, not...",Diseases of the musculoskeletal...,8373,1548,1.76,7.716617e-79,1.66,1.86
728.9 ,"Unspecified disorder of muscle,...",Diseases of the musculoskeletal...,28140,5129,1.75,2.01853e-248,1.7,1.81
781.9 ,Other symptoms involving nervous...,"Comorbidities, signs, and ill-defined...",8876,1631,1.75,4.64006e-81,1.65,1.84
719.99 ,"Unspecified disorder of joint,...",Diseases of the musculoskeletal...,3946,726,1.74,4.433453e-37,1.61,1.89
722.1 ,Displacement of thoracic or lumbar...,Diseases of the musculoskeletal...,3146,579,1.74,6.199323e-30,1.59,1.91
922.1 ,Contusion of chest wall,Injury and poisoning,28025,5069,1.74,6.83145e-238,1.68,1.79
355.9 ,Mononeuritis of unspecified site,Diseases of the nervous system,3532,650,1.74,2.308448e-33,1.6,1.9
959.9 ,Unspecified site injury,Injury and poisoning,1527,281,1.74,0.000000000000003024741,1.52,1.98
493.90 ,"Asthma, unspecified type, unspecified",Diseases of the respiratory system,49064,8784,1.74,< 0.0001,1.7,1.79
524.60 ,"Temporomandibular joint disorders,...",Diseases of the digestive system,2853,524,1.74,5.865345e-27,1.58,1.91
528.5 ,Diseases of lips,Diseases of the digestive system,2349,432,1.74,1.246991e-22,1.56,1.93
807.00 ,"Closed fracture of rib(s), unspecified",Injury and poisoning,2721,501,1.74,3.653824e-26,1.58,1.92
813.83 ,Closed fracture of unspecified...,Injury and poisoning,1432,264,1.74,0.00000000000001498941,1.52,2
716.68 ,"Unspecified monoarthritis, other...",Diseases of the musculoskeletal...,2689,495,1.74,9.173374e-26,1.58,1.92
844.2 ,Sprain of cruciate ligament of...,Injury and poisoning,2956,541,1.73,1.953724e-27,1.57,1.9
845.10 ,"Sprain of foot, unspecified site",Injury and poisoning,3233,591,1.73,1.013713e-29,1.58,1.89
845.19 ,Other sprain of foot,Injury and poisoning,2909,533,1.73,3.717359e-27,1.57,1.91
780.50 ,"Sleep disturbance, unspecified","Comorbidities, signs, and ill-defined...",35557,6391,1.73,1.84439e-294,1.69,1.78
531.90 ,"Gastric ulcer, unspecified as...",Diseases of the digestive system,26437,4759,1.73,1.01881e-218,1.67,1.78
533.70 ,Chronic peptic ulcer of unspecified...,Diseases of the digestive system,17271,3130,1.73,7.55995e-147,1.66,1.8
715.1 ,"Osteoarthrosis, localized, primary",Diseases of the musculoskeletal...,4721,863,1.73,1.216525e-42,1.61,1.86
560.1 ,Paralytic ileus,Diseases of the digestive system,2552,468,1.73,3.609955e-24,1.57,1.92
575.0 ,Acute cholecystitis,Diseases of the digestive system,2766,504,1.72,3.257276e-25,1.56,1.9
848 ,Other and ill-defined sprains...,Injury and poisoning,2848,519,1.72,5.239059e-26,1.56,1.89
596.8 ,"Bladder disorder, NEC",Diseases of the genitourinary...,1808,329,1.72,6.09998e-17,1.52,1.94
117.9 ,Other and unspecified mycoses,Infectious and parasitic diseases,4077,742,1.72,3.29058e-36,1.59,1.86
782.1 ,Rash and other nonspecific skin...,"Comorbidities, signs, and ill-defined...",8164,1479,1.72,1.326363e-69,1.62,1.82
531.30 ,Acute gastric ulcer without mention...,Diseases of the digestive system,6589,1199,1.72,1.156395e-57,1.62,1.84
583.9 ,"Nephritis and nephropathy, not...",Diseases of the genitourinary...,8894,1607,1.71,1.148245e-74,1.62,1.81
723.4 ,"Brachial neuritis or radiculitis,...",Diseases of the musculoskeletal...,8742,1580,1.71,1.72137e-73,1.62,1.81
307.41 ,Transient disorder of initiating...,Mental disorders,8046,1454,1.71,9.625813e-68,1.61,1.81
924.21 ,Contusion of ankle,Injury and poisoning,3761,681,1.71,9.673489e-33,1.57,1.86
780.7 ,Malaise and fatigue,"Comorbidities, signs, and ill-defined...",63675,11161,1.71,< 0.0001,1.68,1.75
698.8 ,Other specified pruritic conditions,Diseases of the skin and subcutaneous...,8161,1476,1.71,5.828213e-69,1.62,1.81
214.1 ,Lipoma of other skin and subcutaneous...,Neoplasms,1945,353,1.71,7.873083e-18,1.52,1.92
715 ,Osteoarthrosis and allied disorders,Diseases of the musculoskeletal...,23072,4137,1.71,1.69597e-186,1.65,1.77
537.89 ,Other specified disorders of stomach...,Diseases of the digestive system,2128,386,1.71,2.078529e-19,1.53,1.91
558.9 ,Other and unspecified noninfectious...,Diseases of the digestive system,236066,37579,1.71,< 0.0001,1.69,1.73
385.32 ,Cholesteatoma of middle ear,Diseases of the nervous system,3060,555,1.71,3.327169e-27,1.56,1.88
847.2 ,Sprain of lumbar,Injury and poisoning,33160,5880,1.7,4.60313e-255,1.65,1.75
590.10 ,Acute pyelonephritis without lesion...,Diseases of the genitourinary...,9385,1685,1.7,2.735749e-76,1.61,1.79
879.6 ,Open wound of other and unspecified...,Injury and poisoning,1449,262,1.7,0.0000000000002026766,1.48,1.95
478.4 ,Polyp of vocal cord or larynx,Diseases of the respiratory system,4532,815,1.7,7.993762e-38,1.57,1.83
682.9 ,Cellulitis and abscess of unspecified...,Diseases of the skin and subcutaneous...,37074,6553,1.7,1.69856e-281,1.65,1.75
528.9 ,Other and unspecified diseases...,Diseases of the digestive system,33090,5864,1.7,9.88189e-254,1.65,1.75
805.8 ,Closed fracture of unspecified...,Injury and poisoning,1581,285,1.7,0.00000000000002362715,1.49,1.93
386.9 ,Unspecified vertiginous syndromes...,Diseases of the nervous system,28728,5103,1.7,4.21515e-222,1.65,1.75
595.89 ,Other specified types of cystitis,Diseases of the genitourinary...,1540,276,1.69,0.000000000000129447,1.47,1.92
595.9 ,"Cystitis, unspecified",Diseases of the genitourinary...,50638,8845,1.69,< 0.0001,1.65,1.73
724.1 ,Pain in thoracic spine,Diseases of the musculoskeletal...,2431,436,1.69,8.357369e-21,1.52,1.87
923.11 ,Contusion of elbow,Injury and poisoning,3262,584,1.69,4.905813e-27,1.54,1.84
959.7 ,"Knee, leg, ankle, and foot injury",Injury and poisoning,2199,395,1.69,4.341022e-19,1.51,1.89
300.00 ,"Anxiety state, unspecified",Mental disorders,94595,16078,1.68,< 0.0001,1.65,1.71
924.10 ,Contusion of lower leg,Injury and poisoning,4369,779,1.68,5.111563e-35,1.55,1.81
358.9 ,"Myoneural disorders, unspecified",Diseases of the nervous system,3422,611,1.68,5.377924e-28,1.54,1.83
692.79 ,Other dermatitis due to solar...,Diseases of the skin and subcutaneous...,4466,798,1.68,4.242002e-36,1.56,1.82
737.30 ,"Scoliosis [and kyphoscoliosis],...",Diseases of the musculoskeletal...,2038,364,1.68,2.52152e-17,1.49,1.88
533.30 ,Acute peptic ulcer of unspecified...,Diseases of the digestive system,8863,1580,1.68,1.878176e-69,1.59,1.78
840.8 ,Sprains and strains of other specified...,Injury and poisoning,3471,619,1.68,3.76926e-28,1.53,1.83
719.9 ,Unspecified disorder of joint,Diseases of the musculoskeletal...,2441,433,1.67,1.076421e-19,1.5,1.85
614.3 ,Acute parametritis and pelvic...,Diseases of the genitourinary...,5400,960,1.67,2.692565e-42,1.56,1.8
726.6 ,Enthesopathy of knee,Diseases of the musculoskeletal...,5336,949,1.67,6.993837e-42,1.56,1.8
923.9 ,Contusion of unspecified part...,Injury and poisoning,5410,960,1.67,5.789416e-42,1.55,1.79
466.0 ,Acute bronchitis,Diseases of the respiratory system,357021,52757,1.67,< 0.0001,1.64,1.69
692.4 ,Contact dermatitis and other eczema...,Diseases of the skin and subcutaneous...,12223,2160,1.67,3.431403e-91,1.59,1.75
733.1 ,Pathological fracture,Diseases of the musculoskeletal...,2231,396,1.67,3.45797e-18,1.49,1.86
528.2 ,Oral aphthae,Diseases of the digestive system,13634,2404,1.67,1.5933e-100,1.59,1.74
707.9 ,Chronic ulcer of unspecified site,Diseases of the skin and subcutaneous...,1908,339,1.67,7.407016e-16,1.48,1.88
787.3 ,"Flatulence, eructation, and gas...","Comorbidities, signs, and ill-defined...",38516,6712,1.67,3.1698e-271,1.62,1.72
713.5 ,Arthropathy associated with neurological...,Diseases of the musculoskeletal...,1904,338,1.67,9.307362e-16,1.48,1.88
573.8 ,Other specified disorders of liver,Diseases of the digestive system,4606,817,1.67,6.488062e-36,1.54,1.8
300.01 ,Panic disorder without agoraphobia,Mental disorders,3257,575,1.66,3.022579e-25,1.51,1.81
346.1 ,Common migraine,Diseases of the nervous system,5454,963,1.66,3.032161e-41,1.55,1.78
353.9 ,Unspecified nerve root and plexus...,Diseases of the nervous system,6778,1198,1.66,4.133177e-51,1.56,1.77
464.30 ,Acute epiglottitis without mention...,Diseases of the respiratory system,2837,502,1.66,2.255908e-22,1.5,1.83
478.6 ,Edema of larynx,Diseases of the respiratory system,1614,285,1.66,0.0000000000002700117,1.45,1.88
035 ,Erysipelas,Infectious and parasitic diseases,1381,245,1.66,0.00000000000789642,1.44,1.91
788.0 ,Renal colic,"Comorbidities, signs, and ill-defined...",8424,1483,1.66,6.26761e-62,1.56,1.75
272.4 ,Other and unspecified hyperlipidemia,"Endocrine, nutritional and metabolic...",124297,20532,1.65,< 0.0001,1.62,1.68
881.00 ,"Open wound of forearm, without...",Injury and poisoning,3609,636,1.65,1.697686e-27,1.52,1.8
300.09 ,Other anxiety states,Mental disorders,11349,1987,1.65,1.170335e-80,1.57,1.73
892.1 ,Open wound of foot except toe(s)...,Injury and poisoning,2209,389,1.65,2.508938e-17,1.48,1.84
443.9 ,"Peripheral vascular disease, unspecified",Diseases of the circulatory system,11720,2050,1.65,8.408701e-83,1.57,1.73
337.9 ,Unspecified disorder of autonomic...,Diseases of the nervous system,2242,394,1.65,1.848794e-17,1.47,1.84
346.0 ,Classical migraine,Diseases of the nervous system,2828,498,1.65,8.404381e-22,1.5,1.82
943.00 ,Burn of unspecified degree of...,Injury and poisoning,1964,346,1.65,0.000000000000001104519,1.47,1.86
698.9 ,Unspecified pruritic disorder,Diseases of the skin and subcutaneous...,36702,6349,1.65,1.29786e-247,1.61,1.7
706.8 ,Other specified diseases of sebaceous...,Diseases of the skin and subcutaneous...,2394,422,1.65,9.160954e-19,1.48,1.84
536.9 ,Unspecified functional disorder...,Diseases of the digestive system,177485,28572,1.65,< 0.0001,1.63,1.68
560.39 ,Other impaction of intestine,Diseases of the digestive system,1665,293,1.65,0.0000000000001971788,1.45,1.87
571.40 ,"Chronic hepatitis, unspecified",Diseases of the digestive system,103708,17300,1.65,< 0.0001,1.62,1.68
845.0 ,Sprains and strains of ankle,Injury and poisoning,2344,410,1.64,9.723578e-18,1.47,1.82
721.4 ,Thoracic or lumbar spondylosis...,Diseases of the musculoskeletal...,2775,487,1.64,4.730982e-21,1.49,1.81
429.9 ,"Heart disease, unspecified",Diseases of the circulatory system,14404,2502,1.64,6.767454e-98,1.57,1.71
922.9 ,Contusion of unspecified part...,Injury and poisoning,7059,1236,1.64,1.34237e-50,1.54,1.75
475 ,Peritonsillar abscess,Diseases of the respiratory system,5754,1005,1.64,5.438029e-41,1.53,1.75
944.00 ,Burn of unspecified degree of...,Injury and poisoning,1425,250,1.64,0.00000000001667253,1.43,1.88
229.8 ,Benign neoplasm of other specified...,Neoplasms,4447,779,1.64,1.581999e-32,1.52,1.78
386.00 ,"Minihre's disease, unspecified",Diseases of the nervous system,28145,4866,1.64,1.03387e-187,1.59,1.69
826.0 ,Closed fracture of one or more...,Injury and poisoning,3187,559,1.64,7.167675e-24,1.5,1.8
255.0 ,Cushing's syndrome,"Endocrine, nutritional and metabolic...",1397,245,1.64,0.00000000002528653,1.42,1.89
884.0 ,Multiple and unspecified open...,Injury and poisoning,18777,3237,1.63,1.83044e-122,1.56,1.69
350.1 ,Trigeminal neuralgia,Diseases of the nervous system,3189,555,1.63,5.485171e-23,1.48,1.79
924.01 ,Contusion of hip,Injury and poisoning,3355,584,1.63,3.618148e-24,1.49,1.78
528.0 ,Stomatitis,Diseases of the digestive system,19434,3352,1.63,3.77704e-127,1.57,1.69
530.9 ,Unspecified disorder of esophagus,Diseases of the digestive system,4029,701,1.63,1.254008e-28,1.5,1.77
531.00 ,"Acute gastric ulcer with hemorrhage,...",Diseases of the digestive system,2652,462,1.63,1.968727e-19,1.47,1.8
719.88 ,"Other specified disorders of joint,...",Diseases of the musculoskeletal...,2565,444,1.62,2.641493e-18,1.46,1.79
873.8 ,Other and unspecified open wound...,Injury and poisoning,2866,496,1.62,3.511897e-20,1.46,1.78
306.8 ,Other specified psychophysiological...,Mental disorders,6568,1136,1.62,2.935181e-44,1.52,1.73
894.0 ,Multiple and unspecified open...,Injury and poisoning,26076,4469,1.62,2.45148e-165,1.57,1.67
682.4 ,"Cellulitis and abscess of hand,...",Diseases of the skin and subcutaneous...,1860,322,1.62,0.0000000000001107159,1.43,1.82
531.40 ,Chronic or unspecified gastric...,Diseases of the digestive system,1619,281,1.62,0.000000000002946458,1.42,1.85
714 ,Rheumatoid arthritis and other...,Diseases of the musculoskeletal...,2143,372,1.62,8.730314e-16,1.45,1.81
716.9 ,"Arthropathy, unspecified",Diseases of the musculoskeletal...,33650,5749,1.62,7.22202e-211,1.58,1.67
843 ,Sprains and strains of hip and...,Injury and poisoning,1370,238,1.62,0.0000000001220633,1.4,1.87
414.9 ,"Chronic ischemic heart disease,...",Diseases of the circulatory system,65181,10922,1.61,< 0.0001,1.58,1.65
427.2 ,"Paroxysmal tachycardia, unspecified",Diseases of the circulatory system,3129,540,1.61,1.411426e-21,1.47,1.77
681.9 ,Cellulitis and abscess of unspecified...,Diseases of the skin and subcutaneous...,8894,1527,1.61,4.708433e-57,1.52,1.7
729 ,Other disorders of soft tissues,Diseases of the musculoskeletal...,2409,416,1.61,4.735125e-17,1.45,1.79
529.0 ,Glossitis,Diseases of the digestive system,2722,470,1.61,4.465883e-19,1.46,1.78
533.10 ,Acute peptic ulcer of unspecified...,Diseases of the digestive system,1507,260,1.61,0.00000000003505444,1.4,1.84
560.9 ,Unspecified intestinal obstruction,Diseases of the digestive system,3861,664,1.61,8.812922e-26,1.47,1.75
306 ,Physiological malfunction arising...,Mental disorders,3492,599,1.6,3.635887e-23,1.46,1.75
307.40 ,"Nonorganic sleep disorder, unspecified",Mental disorders,7109,1220,1.6,8.787885e-46,1.51,1.71
459.89 ,Other specified disorders of circulatory...,Diseases of the circulatory system,1823,313,1.6,0.0000000000007546781,1.41,1.81
958.3 ,Posttraumatic wound infection...,Injury and poisoning,9993,1709,1.6,1.547137e-62,1.52,1.69
054.2 ,Herpetic gingivostomatitis,Infectious and parasitic diseases,2121,365,1.6,0.000000000000005759342,1.43,1.8
729.8 ,Other musculoskeletal symptoms...,Diseases of the musculoskeletal...,1954,336,1.6,0.00000000000008609205,1.42,1.8
789.0 ,Abdominal pain,"Comorbidities, signs, and ill-defined...",245770,37506,1.6,< 0.0001,1.58,1.62
716.56 ,Unspecified polyarthropathy or...,Diseases of the musculoskeletal...,1676,288,1.6,0.000000000005267553,1.41,1.82
847 ,Sprains and strains of other and...,Injury and poisoning,1667,285,1.59,0.00000000001071956,1.4,1.81
924.3 ,Contusion of toe,Injury and poisoning,1752,299,1.59,0.000000000004175755,1.4,1.8
949.0 ,"Burn of unspecified site, unspecified...",Injury and poisoning,7208,1230,1.59,6.034834e-45,1.5,1.7
682.0 ,Cellulitis and abscess of face,Diseases of the skin and subcutaneous...,2908,496,1.59,5.711583e-19,1.44,1.75
131.00 ,"Urogenital trichomoniasis, unspecified",Infectious and parasitic diseases,2682,457,1.59,1.458613e-17,1.43,1.76
780.59 ,Other sleep disturbances,"Comorbidities, signs, and ill-defined...",7719,1313,1.59,3.601203e-47,1.49,1.69
215.9 ,Other benign neoplasm of connective...,Neoplasms,4479,765,1.59,1.346452e-28,1.47,1.72
216.6 ,Benign neoplasm of skin of upper...,Neoplasms,2408,411,1.59,5.33772e-16,1.43,1.77
715.0 ,"Osteoarthrosis, generalized",Diseases of the musculoskeletal...,5353,911,1.59,3.190483e-33,1.48,1.7
564.9 ,Unspecified functional disorder...,Diseases of the digestive system,94669,15424,1.59,< 0.0001,1.56,1.61
569.9 ,Unspecified disorder of intestine,Diseases of the digestive system,4938,841,1.59,6.843285e-31,1.47,1.71
277.9 ,Unspecified disorder of metabolism,"Endocrine, nutritional and metabolic...",1576,268,1.58,0.0000000000942131,1.38,1.81
922.2 ,Contusion of abdominal wall,Injury and poisoning,2384,406,1.58,0.000000000000001107085,1.42,1.76
353 ,Nerve root and plexus disorders,Diseases of the nervous system,3139,533,1.58,7.037485e-20,1.44,1.74
682.8 ,Cellulitis and abscess of other...,Diseases of the skin and subcutaneous...,4084,693,1.58,2.444187e-25,1.45,1.71
111.9 ,"Dermatomycosis, unspecified",Infectious and parasitic diseases,4244,720,1.58,3.2168e-26,1.46,1.71
535.10 ,"Atrophic gastritis, without mention...",Diseases of the digestive system,2963,503,1.58,7.324275e-19,1.43,1.74
721 ,Spondylosis and allied disorders,Diseases of the musculoskeletal...,10813,1822,1.57,3.657242e-62,1.49,1.65
428.9 ,"Heart failure, unspecified",Diseases of the circulatory system,7494,1260,1.57,6.071494e-43,1.47,1.66
599.0 ,"Urinary tract infection, site...",Diseases of the genitourinary...,146247,23071,1.57,< 0.0001,1.54,1.59
911.0 ,"Abrasion or friction burn of trunk,...",Injury and poisoning,2090,354,1.57,0.0000000000001536662,1.4,1.77
922.8 ,Contusion of multiple sites of...,Injury and poisoning,2723,459,1.57,9.224221e-17,1.41,1.73
478.0 ,Hypertrophy of nasal turbinates,Diseases of the respiratory system,6246,1055,1.57,5.907565e-37,1.47,1.68
686.9 ,Unspecified local infection of...,Diseases of the skin and subcutaneous...,65152,10696,1.57,< 0.0001,1.54,1.61
813.81 ,Closed fracture of unspecified...,Injury and poisoning,3720,628,1.57,1.361215e-22,1.44,1.71
386.12 ,Vestibular neuronitis,Diseases of the nervous system,13274,2236,1.57,6.282155e-76,1.5,1.65
840 ,Sprains and strains of shoulder...,Injury and poisoning,2632,445,1.57,1.693626e-16,1.42,1.74
573.3 ,"Hepatitis, unspecified",Diseases of the digestive system,19545,3278,1.57,6.57135e-109,1.51,1.63
574.00 ,Calculus of gallbladder with acute...,Diseases of the digestive system,3401,575,1.57,6.014724e-21,1.43,1.72
274.89 ,Gout with other specified manifestations,"Endocrine, nutritional and metabolic...",1411,237,1.56,0.0000000032580214,1.35,1.79
581.9 ,Nephrotic syndrome with unspecified...,Diseases of the genitourinary...,5045,846,1.56,6.249665e-29,1.44,1.68
413.0 ,Angina decubitus,Diseases of the circulatory system,2054,346,1.56,0.0000000000005867502,1.39,1.76
278.0 ,Obesity,"Endocrine, nutritional and metabolic...",7538,1265,1.56,1.051875e-42,1.47,1.66
592.9 ,"Urinary calculus, unspecified",Diseases of the genitourinary...,23288,3882,1.56,2.62482e-125,1.51,1.62
596.9 ,Unspecified disorder of bladder,Diseases of the genitourinary...,1752,295,1.56,0.00000000002655018,1.37,1.77
473.8 ,Other chronic sinusitis,Diseases of the respiratory system,2528,424,1.56,0.000000000000002704946,1.4,1.73
945.00 ,Burn of unspecified degree of...,Injury and poisoning,2237,377,1.56,0.0000000000000483832,1.4,1.75
627.9 ,Unspecified menopausal and postmenopausal...,Diseases of the genitourinary...,102637,16477,1.56,< 0.0001,1.53,1.59
693.0 ,Dermatitis due to drugs and medicines...,Diseases of the skin and subcutaneous...,4996,839,1.56,7.143914e-29,1.45,1.68
698 ,Pruritus and related conditions,Diseases of the skin and subcutaneous...,4444,747,1.56,5.634996e-26,1.44,1.69
215.2 ,Other benign neoplasm of connective...,Neoplasms,1544,260,1.56,0.0000000003926135,1.36,1.79
535.0 ,Acute gastritis,Diseases of the digestive system,31704,5255,1.56,7.61364e-166,1.51,1.61
794.8 ,Nonspecific abnormal results of...,"Comorbidities, signs, and ill-defined...",16368,2731,1.56,2.072417e-88,1.49,1.62
715.9 ,"Osteoarthrosis, unspecified whether...",Diseases of the musculoskeletal...,26378,4391,1.56,4.98772e-141,1.51,1.62
716 ,Other and unspecified arthropathies,Diseases of the musculoskeletal...,8746,1467,1.56,3.629926e-49,1.47,1.65
839.8 ,"Closed dislocation, multiple and...",Injury and poisoning,3471,583,1.56,1.475828e-20,1.42,1.71
882.0 ,Open wound of hand except finger(s)...,Injury and poisoning,10053,1671,1.55,2.20246e-53,1.47,1.63
724.9 ,Other unspecified back disorders,Diseases of the musculoskeletal...,16049,2664,1.55,4.952852e-84,1.48,1.62
923.10 ,Contusion of forearm,Injury and poisoning,1366,229,1.55,0.0000000066359257,1.34,1.79
924.1 ,Contusion of knee and lower leg,Injury and poisoning,1712,286,1.55,0.0000000001231618,1.36,1.76
478.9 ,Other and unspecified diseases...,Diseases of the respiratory system,9760,1624,1.55,3.198373e-52,1.47,1.63
681.11 ,Onychia and paronychia of toe,Diseases of the skin and subcutaneous...,7013,1170,1.55,1.843392e-38,1.45,1.65
493.20 ,"Chronic obstructive asthma, unspecified",Diseases of the respiratory system,4024,672,1.55,8.509005e-23,1.42,1.68
780.3 ,Convulsions,"Comorbidities, signs, and ill-defined...",2452,411,1.55,0.000000000000007845077,1.39,1.73
708.9 ,"Urticaria, unspecified",Diseases of the skin and subcutaneous...,81017,13082,1.55,< 0.0001,1.52,1.58
787.7 ,Abnormal feces,"Comorbidities, signs, and ill-defined...",3504,585,1.55,4.744156e-20,1.41,1.69
381.60 ,"Obstruction of Eustachian tube,...",Diseases of the nervous system,1378,230,1.55,0.0000000098757496,1.34,1.78
388.70 ,"Otalgia, unspecified",Diseases of the nervous system,2331,389,1.55,0.00000000000007576832,1.38,1.73
844 ,Sprains and strains of knee and...,Injury and poisoning,1851,309,1.55,0.00000000002594466,1.36,1.75
845 ,Sprains and strains of ankle and...,Injury and poisoning,2071,345,1.54,0.000000000002588776,1.37,1.73
597.80 ,"Urethritis, unspecified",Diseases of the genitourinary...,19083,3147,1.54,4.53181e-96,1.48,1.6
891.0 ,"Open wound of knee, leg [except...",Injury and poisoning,19081,3149,1.54,1.684303e-96,1.48,1.6
913.0 ,"Abrasion or friction burn of elbow,...",Injury and poisoning,4254,706,1.54,3.3552e-23,1.42,1.67
465.0 ,Acute laryngopharyngitis,Diseases of the respiratory system,169199,26107,1.54,< 0.0001,1.52,1.56
680.9 ,Carbuncle and furuncle of unspecified...,Diseases of the skin and subcutaneous...,17459,2885,1.54,6.236903e-89,1.48,1.6
681.02 ,Onychia and paronychia of finger,Diseases of the skin and subcutaneous...,5490,914,1.54,4.065758e-30,1.44,1.66
683 ,Acute lymphadenitis,Diseases of the skin and subcutaneous...,2249,375,1.54,0.0000000000002575587,1.38,1.73
698.2 ,Prurigo,Diseases of the skin and subcutaneous...,43570,7106,1.54,3.24829e-208,1.5,1.58
700 ,Corns and callosities,Diseases of the skin and subcutaneous...,7050,1167,1.54,5.589944e-37,1.44,1.64
533.50 ,Chronic or unspecified peptic...,Diseases of the digestive system,3177,528,1.54,6.790989e-18,1.4,1.69
535.40 ,"Other specified gastritis, without...",Diseases of the digestive system,25984,4281,1.54,2.35961e-130,1.49,1.6
805.2 ,Closed fracture of dorsal [thoracic]...,Injury and poisoning,1421,236,1.54,0.000000010135882,1.33,1.77
805.4 ,Closed fracture of lumbar vertebra...,Injury and poisoning,5568,925,1.54,3.8504e-30,1.43,1.65
564.0 ,Constipation,Diseases of the digestive system,78406,12622,1.54,< 0.0001,1.51,1.58
402.90 ,Unspecified hypertensive heart...,Diseases of the circulatory system,80421,12845,1.53,< 0.0001,1.5,1.56
414.0 ,Coronary atherosclerosis,Diseases of the circulatory system,34737,5674,1.53,3.07059e-166,1.49,1.58
719.48 ,"Pain in joint, other specified...",Diseases of the musculoskeletal...,5208,858,1.53,6.498891e-27,1.42,1.64
890.0 ,"Open wound of hip and thigh, without...",Injury and poisoning,2272,376,1.53,0.0000000000007088477,1.37,1.71
455.6 ,Unspecified hemorrhoids without...,Diseases of the circulatory system,24429,4002,1.53,3.0153e-118,1.48,1.58
614.0 ,Acute salpingitis and oophoritis,Diseases of the genitourinary...,4066,672,1.53,9.991419e-22,1.41,1.66
614.9 ,Unspecified inflammatory disease...,Diseases of the genitourinary...,52288,8457,1.53,5.35271e-239,1.49,1.57
615.0 ,Acute inflammatory diseases of...,Diseases of the genitourinary...,4121,682,1.53,3.484832e-22,1.41,1.66
474.0 ,Chronic tonsillitis,Diseases of the respiratory system,5042,833,1.53,1.403716e-26,1.42,1.65
627.8 ,Other specified menopausal and...,Diseases of the genitourinary...,17404,2866,1.53,8.68005e-87,1.47,1.6
366.17 ,Total or mature cataract,Diseases of the nervous system,1459,242,1.53,0.0000000060899765,1.33,1.76
786.9 ,Other symptoms involving respiratory...,"Comorbidities, signs, and ill-defined...",2442,404,1.53,0.0000000000001050456,1.37,1.7
239.3 ,Neoplasm of unspecified nature...,Neoplasms,6839,1126,1.53,8.685436e-35,1.43,1.63
239.8 ,"Neoplasms of unspecified nature,...",Neoplasms,1682,279,1.53,0.0000000004787749,1.34,1.75
716.65 ,"Unspecified monoarthritis, pelvic...",Diseases of the musculoskeletal...,1403,232,1.53,0.000000017315357,1.32,1.76
592.0 ,Calculus of kidney,Diseases of the genitourinary...,25844,4197,1.52,2.01171e-118,1.46,1.57
854.00 ,Intracranial injury of other and...,Injury and poisoning,6697,1100,1.52,1.5812e-33,1.42,1.62
427.9 ,"Cardiac dysrhythmia, unspecified",Diseases of the circulatory system,46132,7436,1.52,7.69784e-205,1.48,1.56
429.2 ,"Cardiovascular disease, unspecified",Diseases of the circulatory system,3459,568,1.52,4.672582e-18,1.38,1.66
721.9 ,Spondylosis of unspecified site,Diseases of the musculoskeletal...,3856,634,1.52,4.658997e-20,1.39,1.66
454.9 ,Asymptomatic varicose veins,Diseases of the circulatory system,7682,1260,1.52,6.028175e-38,1.43,1.61
914.0 ,Abrasion or friction burn of hand(s)...,Injury and poisoning,2544,419,1.52,0.00000000000006376403,1.37,1.69
917.0 ,Abrasion or friction burn of foot...,Injury and poisoning,3824,630,1.52,3.333058e-20,1.4,1.66
919.8 ,Other and unspecified superficial...,Injury and poisoning,1484,244,1.52,0.000000013016169,1.32,1.74
998.5 ,Postoperative infection,Injury and poisoning,4244,696,1.52,1.3894e-21,1.4,1.65
008.8 ,Intestinal infection due to other...,Infectious and parasitic diseases,1409,232,1.52,0.000000023915123,1.32,1.75
493.00 ,"Extrinsic asthma, unspecified",Diseases of the respiratory system,6657,1091,1.52,6.711183e-33,1.42,1.62
686.8 ,Other specified local infections...,Diseases of the skin and subcutaneous...,26851,4370,1.52,7.77264e-125,1.47,1.57
703.0 ,Ingrowing nail,Diseases of the skin and subcutaneous...,1673,276,1.52,0.0000000011418164,1.33,1.74
786.09 ,Other respiratory abnormalities,"Comorbidities, signs, and ill-defined...",10737,1763,1.52,6.427575e-53,1.45,1.6
790.6 ,Other abnormal blood chemistry,"Comorbidities, signs, and ill-defined...",8789,1444,1.52,9.965018e-44,1.44,1.61
255.4 ,Corticoadrenal insufficiency,"Endocrine, nutritional and metabolic...",1649,272,1.52,0.0000000014089588,1.33,1.74
289.3 ,"Lymphadenitis, unspecified, except...",Diseases of the blood and blood-forming...,2302,376,1.51,0.00000000000416088,1.35,1.68
893.0 ,"Open wound of toe(s), without...",Injury and poisoning,4687,766,1.51,2.958167e-23,1.4,1.63
916.0 ,"Abrasion or friction burn of hip,...",Injury and poisoning,11950,1942,1.51,4.161565e-55,1.43,1.58
491.20 ,Obstructive chronic bronchitis...,Diseases of the respiratory system,6431,1052,1.51,1.612671e-31,1.41,1.62
695.89 ,Other specified erythematous conditions,Diseases of the skin and subcutaneous...,2703,443,1.51,0.00000000000002743194,1.36,1.68
211.5 ,Benign neoplasm of liver and biliary...,Neoplasms,3710,606,1.51,1.31546e-18,1.38,1.65
708.0 ,Allergic urticaria,Diseases of the skin and subcutaneous...,31313,5054,1.51,2.09552e-138,1.46,1.56
788.4 ,Frequency of urination and polyuria,"Comorbidities, signs, and ill-defined...",24921,4042,1.51,3.59697e-113,1.46,1.56
788.9 ,Other symptoms involving urinary...,"Comorbidities, signs, and ill-defined...",1998,327,1.51,0.00000000007044625,1.34,1.7
560.81 ,Intestinal or peritoneal adhesions...,Diseases of the digestive system,1487,244,1.51,0.000000013779115,1.31,1.74
388.31 ,Subjective tinnitus,Diseases of the nervous system,2163,353,1.51,0.00000000001957861,1.34,1.69
413.9 ,Other and unspecified angina pectoris,Diseases of the circulatory system,36209,5793,1.5,1.39705e-151,1.45,1.54
854.01 ,Intracranial injury of other and...,Injury and poisoning,3517,573,1.5,1.749559e-17,1.37,1.65
879.8 ,Open wound(s) (multiple) of unspecified...,Injury and poisoning,10030,1626,1.5,1.080591e-45,1.42,1.58
892.0 ,Open wound of foot except toe(s)...,Injury and poisoning,12157,1972,1.5,2.216924e-55,1.43,1.58
472.0 ,Chronic rhinitis,Diseases of the respiratory system,38568,6185,1.5,2.48085e-164,1.46,1.54
478 ,Other diseases of upper respiratory...,Diseases of the respiratory system,3067,498,1.5,0.000000000000003936326,1.36,1.65
487.1 ,Influenza with other respiratory...,Diseases of the respiratory system,125827,19402,1.5,< 0.0001,1.47,1.52
682.6 ,"Cellulitis and abscess of leg,...",Diseases of the skin and subcutaneous...,5590,906,1.5,4.731191e-26,1.39,1.61
054.9 ,Herpes simplex without mention...,Infectious and parasitic diseases,12643,2049,1.5,2.773985e-57,1.43,1.57
733.00 ,"Osteoporosis, unspecified",Diseases of the musculoskeletal...,128192,19827,1.5,< 0.0001,1.48,1.53
530.1 ,Esophagitis,Diseases of the digestive system,30590,4923,1.5,1.41102e-132,1.46,1.55
532.90 ,"Duodenal ulcer, unspecified as...",Diseases of the digestive system,20691,3342,1.5,2.366969e-91,1.45,1.56
533.0 ,"Peptic ulcer, site unspecified...",Diseases of the digestive system,2616,425,1.5,0.0000000000003532744,1.35,1.66
386.10 ,"Peripheral vertigo, unspecified",Diseases of the nervous system,15392,2486,1.5,5.696736e-68,1.43,1.56
386.19 ,Other peripheral vertigo,Diseases of the nervous system,4732,770,1.5,7.530708e-23,1.39,1.62
405.99 ,Other unspecified secondary hypertension,Diseases of the circulatory system,4433,717,1.49,1.009984e-20,1.37,1.62
300.4 ,Dysthymic disorder,Mental disorders,38725,6159,1.49,4.38118e-156,1.45,1.53
883.0 ,"Open wound of finger(s), without...",Injury and poisoning,20318,3257,1.49,1.993217e-85,1.43,1.54
306.2 ,Cardiovascular malfunction arising...,Mental disorders,4813,778,1.49,2.706578e-22,1.38,1.61
627.2 ,Symptomatic menopausal or female...,Diseases of the genitourinary...,333109,47231,1.49,< 0.0001,1.47,1.51
491.9 ,Unspecified chronic bronchitis,Diseases of the respiratory system,47067,7490,1.49,5.28737e-192,1.46,1.53
053.10 ,Herpes zoster with unspecified...,Infectious and parasitic diseases,1748,283,1.49,0.0000000041594661,1.31,1.69
053.19 ,Herpes zoster with other nervous...,Infectious and parasitic diseases,1901,308,1.49,0.00000000081084,1.32,1.69
692.9 ,"Contact dermatitis and other eczema,...",Diseases of the skin and subcutaneous...,216226,32124,1.49,< 0.0001,1.47,1.52
783.2 ,Abnormal loss of weight,"Comorbidities, signs, and ill-defined...",5100,823,1.49,2.704733e-23,1.38,1.6
784.1 ,Throat pain,"Comorbidities, signs, and ill-defined...",13897,2241,1.49,6.938015e-61,1.43,1.56
787.0 ,Nausea and vomiting,"Comorbidities, signs, and ill-defined...",38554,6138,1.49,1.85169e-156,1.45,1.53
216.7 ,Benign neoplasm of skin of lower...,Neoplasms,1810,293,1.49,0.0000000024882968,1.31,1.69
712 ,Crystal arthropathies,Diseases of the musculoskeletal...,1509,244,1.49,0.000000055198089,1.29,1.71
219.1 ,Benign neoplasm of corpus uteri,Neoplasms,1421,230,1.49,0.00000011279528,1.29,1.72
239.9 ,"Neoplasm of unspecified nature,...",Neoplasms,1590,257,1.49,0.000000025446497,1.3,1.7
823.00 ,Closed fracture of upper end of...,Injury and poisoning,1713,277,1.49,0.0000000072207917,1.3,1.69
574.20 ,Calculus of gallbladder without...,Diseases of the digestive system,18474,2963,1.49,6.461926e-78,1.43,1.55
718.4 ,Contracture of joint,Diseases of the musculoskeletal...,2094,337,1.48,0.0000000002966576,1.31,1.66
276.5 ,Volume depletion,"Endocrine, nutritional and metabolic...",5950,957,1.48,2.368748e-26,1.38,1.59
590.80 ,"Pyelonephritis, unspecified",Diseases of the genitourinary...,2662,427,1.48,0.000000000002144411,1.33,1.64
595.0 ,Acute cystitis,Diseases of the genitourinary...,90670,14089,1.48,< 0.0001,1.45,1.51
726 ,Peripheral enthesopathies and...,Diseases of the musculoskeletal...,4246,683,1.48,2.745249e-19,1.36,1.61
464.20 ,Acute laryngotracheitis without...,Diseases of the respiratory system,45453,7204,1.48,5.07351e-180,1.45,1.52
472.1 ,Chronic pharyngitis,Diseases of the respiratory system,34887,5542,1.48,4.48829e-139,1.44,1.53
110.5 ,Dermatophytosis of the body,Infectious and parasitic diseases,12011,1923,1.48,2.250205e-50,1.41,1.55
788.3 ,Incontinence of urine,"Comorbidities, signs, and ill-defined...",16319,2617,1.48,7.951747e-69,1.42,1.55
799.8 ,Other ill-defined conditions,"Comorbidities, signs, and ill-defined...",4703,756,1.48,4.09862e-21,1.37,1.6
810.00 ,"Closed fracture of clavicle, unspecified...",Injury and poisoning,2299,370,1.48,0.00000000003974703,1.32,1.66
386.0 ,Meniere's disease,Diseases of the nervous system,6240,1000,1.48,5.801051e-27,1.38,1.58
455.2 ,Internal hemorrhoids with other...,Diseases of the circulatory system,4848,776,1.47,4.294989e-21,1.36,1.59
614.5 ,"Acute or unspecified pelvic peritonitis,...",Diseases of the genitourinary...,7421,1188,1.47,1.304273e-31,1.38,1.57
616.50 ,"Ulceration of vulva, unspecified",Diseases of the genitourinary...,2225,356,1.47,0.0000000001791868,1.31,1.65
357.4 ,Polyneuropathy in other diseases...,Diseases of the nervous system,6064,967,1.47,2.041826e-25,1.37,1.57
473.0 ,Chronic maxillary sinusitis,Diseases of the respiratory system,2467,395,1.47,0.00000000001756467,1.32,1.64
927.3 ,Crushing injury of finger(s),Injury and poisoning,1858,297,1.47,0.0000000062741402,1.29,1.66
627.0 ,Premenopausal menorrhagia,Diseases of the genitourinary...,2750,440,1.47,0.000000000001332918,1.32,1.63
009.1 ,"Colitis, enteritis, and gastroenteritis...",Infectious and parasitic diseases,14117,2252,1.47,1.320312e-57,1.41,1.54
704.8 ,Other specified diseases of hair...,Diseases of the skin and subcutaneous...,10073,1610,1.47,5.989904e-42,1.4,1.56
708.8 ,Other specified urticaria,Diseases of the skin and subcutaneous...,8609,1375,1.47,7.121541e-36,1.39,1.56
564.8 ,Other specified function disorder...,Diseases of the digestive system,22047,3495,1.47,5.306702e-86,1.41,1.52
719 ,Other and unspecified disorders...,Diseases of the musculoskeletal...,2447,390,1.46,0.00000000004324778,1.31,1.63
588.9 ,Unspecified disorder resulting...,Diseases of the genitourinary...,5284,841,1.46,4.534749e-22,1.36,1.58
848.0 ,Sprain of septal cartilage of...,Injury and poisoning,2359,375,1.46,0.0000000001350946,1.3,1.63
424.90 ,"Endocarditis, valve unspecified,...",Diseases of the circulatory system,1628,259,1.46,0.000000089574964,1.27,1.67
590.9 ,"Infection of kidney, unspecified",Diseases of the genitourinary...,4648,739,1.46,1.848701e-19,1.35,1.58
592.1 ,Calculus of ureter,Diseases of the genitourinary...,16147,2550,1.46,1.733579e-61,1.4,1.52
883.1 ,"Open wound of finger(s), complicated",Injury and poisoning,3848,612,1.46,2.235381e-16,1.34,1.59
311 ,"Depressive disorder, not elsewhere...",Mental disorders,9449,1496,1.46,4.650259e-37,1.38,1.54
464.1 ,Acute tracheitis,Diseases of the respiratory system,12830,2036,1.46,1.264877e-50,1.39,1.53
616.8 ,Other specified inflammatory diseases...,Diseases of the genitourinary...,6801,1082,1.46,6.524685e-28,1.37,1.56
478.8 ,Upper respiratory tract hypersensitivity...,Diseases of the respiratory system,2843,453,1.46,0.00000000000108481,1.32,1.62
131.01 ,Trichomonal vulvovaginitis,Infectious and parasitic diseases,3473,552,1.46,0.000000000000007089318,1.33,1.6
706.3 ,Seborrhea,Diseases of the skin and subcutaneous...,5308,842,1.46,1.06059e-21,1.35,1.57
786.5 ,Chest pain,"Comorbidities, signs, and ill-defined...",27255,4303,1.46,1.31479e-103,1.42,1.51
564.1 ,Irritable bowel syndrome,Diseases of the digestive system,64074,9940,1.46,2.68734e-222,1.43,1.49
401.9 ,Unspecified essential hypertension,Diseases of the circulatory system,229443,33503,1.46,< 0.0001,1.44,1.48
574.50 ,Calculus of bile duct without...,Diseases of the digestive system,2791,442,1.45,0.000000000005624721,1.31,1.61
437.0 ,Cerebral atherosclerosis,Diseases of the circulatory system,7357,1159,1.45,3.439633e-28,1.36,1.54
891.1 ,"Open wound of knee, leg [except...",Injury and poisoning,4100,648,1.45,1.066665e-16,1.33,1.58
310.2 ,Postconcussion syndrome,Mental disorders,2854,451,1.45,0.000000000004255077,1.31,1.6
462 ,Acute pharyngitis,Diseases of the respiratory system,202808,29677,1.45,< 0.0001,1.42,1.47
616.10 ,"Vaginitis and vulvovaginitis,...",Diseases of the genitourinary...,133806,20121,1.45,< 0.0001,1.43,1.47
473.9 ,Unspecified sinusitis (chronic),Diseases of the respiratory system,21433,3368,1.45,1.05423e-78,1.4,1.51
477.9 ,"Allergic rhinitis, cause unspecified",Diseases of the respiratory system,95181,14519,1.45,9.67475e-302,1.42,1.48
478.5 ,Other diseases of vocal cords,Diseases of the respiratory system,26815,4208,1.45,1.126344e-97,1.4,1.5
977.9 ,Poisoning by unspecified drug...,Injury and poisoning,1606,254,1.45,0.00000017692126,1.26,1.66
627.4 ,Symptomatic states associated...,Diseases of the genitourinary...,2204,349,1.45,0.0000000008425264,1.29,1.63
524.62 ,"Temporomandibular joint disorders,...",Diseases of the digestive system,1628,257,1.45,0.00000021003014,1.26,1.65
112.1 ,Candidiasis of vulva and vagina,Infectious and parasitic diseases,38487,5994,1.45,6.30547e-134,1.41,1.49
530.2 ,Ulcer of esophagus,Diseases of the digestive system,3233,511,1.45,0.0000000000001688806,1.32,1.59
372.53 ,Conjunctival xerosis,Diseases of the nervous system,4784,758,1.45,1.407052e-19,1.34,1.57
372.71 ,Hyperemia of conjunctiva,Diseases of the nervous system,2639,418,1.45,0.00000000001886564,1.31,1.61
709.9 ,Unspecified disorder of skin and...,Diseases of the skin and subcutaneous...,40433,6312,1.45,2.24469e-143,1.41,1.49
535.5 ,Unspecified gastritis & gastroduodenitis,Diseases of the digestive system,18993,2978,1.45,1.106961e-68,1.39,1.5
813.42 ,Other closed fractures of distal...,Injury and poisoning,1984,314,1.45,0.0000000067066026,1.28,1.64
388.30 ,"Tinnitus, unspecified",Diseases of the nervous system,26750,4191,1.45,2.215004e-96,1.4,1.5
389.9 ,Unspecified hearing loss,Diseases of the nervous system,9911,1565,1.45,3.802708e-38,1.37,1.53
424.0 ,Mitral valve disorders,Diseases of the circulatory system,19640,3070,1.44,1.56274e-69,1.39,1.5
300.02 ,Generalized anxiety disorder,Mental disorders,16231,2541,1.44,3.667316e-58,1.38,1.5
611.0 ,Inflammatory disease of breast,Diseases of the genitourinary...,3763,593,1.44,0.00000000000000377297,1.32,1.58
614.8 ,Other specified inflammatory disease...,Diseases of the genitourinary...,2701,425,1.44,0.00000000003211151,1.3,1.6
461.9 ,"Acute sinusitis, unspecified",Diseases of the respiratory system,170060,25082,1.44,< 0.0001,1.41,1.46
353.1 ,Lumbosacral plexus lesions,Diseases of the nervous system,2810,441,1.44,0.0000000000190365,1.3,1.59
995.2 ,Unspecified adverse effect od...,Injury and poisoning,1434,226,1.44,0.0000011550851,1.25,1.67
482.9 ,"Bacterial pneumonia, unspecified",Diseases of the respiratory system,3217,507,1.44,0.0000000000003384599,1.31,1.59
070.51 ,Acute hepatitis C without mention...,Infectious and parasitic diseases,11849,1859,1.44,2.115804e-43,1.37,1.52
111.0 ,Pityriasis versicolor,Infectious and parasitic diseases,4331,682,1.44,3.422988e-17,1.33,1.57
372.00 ,"Acute conjunctivitis, unspecified",Diseases of the nervous system,104789,15891,1.44,< 0.0001,1.42,1.47
386.2 ,Vertigo of central origin,Diseases of the nervous system,11472,1798,1.44,9.891377e-42,1.37,1.52
388.8 ,Other disorders of ear,Diseases of the nervous system,2888,455,1.44,0.000000000005636755,1.3,1.6
250.80 ,Diabetes with other specified...,"Endocrine, nutritional and metabolic...",3693,581,1.44,0.000000000000008929175,1.32,1.58
285.9 ,"Anemia, unspecified",Diseases of the blood and blood-forming...,31394,4864,1.43,1.05035e-104,1.39,1.48
910.0 ,"Abrasion or friction burn of face,...",Injury and poisoning,4072,636,1.43,0.000000000000002220786,1.31,1.56
724 ,Other and unspecified disorders...,Diseases of the musculoskeletal...,7620,1192,1.43,8.614236e-28,1.35,1.53
916.1 ,"Abrasion or friction burn of hip,...",Injury and poisoning,1955,306,1.43,0.000000033977076,1.26,1.62
460 ,Acute nasopharyngitis [common...,Diseases of the respiratory system,322748,44970,1.43,< 0.0001,1.41,1.45
464.10 ,Acute tracheitis without mention...,Diseases of the respiratory system,102521,15419,1.43,3.97088e-293,1.4,1.45
487.8 ,Influenza with other manifestations,Diseases of the respiratory system,20359,3153,1.43,2.004014e-67,1.37,1.48
493.0 ,Extrinsic asthma,Diseases of the respiratory system,1430,223,1.43,0.0000031309753,1.23,1.65
784 ,Symptoms involving head and neck,"Comorbidities, signs, and ill-defined...",4043,632,1.43,0.000000000000002169273,1.31,1.56
532.40 ,Chronic or unspecified duodenal...,Diseases of the digestive system,1520,237,1.43,0.0000015501298,1.24,1.64
786.2 ,Cough,"Comorbidities, signs, and ill-defined...",87022,13206,1.43,2.47493e-262,1.4,1.46
555.9 ,Regional enteritis of unspecified...,Diseases of the digestive system,9511,1480,1.43,3.856423e-33,1.35,1.51
411.89 ,Other acute and subacute forms...,Diseases of the circulatory system,3983,618,1.42,0.00000000000001797528,1.3,1.55
593.9 ,Unspecified disorder of kidney...,Diseases of the genitourinary...,2917,454,1.42,0.00000000003593159,1.28,1.57
873.40 ,"Open wound of face, unspecified...",Injury and poisoning,8303,1284,1.42,6.442993e-28,1.33,1.5
595.2 ,Other chronic cystitis,Diseases of the genitourinary...,3076,478,1.42,0.00000000001386196,1.29,1.57
437.9 ,Unspecified cerebrovascular disease,Diseases of the circulatory system,10771,1669,1.42,3.002997e-36,1.35,1.5
461.8 ,Other acute sinusitis,Diseases of the respiratory system,10557,1636,1.42,1.377276e-35,1.35,1.5
616.11 ,Vaginitis and vulvovaginitis in...,Diseases of the genitourinary...,16357,2525,1.42,4.808055e-53,1.36,1.48
357.2 ,Polyneuropathy in diabetes,Diseases of the nervous system,5091,788,1.42,8.393532e-18,1.31,1.53
680 ,Carbuncle and furuncle,Diseases of the skin and subcutaneous...,2274,354,1.42,0.0000000050811078,1.27,1.6
680.0 ,Carbuncle and furuncle of face,Diseases of the skin and subcutaneous...,3706,575,1.42,0.0000000000001626366,1.3,1.55
110.4 ,Dermatophytosis of foot,Infectious and parasitic diseases,54366,8275,1.42,1.00641e-161,1.38,1.45
371.42 ,Recurrent erosion of cornea,Diseases of the nervous system,2859,445,1.42,0.00000000005117941,1.28,1.58
780.6 ,Fever,"Comorbidities, signs, and ill-defined...",51938,7914,1.42,1.72349e-155,1.38,1.45
214.9 ,"Lipoma, unspecified site",Neoplasms,3089,479,1.42,0.00000000001859893,1.28,1.56
374.30 ,"Ptosis of eyelid, unspecified",Diseases of the nervous system,1787,278,1.42,0.00000022692073,1.25,1.62
229.9 ,Benign neoplasm of unspecified...,Neoplasms,1793,278,1.42,0.00000029169026,1.24,1.61
250.00 ,Diabetes mellitus without mention...,"Endocrine, nutritional and metabolic...",121503,18077,1.42,< 0.0001,1.39,1.44
574.0 ,Calculus of gallbladder with acute...,Diseases of the digestive system,2428,378,1.42,0.0000000015407728,1.27,1.59
272.2 ,Mixed hyperlipidemia,"Endocrine, nutritional and metabolic...",60509,9196,1.42,4.56548e-179,1.39,1.45
276.9 ,Electrolyte and fluid disorders...,"Endocrine, nutritional and metabolic...",2458,379,1.41,0.0000000042398149,1.26,1.57
427.0 ,Paroxysmal supraventricular tachycardia,Diseases of the circulatory system,4317,666,1.41,0.000000000000006422239,1.3,1.53
296.30 ,"Major depressive affective disorder,...",Mental disorders,2919,452,1.41,0.00000000008010369,1.28,1.56
596.5 ,Other functional disorders of...,Diseases of the genitourinary...,9687,1488,1.41,9.426583e-31,1.33,1.49
453.8 ,"Venous thrombosis, NEC",Diseases of the circulatory system,1528,236,1.41,0.00000302727,1.22,1.62
455.8 ,Unspecified hemorrhoids with other...,Diseases of the circulatory system,7650,1179,1.41,3.150531e-25,1.32,1.5
616.4 ,Other abscess of vulva,Diseases of the genitourinary...,1523,236,1.41,0.0000023893755,1.23,1.63
465.8 ,Acute upper respiratory infections...,Diseases of the respiratory system,90426,13509,1.41,3.9611e-241,1.38,1.43
625.9 ,Unspecified symptom associated...,Diseases of the genitourinary...,2999,464,1.41,0.00000000004585132,1.28,1.56
478.1 ,Other diseases of nasal cavity...,Diseases of the respiratory system,20336,3121,1.41,4.435322e-63,1.36,1.47
995.3 ,"Allergy, unspecified, not elsewhere...",Injury and poisoning,11079,1710,1.41,2.830934e-36,1.34,1.49
366.50 ,"After-cataract, unspecified",Diseases of the nervous system,2945,455,1.41,0.00000000009697404,1.27,1.56
496 ,"Chronic airway obstruction, not...",Diseases of the respiratory system,20740,3178,1.41,1.350762e-63,1.35,1.46
694.0 ,Dermatitis herpetiformis,Diseases of the skin and subcutaneous...,1757,272,1.41,0.00000048535437,1.24,1.61
698.4 ,Dermatitis factitia [artefacta],Diseases of the skin and subcutaneous...,5150,796,1.41,8.687581e-18,1.31,1.52
787.9 ,Other symptoms involving digestive...,"Comorbidities, signs, and ill-defined...",8633,1329,1.41,4.728021e-28,1.33,1.49
239.0 ,Neoplasm of unspecified nature...,Neoplasms,3001,463,1.41,0.00000000008181795,1.27,1.56
540.9 ,Acute appendicitis without mention...,Diseases of the digestive system,2673,412,1.41,0.0000000009306718,1.26,1.56
386.11 ,Benign paroxysmal positional vertigo,Diseases of the nervous system,9998,1542,1.41,1.129365e-32,1.34,1.49
571.0 ,Alcoholic fatty liver,Diseases of the digestive system,2320,358,1.41,0.000000010659928,1.25,1.58
414.8 ,Other specified forms of chronic...,Diseases of the circulatory system,7764,1191,1.4,1.005654e-24,1.32,1.49
429.3 ,Cardiomegaly,Diseases of the circulatory system,3223,495,1.4,0.00000000003362518,1.27,1.54
435.1 ,Vertebral artery syndrome,Diseases of the circulatory system,3075,471,1.4,0.0000000001395165,1.26,1.54
597.89 ,Other urethritis,Diseases of the genitourinary...,4332,664,1.4,0.00000000000002237222,1.29,1.52
437.8 ,Other ill-defined cerebrovascular...,Diseases of the circulatory system,2089,320,1.4,0.00000013714417,1.24,1.57
307.42 ,Persistent disorder of initiating...,Mental disorders,7620,1166,1.4,7.36251e-24,1.31,1.49
919.4 ,"Insect bite, nonvenomous, of other,...",Injury and poisoning,10393,1587,1.4,1.422112e-31,1.32,1.47
461.0 ,Acute maxillary sinusitis,Diseases of the respiratory system,9174,1403,1.4,2.609331e-28,1.32,1.48
463 ,Acute tonsillitis,Diseases of the respiratory system,227077,32295,1.4,< 0.0001,1.38,1.42
618.1 ,Uterine prolapse without mention...,Diseases of the genitourinary...,2214,340,1.4,0.000000041013531,1.24,1.57
622.0 ,Erosion and ectropion of cervix,Diseases of the genitourinary...,26462,4022,1.4,3.019577e-76,1.35,1.45
623.5 ,"Leukorrhea, not specified as infective",Diseases of the genitourinary...,24700,3767,1.4,4.959901e-73,1.35,1.45
625.3 ,Dysmenorrhea,Diseases of the genitourinary...,4567,701,1.4,0.000000000000003232923,1.29,1.52
989.5 ,Toxic effect of venom,Injury and poisoning,3613,554,1.4,0.000000000003151432,1.27,1.53
682.7 ,"Cellulitis and abscess of foot,...",Diseases of the skin and subcutaneous...,2781,428,1.4,0.0000000005306065,1.26,1.56
367.53 ,Spasm of accommodation,Diseases of the nervous system,6648,1021,1.4,1.441304e-21,1.31,1.5
690 ,Erythematosquamous dermatosis,Diseases of the skin and subcutaneous...,11954,1831,1.4,6.590534e-37,1.33,1.47
372.10 ,"Chronic conjunctivitis, unspecified",Diseases of the nervous system,181206,26157,1.4,< 0.0001,1.38,1.42
372.12 ,Chronic follicular conjunctivitis,Diseases of the nervous system,3942,604,1.4,0.0000000000003455557,1.28,1.52
532.70 ,Chronic duodenal ulcer without...,Diseases of the digestive system,9768,1500,1.4,5.418279e-31,1.33,1.48
533.7 ,"Peptic ulcer, site unspecified,...",Diseases of the digestive system,1441,221,1.4,0.0000111198,1.21,1.61
379.99 ,Other ill-defined disorders of...,Diseases of the nervous system,4779,734,1.4,6.948637e-16,1.29,1.52
239.2 ,Neoplasm of unspecified nature...,Neoplasms,3060,471,1.4,0.00000000007105483,1.27,1.55
381.00 ,"Acute nonsuppurative otitis media,...",Diseases of the nervous system,2135,328,1.4,0.000000061635664,1.24,1.58
571.41 ,Chronic persistent hepatitis,Diseases of the digestive system,8095,1237,1.4,4.905574e-25,1.31,1.48
571.8 ,Other chronic nonalcoholic liver...,Diseases of the digestive system,13064,2004,1.4,1.136393e-40,1.34,1.47
300.0 ,Anxiety states,Mental disorders,42611,6412,1.39,1.35835e-114,1.35,1.43
300.5 ,Neurasthenia,Mental disorders,3375,516,1.39,0.00000000002585236,1.27,1.53
599.9 ,Unspecified disorder of urethra...,Diseases of the genitourinary...,7622,1160,1.39,5.634527e-23,1.3,1.48
455.3 ,External hemorrhoids without mention...,Diseases of the circulatory system,1937,296,1.39,0.00000046205856,1.23,1.58
458.9 ,"Hypotension, unspecified",Diseases of the circulatory system,1411,215,1.39,0.0000195703,1.19,1.61
491.1 ,Mucopurulent chronic bronchitis,Diseases of the respiratory system,5901,898,1.39,4.607967e-18,1.29,1.49
368.13 ,Visual discomfort,Diseases of the nervous system,65876,9841,1.39,9.27339e-171,1.36,1.42
371.89 ,Other corneal disorders,Diseases of the nervous system,1626,248,1.39,0.0000049767382,1.21,1.59
698.1 ,Pruritus of genital organs,Diseases of the skin and subcutaneous...,20687,3143,1.39,1.968123e-59,1.34,1.45
708.1 ,Idiopathic urticaria,Diseases of the skin and subcutaneous...,4552,695,1.39,0.00000000000001285344,1.28,1.51
813.41 ,Closed Colles' fracture,Injury and poisoning,3155,480,1.39,0.0000000002393164,1.25,1.53
242.90 ,Thyrotoxicosis without mention...,"Endocrine, nutritional and metabolic...",13561,2067,1.39,3.382896e-40,1.33,1.46
823.80 ,Closed fracture of unspecified...,Injury and poisoning,1778,272,1.39,0.0000012273342,1.22,1.59
250.60 ,"Diabetes with neurological manifestations,...","Endocrine, nutritional and metabolic...",16728,2541,1.39,3.71319e-48,1.33,1.45
850.9 ,"Concussion, unspecified",Injury and poisoning,6728,1016,1.38,2.695673e-19,1.28,1.47
854.0 ,Intracranial injury of other and...,Injury and poisoning,1852,281,1.38,0.0000016696776,1.21,1.57
427.89 ,Other specified cardiac dysrhythmias,Diseases of the circulatory system,8190,1242,1.38,6.568697e-24,1.3,1.47
854.09 ,Intracranial injury of other and...,Injury and poisoning,1914,290,1.38,0.0000012090088,1.21,1.56
593.2 ,"Cyst of kidney, acquired",Diseases of the genitourinary...,1831,277,1.38,0.0000025185072,1.21,1.56
428.0 ,"Congestive heart failure, unspecified",Diseases of the circulatory system,12912,1948,1.38,1.63651e-35,1.31,1.45
882.1 ,Open wound of hand except finger(s)...,Injury and poisoning,1388,211,1.38,0.0000291061,1.19,1.6
440.9 ,Generalized and unspecified atherosclerosis,Diseases of the circulatory system,7214,1093,1.38,4.559521e-21,1.29,1.47
357.9 ,Unspecified inflammatory and toxic...,Diseases of the nervous system,1807,274,1.38,0.0000021821638,1.21,1.57
053.9 ,Herpes zoster without mention...,Infectious and parasitic diseases,21518,3251,1.38,3.188869e-59,1.33,1.44
684 ,Impetigo,Diseases of the skin and subcutaneous...,2342,355,1.38,0.000000080506332,1.23,1.54
692.70 ,Unspecified dermatitis due to...,Diseases of the skin and subcutaneous...,2252,341,1.38,0.00000016083523,1.22,1.55
733.09 ,Other osteoporosis,Diseases of the musculoskeletal...,4958,752,1.38,0.000000000000004732272,1.28,1.49
110.9 ,Dermatophytosis of unspecified...,Infectious and parasitic diseases,19820,2996,1.38,7.879511e-55,1.33,1.44
780.2 ,Syncope and collapse,"Comorbidities, signs, and ill-defined...",10622,1604,1.38,1.258999e-29,1.3,1.45
693.9 ,Dermatitis due to unspecified...,Diseases of the skin and subcutaneous...,9285,1405,1.38,1.655665e-26,1.3,1.46
528 ,"Disease of the oral soft tissues,...",Diseases of the digestive system,1776,269,1.38,0.0000030692611,1.2,1.57
112.9 ,Candidiasis of unspecified site,Infectious and parasitic diseases,5338,808,1.38,7.105843e-16,1.28,1.49
531 ,Gastric ulcer,Diseases of the digestive system,10031,1522,1.38,4.706637e-29,1.31,1.46
785.6 ,Enlargement of lymph nodes,"Comorbidities, signs, and ill-defined...",2614,396,1.38,0.000000014788867,1.23,1.53
786.01 ,Hyperventilation,"Comorbidities, signs, and ill-defined...",2085,316,1.38,0.00000040722021,1.22,1.55
535.4 ,Other specified gastritis,Diseases of the digestive system,7927,1198,1.38,1.296332e-22,1.29,1.47
720.1 ,Spinal enthesopathy,Diseases of the musculoskeletal...,3873,583,1.37,0.00000000001995292,1.25,1.5
614.2 ,Salpingitis and oophoritis not...,Diseases of the genitourinary...,5464,821,1.37,0.000000000000002168998,1.27,1.47
924 ,Contusion of lower limb and of...,Injury and poisoning,3404,512,1.37,0.0000000003252042,1.24,1.5
626.0 ,Absence of menstruation,Diseases of the genitourinary...,9086,1368,1.37,5.595539e-25,1.29,1.45
477.0 ,Allergic rhinitis due to pollen,Diseases of the respiratory system,1643,247,1.37,0.0000138178,1.19,1.56
041.9 ,"Bacterial infection, unspecified,...",Infectious and parasitic diseases,8667,1306,1.37,5.057954e-24,1.29,1.46
070.30 ,Viral hepatitis B without mention...,Infectious and parasitic diseases,14149,2126,1.37,1.267233e-37,1.31,1.44
110.1 ,Dermatophytosis of nail,Infectious and parasitic diseases,29791,4450,1.37,6.4485e-75,1.33,1.41
733.01 ,Senile osteoporosis,Diseases of the musculoskeletal...,33128,4934,1.37,1.694628e-81,1.32,1.41
110.3 ,Dermatophytosis of groin and perianal...,Infectious and parasitic diseases,8411,1265,1.37,5.039292e-23,1.29,1.45
692.89 ,Contact dermatitis and other eczema...,Diseases of the skin and subcutaneous...,17651,2650,1.37,2.35125e-46,1.31,1.43
535 ,Gastritis and duodenitis,Diseases of the digestive system,26691,3982,1.37,2.027254e-66,1.32,1.41
216.9 ,"Benign neoplasm of skin, site...",Neoplasms,20804,3126,1.37,6.904688e-55,1.32,1.43
788.1 ,Dysuria,"Comorbidities, signs, and ill-defined...",7162,1076,1.37,1.104042e-19,1.28,1.46
226 ,Benign neoplasm of thyroid glands,Neoplasms,4661,704,1.37,0.00000000000007607248,1.27,1.49
569.3 ,Hemorrhage of rectum and anus,Diseases of the digestive system,3025,455,1.37,0.0000000031504607,1.23,1.51
272.0 ,Pure hypercholesterolemia,"Endocrine, nutritional and metabolic...",34805,5192,1.37,8.649807e-87,1.33,1.41
597.8 ,Other urethritis,Diseases of the genitourinary...,2135,319,1.36,0.0000013318856,1.2,1.53
611.71 ,Mastodynia,Diseases of the genitourinary...,13723,2047,1.36,1.824561e-34,1.3,1.42
333.1 ,Essential and other specified...,Diseases of the nervous system,1944,291,1.36,0.0000035032355,1.19,1.54
920 ,"Contusion of face, scalp, and...",Injury and poisoning,14550,2165,1.36,8.948706e-36,1.29,1.42
008.5 ,"Bacterial enteritis, unspecified",Infectious and parasitic diseases,4093,614,1.36,0.000000000009232735,1.25,1.49
009 ,Ill-defined intestinal infections,Infectious and parasitic diseases,3908,584,1.36,0.00000000005782509,1.24,1.48
490 ,"Bronchitis, not specified as acute...",Diseases of the respiratory system,44906,6622,1.36,2.49084e-102,1.32,1.39
009.2 ,Infectious diarrhea,Infectious and parasitic diseases,18199,2719,1.36,5.656552e-46,1.31,1.42
079.9 ,Unspecified viral and chlamydial...,Infectious and parasitic diseases,3022,452,1.36,0.0000000073295705,1.23,1.5
532.00 ,"Acute duodenal ulcer with hemorrhage,...",Diseases of the digestive system,1855,278,1.36,0.0000049843979,1.19,1.55
786.0 ,Dyspnea and respiratory abnormalities,"Comorbidities, signs, and ill-defined...",5176,776,1.36,0.00000000000002101887,1.26,1.47
707.1 ,"Ulcer of lower limbs, except decubitus",Diseases of the skin and subcutaneous...,2415,362,1.36,0.0000001803726,1.21,1.52
215.0 ,Other benign neoplasm of connective...,Neoplasms,2560,384,1.36,0.000000074159529,1.22,1.52
710.2 ,Sicca syndrome,Diseases of the musculoskeletal...,9128,1361,1.36,2.975069e-23,1.28,1.44
535.01 ,"Acute gastritis, with hemorrhage",Diseases of the digestive system,2997,449,1.36,0.0000000063957673,1.23,1.5
380.10 ,"Infective otitis externa, unspecified",Diseases of the nervous system,52198,7719,1.36,1.21108e-122,1.33,1.4
240.9 ,"Goiter, unspecified","Endocrine, nutritional and metabolic...",16808,2509,1.36,3.319309e-42,1.3,1.42
381.81 ,Dysfunction of Eustachian tube,Diseases of the nervous system,10719,1601,1.36,1.905577e-27,1.29,1.43
382.9 ,Unspecified otitis media,Diseases of the nervous system,25725,3816,1.36,4.243413e-61,1.31,1.4
565.0 ,Anal fissure,Diseases of the digestive system,2345,352,1.36,0.00000023860464,1.21,1.53
571.49 ,Other chronic hepatitis,Diseases of the digestive system,11786,1765,1.36,1.015971e-30,1.3,1.44
256.9 ,Unspecified ovarian dysfunction,"Endocrine, nutritional and metabolic...",3118,467,1.36,0.0000000038123493,1.23,1.5
573.9 ,Unspecified disorder of liver,Diseases of the digestive system,11736,1754,1.36,4.150831e-30,1.29,1.43
574.10 ,Calculus of gallbladder with other...,Diseases of the digestive system,5194,777,1.36,0.00000000000003268365,1.26,1.47
844.0 ,Sprain of lateral collateral ligament...,Injury and poisoning,2169,324,1.36,0.000001146018,1.2,1.53
402.91 ,Unspecified hypertensive heart...,Diseases of the circulatory system,3536,525,1.35,0.0000000013412083,1.22,1.48
296.20 ,"Major depressive affective disorder,...",Mental disorders,3712,554,1.35,0.0000000002066637,1.24,1.48
599.7 ,Hematuria,Diseases of the genitourinary...,29896,4423,1.35,1.900834e-69,1.31,1.4
611.9 ,Unspecified breast disorder,Diseases of the genitourinary...,23737,3520,1.35,3.304554e-56,1.31,1.4
616.9 ,Unspecified inflammatory disease...,Diseases of the genitourinary...,98484,14262,1.35,8.6755e-202,1.33,1.38
472.2 ,Chronic nasopharyngitis,Diseases of the respiratory system,15259,2265,1.35,1.005642e-36,1.29,1.41
625.6 ,"Stress incontinence, female",Diseases of the genitourinary...,11792,1756,1.35,2.146217e-29,1.29,1.43
680.8 ,Carbuncle and furuncle of other...,Diseases of the skin and subcutaneous...,1548,231,1.35,0.0000454401,1.17,1.56
366.19 ,Other and combined forms of senile...,Diseases of the nervous system,9434,1402,1.35,2.121207e-23,1.27,1.43
686.0 ,Pyoderma,Diseases of the skin and subcutaneous...,9621,1425,1.35,3.447528e-23,1.27,1.42
693.8 ,Dermatitis due to other specified...,Diseases of the skin and subcutaneous...,3643,542,1.35,0.0000000005369058,1.23,1.48
372.30 ,"Conjunctivitis, unspecified",Diseases of the nervous system,143088,20456,1.35,3.9405e-274,1.33,1.38
706.0 ,Acne varioliformis,Diseases of the skin and subcutaneous...,3007,449,1.35,0.000000011149905,1.22,1.5
706.2 ,Sebaceous cyst,Diseases of the skin and subcutaneous...,4099,610,1.35,0.00000000004342807,1.24,1.47
533.40 ,Chronic or unspecified peptic...,Diseases of the digestive system,7323,1091,1.35,7.523763e-19,1.27,1.44
709.2 ,Scar conditions and fibrosis of...,Diseases of the skin and subcutaneous...,2732,406,1.35,0.000000084327861,1.21,1.5
710.4 ,Polymyositis,Diseases of the musculoskeletal...,1677,250,1.35,0.000020336,1.18,1.55
536.8 ,Dyspepsia and other specified...,Diseases of the digestive system,87002,12629,1.35,8.43398e-180,1.32,1.38
238.3 ,Neoplasm of uncertain behavior...,Neoplasms,1688,251,1.35,0.0000254085,1.17,1.54
822.0 ,Closed fracture of patella,Injury and poisoning,1962,293,1.35,0.0000038866603,1.19,1.53
274 ,Gout,"Endocrine, nutritional and metabolic...",10047,1485,1.34,8.765522e-24,1.27,1.42
578.1 ,Blood in stool,Diseases of the digestive system,1947,289,1.34,0.0000070686304,1.18,1.53
918.1 ,Superficial injury of cornea,Injury and poisoning,16256,2388,1.34,8.164588e-36,1.28,1.4
615.9 ,Unspecified inflammatory disease...,Diseases of the genitourinary...,18456,2712,1.34,1.179215e-40,1.28,1.39
491.21 ,Obstructive chronic bronchitis...,Diseases of the respiratory system,4602,682,1.34,0.000000000006351844,1.24,1.46
367.89 ,Other disorders of refraction...,Diseases of the nervous system,7002,1034,1.34,6.89433e-17,1.25,1.43
493.21 ,Chronic obstructive asthma with...,Diseases of the respiratory system,2665,394,1.34,0.00000022243165,1.2,1.49
110.2 ,Dermatophytosis of hand,Infectious and parasitic diseases,2318,344,1.34,0.00000095321529,1.2,1.51
370.9 ,Unspecified keratitis,Diseases of the nervous system,3996,591,1.34,0.0000000002499859,1.23,1.46
783.0 ,Anorexia,"Comorbidities, signs, and ill-defined...",1994,295,1.34,0.0000076809879,1.18,1.52
706.1 ,Other acne,Diseases of the skin and subcutaneous...,15737,2313,1.34,7.529724e-35,1.28,1.4
216.4 ,Benign neoplasm of scalp and skin...,Neoplasms,1551,230,1.34,0.0000651876,1.16,1.55
216.5 ,"Benign neoplasm of skin of trunk,...",Neoplasms,1984,293,1.34,0.0000086707271,1.18,1.51
380.22 ,Other acute otitis externa,Diseases of the nervous system,13812,2032,1.34,5.90463e-31,1.27,1.4
240.0 ,"Goiter, specified as simple","Endocrine, nutritional and metabolic...",3311,490,1.34,0.0000000078306099,1.22,1.48
564.5 ,Functional diarrhea,Diseases of the digestive system,17967,2639,1.34,2.017664e-39,1.28,1.39
715.80 ,"Osteoarthrosis involving, or with...",Diseases of the musculoskeletal...,3560,528,1.34,0.0000000015186745,1.22,1.48
250.90 ,"Diabetes with unspecified complication,...","Endocrine, nutritional and metabolic...",32933,4834,1.34,1.325121e-71,1.3,1.38
582.9 ,Chronic glomerulonephritis with...,Diseases of the genitourinary...,14102,2071,1.33,3.642908e-31,1.27,1.4
282.4 ,Thalassemias,Diseases of the blood and blood-forming...,1541,226,1.33,0.0001423511,1.15,1.53
850.0 ,Concussion with no loss of consciousness,Injury and poisoning,6243,916,1.33,0.00000000000001853319,1.24,1.43
597 ,"Urethritis, not sexually transmitted,...",Diseases of the genitourinary...,2319,340,1.33,0.0000035069156,1.18,1.49
300.81 ,Somatization disorder,Mental disorders,1487,218,1.33,0.0002064986,1.14,1.53
464.0 ,Acute laryngitis,Diseases of the respiratory system,124691,17652,1.33,1.83604e-211,1.3,1.35
470 ,Deviated nasal septum,Diseases of the respiratory system,6102,896,1.33,0.00000000000002833615,1.24,1.43
930.1 ,Foreign body in conjunctival sac,Injury and poisoning,33435,4875,1.33,1.4449e-68,1.29,1.37
626.9 ,Unspecified disorders of menstruation...,Diseases of the genitourinary...,24756,3610,1.33,8.934394e-51,1.28,1.38
365.00 ,"Preglaucoma, unspecified",Diseases of the nervous system,2632,388,1.33,0.00000041804099,1.19,1.49
627.3 ,Postmenopausal atrophic vaginitis,Diseases of the genitourinary...,9860,1442,1.33,1.904136e-21,1.25,1.4
491.8 ,Other chronic bronchitis,Diseases of the respiratory system,5608,823,1.33,0.0000000000003885229,1.23,1.43
691.8 ,Other atopic dermatitis and related...,Diseases of the skin and subcutaneous...,24385,3572,1.33,4.806298e-52,1.29,1.38
372.41 ,"Peripheral pterygium, stationary",Diseases of the nervous system,2085,306,1.33,0.0000103679,1.17,1.5
373.0 ,Blepharitis,Diseases of the nervous system,6647,973,1.33,0.000000000000004858324,1.24,1.42
379.93 ,Redness or discharge of eye,Diseases of the nervous system,1610,236,1.33,0.0001050863,1.15,1.52
244.9 ,Unspecified acquired hypothyroidism,"Endocrine, nutritional and metabolic...",7652,1120,1.33,5.058146e-17,1.24,1.41
401.1 ,Benign essential hypertension,Diseases of the circulatory system,53284,7737,1.33,1.12601e-106,1.3,1.37
272.1 ,Pure hyperglyceridemia,"Endocrine, nutritional and metabolic...",13929,2035,1.33,1.947173e-29,1.26,1.39
577.0 ,Acute pancreatitis,Diseases of the digestive system,2849,416,1.32,0.00000040127452,1.19,1.47
591 ,Hydronephrosis,Diseases of the genitourinary...,8495,1240,1.32,2.497297e-18,1.24,1.4
595 ,Cystitis,Diseases of the genitourinary...,15880,2313,1.32,1.478055e-32,1.26,1.38
455.0 ,Internal hemorrhoids without mention...,Diseases of the circulatory system,5082,742,1.32,0.00000000001372324,1.22,1.43
360.89 ,Other disorders of globe,Diseases of the nervous system,2069,302,1.32,0.0000180522,1.16,1.49
366.10 ,"Senile cataract, unspecified",Diseases of the nervous system,56038,8065,1.32,1.30209e-103,1.29,1.35
366.9 ,Unspecified cataract,Diseases of the nervous system,12031,1754,1.32,3.615046e-25,1.25,1.39
367.4 ,Presbyopia,Diseases of the nervous system,27486,3991,1.32,2.816051e-54,1.28,1.37
493.11 ,Intrinsic asthma with status asthmaticus,Diseases of the respiratory system,1659,243,1.32,0.0000963247,1.15,1.52
493.9 ,"Asthma, unspecified",Diseases of the respiratory system,12262,1785,1.32,2.605156e-25,1.25,1.39
370.33 ,"Keratoconjunctivitis sicca, not...",Diseases of the nervous system,5295,772,1.32,0.000000000006812731,1.22,1.42
527.2 ,Sialoadenitis,Diseases of the digestive system,1749,256,1.32,0.0000578939,1.15,1.51
372.14 ,Other chronic allergic conjunctivitis,Diseases of the nervous system,70015,10020,1.32,2.5347e-124,1.29,1.35
701.4 ,Keloid scar,Diseases of the skin and subcutaneous...,3949,578,1.32,0.0000000018248558,1.21,1.45
705.81 ,Dyshidrosis,Diseases of the skin and subcutaneous...,12533,1822,1.32,1.636856e-25,1.25,1.38
533 ,"Peptic ulcer, site unspecified",Diseases of the digestive system,26044,3772,1.32,2.966e-50,1.27,1.36
533.9 ,"Peptic ulcer, site unspecified,...",Diseases of the digestive system,32925,4757,1.32,3.566838e-62,1.28,1.36
216.8 ,Benign neoplasm of other specified...,Neoplasms,2799,409,1.32,0.00000050136487,1.19,1.47
379.90 ,"Disorder of eye, unspecified",Diseases of the nervous system,3265,478,1.32,0.000000042428389,1.2,1.46
558.2 ,Toxic gastroenteritis and colitis,Diseases of the digestive system,2293,336,1.32,0.0000042426992,1.18,1.49
569.0 ,Anal and rectal polyp,Diseases of the digestive system,2156,315,1.32,0.000010643,1.17,1.49
570 ,Acute and subacute necrosis of...,Diseases of the digestive system,1902,278,1.32,0.0000337012,1.16,1.5
571.9 ,Unspecified chronic liver disease...,Diseases of the digestive system,15768,2299,1.32,1.222281e-32,1.26,1.38
259.9 ,Unspecified endocrine disorder,"Endocrine, nutritional and metabolic...",2201,322,1.32,0.0000070745003,1.17,1.49
411.1 ,Intermediate coronary syndrome,Diseases of the circulatory system,2879,417,1.31,0.00000097610078,1.18,1.45
590.1 ,Acute pyelonephritis,Diseases of the genitourinary...,2321,336,1.31,0.0000121565,1.16,1.47
894 ,Multiple and unspecified open...,Injury and poisoning,2446,354,1.31,0.0000073127426,1.16,1.46
915.0 ,"Abrasion or friction burn of finger(s),...",Injury and poisoning,1586,230,1.31,0.0002425778,1.13,1.51
346 ,Migraine,Diseases of the nervous system,5050,731,1.31,0.00000000009697872,1.21,1.41
351.0 ,Bell's palsy,Diseases of the nervous system,3936,572,1.31,0.000000005861318,1.2,1.44
626.1 ,Scanty or infrequent menstruation,Diseases of the genitourinary...,1389,202,1.31,0.0005415236,1.13,1.53
626.6 ,Metrorrhagia,Diseases of the genitourinary...,12696,1833,1.31,2.544969e-24,1.24,1.37
626.8 ,Other disorders of menstruation...,Diseases of the genitourinary...,26123,3778,1.31,8.662795e-50,1.27,1.36
005.9 ,"Food poisoning, unspecified",Infectious and parasitic diseases,1382,200,1.31,0.0007176503,1.12,1.52
491.0 ,Simple chronic bronchitis,Diseases of the respiratory system,11598,1680,1.31,5.236795e-23,1.24,1.38
692.0 ,Contact dermatitis and other eczema...,Diseases of the skin and subcutaneous...,21943,3164,1.31,9.074007e-41,1.26,1.36
695.3 ,Rosacea,Diseases of the skin and subcutaneous...,1720,249,1.31,0.0001508515,1.14,1.49
375.15 ,"Tear film insufficiency, unspecified",Diseases of the nervous system,40372,5782,1.31,1.742215e-70,1.27,1.34
555.1 ,Regional enteritis of large intestine,Diseases of the digestive system,2936,427,1.31,0.00000043944915,1.18,1.46
382.4 ,Unspecified suppurative otitis...,Diseases of the nervous system,2198,320,1.31,0.0000111674,1.16,1.48
246.9 ,Unspecified disorder of thyroid,"Endocrine, nutritional and metabolic...",12568,1819,1.31,1.296886e-24,1.25,1.38
388.3 ,Tinitus,Diseases of the nervous system,10223,1482,1.31,1.478525e-20,1.24,1.39
250.70 ,Diabetes with peripheral circulatory...,"Endocrine, nutritional and metabolic...",6130,889,1.31,0.000000000000580447,1.22,1.41
578.9 ,Hemorrhage of gastrointestinal...,Diseases of the digestive system,8701,1249,1.3,2.689438e-16,1.22,1.38
854 ,Intracranial injury of other and...,Injury and poisoning,1440,207,1.3,0.0007958617,1.11,1.5
435.9 ,Unspecified transient cerebral...,Diseases of the circulatory system,4826,695,1.3,0.0000000007016251,1.2,1.41
307.4 ,Specific disorders of sleep of...,Mental disorders,4475,646,1.3,0.0000000017024212,1.2,1.42
923 ,Contusion of upper limb,Injury and poisoning,2056,296,1.3,0.0000575658,1.14,1.47
617.9 ,"Endometriosis, site unspecified",Diseases of the genitourinary...,1646,237,1.3,0.0003139495,1.13,1.49
930.0 ,Corneal foreign body,Injury and poisoning,22019,3153,1.3,2.354242e-38,1.25,1.35
626.4 ,Irregular menstrual cycle,Diseases of the genitourinary...,27228,3889,1.3,3.489329e-46,1.25,1.34
627.1 ,Postmenopausal bleeding,Diseases of the genitourinary...,18077,2599,1.3,7.493614e-33,1.25,1.36
486 ,"Pneumonia, organism unspecified",Diseases of the respiratory system,21504,3079,1.3,1.71765e-37,1.25,1.35
370.20 ,"Superficial keratitis, unspecified",Diseases of the nervous system,6730,968,1.3,0.0000000000003807236,1.21,1.39
780.9 ,Other general symptoms,"Comorbidities, signs, and ill-defined...",11890,1705,1.3,1.670179e-21,1.23,1.36
702.0 ,Actinic keratosis,Diseases of the skin and subcutaneous...,2158,312,1.3,0.0000269397,1.15,1.47
380.2 ,Other otitis externa,Diseases of the nervous system,3326,480,1.3,0.00000021825598,1.18,1.43
791.0 ,Proteinuria,"Comorbidities, signs, and ill-defined...",5910,852,1.3,0.000000000006596321,1.21,1.4
382.00 ,Acute suppurative otitis media...,Diseases of the nervous system,3985,576,1.3,0.000000011306468,1.19,1.43
388.2 ,"Sudden hearing loss, unspecified",Diseases of the nervous system,1992,288,1.3,0.000051125,1.15,1.48
402.00 ,Malignant hypertensive heart disease...,Diseases of the circulatory system,5626,812,1.3,0.00000000001563054,1.21,1.4
873.0 ,"Open wound of scalp, without mention...",Injury and poisoning,6991,1003,1.29,0.0000000000002584145,1.21,1.38
300 ,Neurotic disorders,Mental disorders,32078,4573,1.29,2.09374e-53,1.25,1.34
611.8 ,Other specified disorders of breast,Diseases of the genitourinary...,2283,328,1.29,0.0000254229,1.15,1.46
477.8 ,Allergic rhinitis due to other...,Diseases of the respiratory system,7725,1104,1.29,0.00000000000004851148,1.21,1.37
487.0 ,Influenza with pneumonia,Diseases of the respiratory system,3726,532,1.29,0.00000019193691,1.17,1.41
681.00 ,"Cellulitis and abscess of finger,...",Diseases of the skin and subcutaneous...,2236,320,1.29,0.0000433771,1.14,1.45
011.90 ,"Pulmonary tuberculosis, unspecified,...",Infectious and parasitic diseases,3726,533,1.29,0.00000014538219,1.17,1.41
370.21 ,Punctate keratitis,Diseases of the nervous system,20445,2906,1.29,2.933216e-33,1.23,1.34
780.5 ,Sleep disturbance,"Comorbidities, signs, and ill-defined...",36249,5140,1.29,2.420577e-57,1.25,1.33
531.9 ,"Gastric ulcer, unspecified as...",Diseases of the digestive system,4784,683,1.29,0.0000000037325203,1.18,1.4
211.3 ,Benign neoplasm of colon,Neoplasms,4254,611,1.29,0.000000010646096,1.19,1.41
373.11 ,Hordeolum externum,Diseases of the nervous system,15968,2285,1.29,6.185609e-28,1.24,1.35
375.56 ,"Stenosis of nasolacrimal duct,...",Diseases of the nervous system,4323,619,1.29,0.000000013918005,1.18,1.41
379.2 ,Disorders of vitreous body,Diseases of the nervous system,1441,207,1.29,0.0008024753,1.11,1.5
710.0 ,Systemic lupus erythematosus,Diseases of the musculoskeletal...,4059,581,1.29,0.000000036311816,1.18,1.41
217 ,Benign neoplasm of breast,Neoplasms,46014,6533,1.29,5.011229e-74,1.26,1.33
218.1 ,Intramural leiomyoma of uterus,Neoplasms,4347,621,1.29,0.000000017556961,1.18,1.4
380.15 ,Chronic mycotic otitis externa,Diseases of the nervous system,7605,1087,1.29,0.00000000000007108318,1.21,1.38
556 ,Idiopathic proctocolitis,Diseases of the digestive system,2504,359,1.29,0.0000144151,1.15,1.45
241.1 ,Nontoxic multinodular goiter,"Endocrine, nutritional and metabolic...",4381,629,1.29,0.0000000065226079,1.19,1.41
244.0 ,Postsurgical hypothyroidism,"Endocrine, nutritional and metabolic...",2463,352,1.29,0.0000217487,1.15,1.44
485 ,"Bronchopneumonia, organism unspecified",Diseases of the respiratory system,6072,861,1.28,0.0000000001288745,1.19,1.37
367.0 ,Hypermetropia,Diseases of the nervous system,8405,1193,1.28,0.00000000000002853195,1.2,1.36
367.20 ,"Astigmatism, unspecified",Diseases of the nervous system,2760,393,1.28,0.0000094582793,1.15,1.43
493.2 ,Chronic obstructive asthma with...,Diseases of the respiratory system,2276,323,1.28,0.0000769081,1.13,1.44
078.1 ,Viral warts,Infectious and parasitic diseases,27034,3830,1.28,2.111044e-42,1.24,1.33
372.11 ,Simple chronic conjunctivitis,Diseases of the nervous system,40398,5692,1.28,4.898718e-60,1.24,1.32
701.1 ,"Keratoderma, acquired",Diseases of the skin and subcutaneous...,6381,906,1.28,0.0000000000340742,1.19,1.37
784.2 ,"Swelling, mass, or lump in head...","Comorbidities, signs, and ill-defined...",4732,672,1.28,0.000000012058412,1.18,1.39
532.30 ,Acute duodenal ulcer without mention...,Diseases of the digestive system,3822,543,1.28,0.00000027270454,1.16,1.4
373.12 ,Hordeolum internum,Diseases of the nervous system,16143,2282,1.28,3.758034e-25,1.22,1.33
380.13 ,Other acute infections of external...,Diseases of the nervous system,1766,252,1.28,0.0003792718,1.12,1.47
277.3 ,Amyloidosis,"Endocrine, nutritional and metabolic...",1618,228,1.27,0.0013550545,1.09,1.46
296.9 ,Other and unspecified affective...,Mental disorders,1462,206,1.27,0.0023521854,1.09,1.47
296.90 ,Unspecified episodic mood disorder,Mental disorders,3657,517,1.27,0.0000010005413,1.16,1.4
306.4 ,Gastrointestinal malfunction arising...,Mental disorders,3115,441,1.27,0.0000049989383,1.15,1.41
455.5 ,External hemorrhoids with other...,Diseases of the circulatory system,1715,242,1.27,0.0008419705,1.1,1.45
615 ,"Inflammatory diseases of uterus,...",Diseases of the genitourinary...,1576,223,1.27,0.0011730748,1.1,1.47
465 ,Acute upper respiratory infections...,Diseases of the respiratory system,69674,9672,1.27,2.813067e-90,1.24,1.3
466.1 ,Acute bronchiolitis,Diseases of the respiratory system,51877,7259,1.27,3.360166e-72,1.24,1.31
009.0 ,"Infectious colitis, enteritis,...",Infectious and parasitic diseases,39299,5500,1.27,1.902972e-54,1.23,1.31
111.8 ,Other specified dermatomycoses,Infectious and parasitic diseases,1452,205,1.27,0.0022699546,1.09,1.47
372.15 ,Parasitic conjunctivitis,Diseases of the nervous system,2251,319,1.27,0.000092793,1.13,1.44
533.3 ,"Peptic ulcer, site unspecified,...",Diseases of the digestive system,2207,311,1.27,0.000178439,1.12,1.43
374.0 ,Entropion and trichiasis of eyelid,Diseases of the nervous system,3674,520,1.27,0.00000081297638,1.16,1.4
225.0 ,Benign neoplasm of brain,Neoplasms,2329,329,1.27,0.0000929691,1.13,1.43
813 ,Fracture of radius and ulna,Injury and poisoning,2080,294,1.27,0.0002256,1.12,1.44
389.10 ,"Sensorineural hearing loss, unspecified",Diseases of the nervous system,5830,826,1.27,0.0000000003588008,1.18,1.37
843.8 ,Sprains and strains of other specified...,Injury and poisoning,1646,232,1.27,0.0011430685,1.1,1.46
403.90 ,"Hypertensive chronic kidney disease,...",Diseases of the circulatory system,2627,369,1.26,0.0000585274,1.13,1.41
307.49 ,Other specific disorders of sleep...,Mental disorders,1733,244,1.26,0.0008977348,1.1,1.45
344.61 ,Cauda equina syndrome with neurogenic...,Diseases of the nervous system,1422,200,1.26,0.0030838236,1.08,1.47
461 ,Acute sinusitis,Diseases of the respiratory system,11493,1607,1.26,1.984305e-16,1.19,1.33
616.5 ,Ulceration of vulva,Diseases of the genitourinary...,2362,332,1.26,0.0001348565,1.12,1.42
618.0 ,Prolapse of vaginal walls without...,Diseases of the genitourinary...,2648,371,1.26,0.0000711317,1.12,1.4
627 ,Menopausal and postmenopausal...,Diseases of the genitourinary...,25426,3540,1.26,1.945523e-33,1.21,1.3
366 ,Cataract,Diseases of the nervous system,11025,1541,1.26,8.489194e-16,1.19,1.33
487 ,Influenza,Diseases of the respiratory system,12955,1818,1.26,4.739876e-19,1.2,1.33
366.16 ,Senile nuclear sclerosis,Diseases of the nervous system,9421,1318,1.26,0.00000000000008486774,1.18,1.33
366.53 ,"After-cataract, obscuring vision",Diseases of the nervous system,1448,204,1.26,0.0025675604,1.09,1.47
692 ,Contact dermatitis and other eczema,Diseases of the skin and subcutaneous...,21364,2989,1.26,1.008147e-29,1.21,1.31
524.6 ,Temporomandibular joint disorders,Diseases of the digestive system,1733,243,1.26,0.0011717888,1.09,1.44
372.40 ,"Pterygium, unspecified",Diseases of the nervous system,17757,2483,1.26,9.979859e-25,1.21,1.31
211.1 ,Benign neoplasm of stomach,Neoplasms,1440,202,1.26,0.0032754145,1.08,1.46
786.3 ,Hemoptysis,"Comorbidities, signs, and ill-defined...",7246,1014,1.26,0.00000000005588934,1.17,1.34
216.3 ,Benign neoplasm of skin of other...,Neoplasms,3815,535,1.26,0.0000016750479,1.15,1.38
374.05 ,Trichiasis of eyelid without entropion,Diseases of the nervous system,24716,3463,1.26,9.265781e-35,1.22,1.31
379.91 ,Pain in or around eye,Diseases of the nervous system,3111,438,1.26,0.0000095538608,1.14,1.4
386.1 ,Other and unspecified peripheral...,Diseases of the nervous system,8932,1251,1.26,0.0000000000002642757,1.18,1.34
280.0 ,Iron deficiency anemia secondary...,Diseases of the blood and blood-forming...,3511,491,1.25,0.0000056441709,1.14,1.38
436 ,"Acute, but ill-defined, cerebrovascular...",Diseases of the circulatory system,8835,1229,1.25,0.000000000002589179,1.17,1.33
611.79 ,Other signs and symptoms in breast,Diseases of the genitourinary...,1827,254,1.25,0.0015654528,1.09,1.42
365.9 ,Unspecified glaucoma,Diseases of the nervous system,10685,1485,1.25,0.00000000000001740751,1.18,1.32
682.2 ,Cellulitis and abscess of trunk,Diseases of the skin and subcutaneous...,1429,199,1.25,0.0047037247,1.07,1.45
492.8 ,Other emphysema,Diseases of the respiratory system,2751,384,1.25,0.0000672052,1.12,1.4
370.40 ,"Keratoconjunctivitis, unspecified",Diseases of the nervous system,5971,834,1.25,0.0000000043406002,1.16,1.35
372.54 ,Conjunctival concretions,Diseases of the nervous system,19290,2676,1.25,1.233706e-24,1.2,1.3
784.7 ,Epistaxis,"Comorbidities, signs, and ill-defined...",10860,1510,1.25,0.000000000000008615336,1.18,1.32
373.32 ,Contact and allergic dermatitis...,Diseases of the nervous system,1420,198,1.25,0.0045723508,1.07,1.45
709.0 ,Dyschromia,Diseases of the skin and subcutaneous...,13961,1941,1.25,1.419568e-18,1.19,1.31
218.0 ,Submucous leiomyoma of uterus,Neoplasms,1905,265,1.25,0.001191195,1.09,1.42
535.51 ,"Unspecified gastritis and gastroduodenitis,...",Diseases of the digestive system,1444,201,1.25,0.0043464528,1.07,1.45
242 ,Thyrotoxicosis with or without...,"Endocrine, nutritional and metabolic...",2688,374,1.25,0.0001173229,1.11,1.39
569.89 ,Other specified disorders of intestine,Diseases of the digestive system,1617,225,1.25,0.0026297504,1.08,1.44
573 ,Other disorders of liver,Diseases of the digestive system,1473,205,1.25,0.004160972,1.07,1.45
402.10 ,Benign hypertensive heart disease...,Diseases of the circulatory system,27142,3771,1.25,6.974402e-35,1.21,1.3
576.1 ,Cholangitis,Diseases of the digestive system,2410,333,1.24,0.0004289394,1.1,1.39
276.8 ,Hypopotassemia,"Endocrine, nutritional and metabolic...",1977,274,1.24,0.0011507367,1.09,1.41
610.1 ,Diffuse cystic mastopathy,Diseases of the genitourinary...,10995,1518,1.24,0.00000000000006401313,1.17,1.31
464 ,Acute laryngitis and tracheitis,Diseases of the respiratory system,29565,4071,1.24,2.181594e-34,1.2,1.28
464.11 ,Acute tracheitis with obstruction,Diseases of the respiratory system,8024,1113,1.24,0.00000000005187924,1.17,1.33
626.2 ,Excessive or frequent menstruation,Diseases of the genitourinary...,11399,1575,1.24,0.0000000000000180779,1.17,1.31
935.1 ,Foreign body in esophagus,Injury and poisoning,1433,198,1.24,0.0069703717,1.06,1.44
365.04 ,Ocular hypertension,Diseases of the nervous system,2373,328,1.24,0.0004916026,1.1,1.39
366.12 ,Incipient senile cataract,Diseases of the nervous system,3615,499,1.24,0.0000179187,1.12,1.36
491.2 ,Obstructive chronic bronchitis,Diseases of the respiratory system,2758,382,1.24,0.0001432825,1.11,1.38
366.8 ,Other cataract,Diseases of the nervous system,2023,280,1.24,0.0011551236,1.09,1.41
493.10 ,"Intrinsic asthma, unspecified",Diseases of the respiratory system,3074,426,1.24,0.000056315,1.12,1.38
367.9 ,Unspecified disorder of refraction...,Diseases of the nervous system,22604,3106,1.24,7.184788e-26,1.19,1.28
110.8 ,Dermatophytosis of other specified...,Infectious and parasitic diseases,1493,207,1.24,0.0050108419,1.07,1.44
780 ,General symptoms,"Comorbidities, signs, and ill-defined...",3396,469,1.24,0.0000323514,1.12,1.36
696.1 ,Other psoriasis,Diseases of the skin and subcutaneous...,3586,498,1.24,0.0000102059,1.13,1.37
698.3 ,Lichenification and lichen simplex...,Diseases of the skin and subcutaneous...,19425,2675,1.24,6.365409e-23,1.19,1.29
372.20 ,"Blepharoconjunctivitis, unspecified",Diseases of the nervous system,11898,1639,1.24,0.0000000000000130713,1.17,1.3
702.1 ,Seborrheic keratosis,Diseases of the skin and subcutaneous...,7058,977,1.24,0.0000000012197965,1.16,1.33
379.24 ,Other vitreous opacities,Diseases of the nervous system,25755,3555,1.24,7.628367e-31,1.2,1.29
298.9 ,Unspecified psychosis,Mental disorders,2575,353,1.23,0.0005216812,1.09,1.37
349 ,Other and unspecified disorders...,Diseases of the nervous system,4109,563,1.23,0.000012513,1.12,1.34
616.0 ,Cervicitis and endocervicitis,Diseases of the genitourinary...,44662,6104,1.23,1.177541e-47,1.2,1.27
464.4 ,Croup,Diseases of the respiratory system,2678,367,1.23,0.000425072,1.09,1.37
365.10 ,"Open-angle glaucoma, unspecified",Diseases of the nervous system,1375,189,1.23,0.0097668105,1.05,1.43
041.8 ,Other specified bacterial infections,Infectious and parasitic diseases,1861,256,1.23,0.0025080308,1.07,1.41
372.0 ,Acute conjunctivitis,Diseases of the nervous system,13880,1900,1.23,0.000000000000001107836,1.17,1.29
786.00 ,"Respiratory abnormality, unspecified","Comorbidities, signs, and ill-defined...",3662,505,1.23,0.000018003,1.12,1.36
708 ,Urticaria,Diseases of the skin and subcutaneous...,7234,994,1.23,0.0000000038107643,1.15,1.32
789.9 ,Other symptoms involving abdomen...,"Comorbidities, signs, and ill-defined...",2535,349,1.23,0.0004186292,1.1,1.38
537.9 ,Unspecified disorder of stomach...,Diseases of the digestive system,3403,469,1.23,0.0000372473,1.12,1.36
799.3 ,"Debility, unspecified","Comorbidities, signs, and ill-defined...",2334,321,1.23,0.0008039841,1.09,1.39
250.01 ,Diabetes mellitus without mention...,"Endocrine, nutritional and metabolic...",3418,471,1.23,0.0000385596,1.12,1.36
574.2 ,Calculus of gallbladder without...,Diseases of the digestive system,6462,885,1.23,0.000000045775192,1.14,1.32
424.1 ,Aortic valve disorders,Diseases of the circulatory system,3722,509,1.22,0.0000414143,1.11,1.34
434.1 ,Cerebral embolism,Diseases of the circulatory system,2104,288,1.22,0.0018270428,1.08,1.39
611.72 ,Lump or mass in breast,Diseases of the genitourinary...,31131,4227,1.22,8.622869e-31,1.18,1.26
620.2 ,Other and unspecified ovarian...,Diseases of the genitourinary...,5416,740,1.22,0.00000077884955,1.13,1.32
472 ,Chronic pharyngitis and nasopharyngitis,Diseases of the respiratory system,5636,770,1.22,0.00000048287412,1.13,1.32
933.0 ,Foreign body in pharynx,Injury and poisoning,10877,1483,1.22,0.000000000004569191,1.15,1.29
077.1 ,Epidemic keratoconjunctivitis,Infectious and parasitic diseases,12872,1756,1.22,0.00000000000003899015,1.16,1.29
372.4 ,Pterygium,Diseases of the nervous system,4189,570,1.22,0.0000234584,1.11,1.33
372.56 ,Conjunctival deposits,Diseases of the nervous system,1966,268,1.22,0.0032760916,1.07,1.39
375.1 ,Other disorders of lacrimal gland,Diseases of the nervous system,1415,193,1.22,0.0122424778,1.04,1.42
564 ,"Functional digestive disorders,...",Diseases of the digestive system,26716,3623,1.22,4.023071e-26,1.17,1.26
413 ,Angina pectoris,Diseases of the circulatory system,7507,1019,1.21,0.000000023546908,1.13,1.3
281.9 ,Unspecified deficiency anemia,Diseases of the blood and blood-forming...,3040,411,1.21,0.0005598906,1.08,1.34
424.2 ,"Tricuspid valve disorders, specified...",Diseases of the circulatory system,1664,226,1.21,0.0088091325,1.05,1.4
922 ,Contusion of trunk,Injury and poisoning,2849,387,1.21,0.0005690186,1.09,1.35
621.3 ,Endometrial cystic hyperplasia,Diseases of the genitourinary...,7837,1058,1.21,0.000000037632067,1.13,1.29
365.11 ,Primary open angle glaucoma,Diseases of the nervous system,2468,334,1.21,0.0017355632,1.07,1.36
365.23 ,Chronic angle-closure glaucoma,Diseases of the nervous system,3912,532,1.21,0.0000462632,1.11,1.33
133.0 ,Scabies,Infectious and parasitic diseases,4474,605,1.21,0.0000255906,1.11,1.32
137 ,Late effects of TB,Infectious and parasitic diseases,3084,419,1.21,0.00032405,1.09,1.35
215 ,Other benign neoplasm of connective...,Neoplasms,1496,203,1.21,0.0132184874,1.04,1.41
788.2 ,Retention of urine,"Comorbidities, signs, and ill-defined...",2443,332,1.21,0.0013226065,1.08,1.36
558.1 ,Gastroenteritis and colitis due...,Diseases of the digestive system,1434,195,1.21,0.014365366,1.04,1.41
571.4 ,Chronic hepatitis,Diseases of the digestive system,50036,6704,1.21,8.410076e-42,1.17,1.24
401.0 ,Malignant essential hypertension,Diseases of the circulatory system,8530,1158,1.21,0.0000000025504353,1.14,1.29
592 ,Calculus of kidney and ureter,Diseases of the genitourinary...,6500,874,1.2,0.0000010421861,1.12,1.29
873.4 ,"Facial laceration, without mention...",Injury and poisoning,3248,436,1.2,0.0006265782,1.08,1.32
610.2 ,Fibroadenosis of breast,Diseases of the genitourinary...,6133,824,1.2,0.0000025360463,1.11,1.29
611 ,Other disorders of breast,Diseases of the genitourinary...,5205,701,1.2,0.0000104877,1.11,1.3
933.1 ,Foreign body in larynx,Injury and poisoning,8775,1182,1.2,0.0000000094409314,1.13,1.28
365.2 ,Primary angle-closure glaucoma,Diseases of the nervous system,1898,256,1.2,0.0068547951,1.05,1.37
629.8 ,Other specified disorders of female...,Diseases of the genitourinary...,4818,646,1.2,0.0000370165,1.1,1.3
009.3 ,Diarrhea of presumed infectious...,Infectious and parasitic diseases,8000,1075,1.2,0.000000069440245,1.12,1.28
682 ,Other cellulitis and abscess,Diseases of the skin and subcutaneous...,4690,633,1.2,0.0000213472,1.11,1.31
519.9 ,Unspecified disease of respiratory...,Diseases of the respiratory system,4879,657,1.2,0.0000206172,1.1,1.3
373.00 ,"Blepharitis, unspecified",Diseases of the nervous system,19038,2556,1.2,8.747676e-17,1.15,1.25
555.0 ,Regional enteritis of small intestine,Diseases of the digestive system,2714,364,1.2,0.0018908428,1.07,1.34
381.4 ,"Nonsuppurative otitis media, not...",Diseases of the nervous system,2907,391,1.2,0.0010929043,1.07,1.33
242.00 ,Toxic diffuse goiter without mention...,"Endocrine, nutritional and metabolic...",5455,733,1.2,0.0000084334486,1.11,1.3
427 ,Cardiac dysrhythmias,Diseases of the circulatory system,10215,1359,1.19,0.00000001208831,1.12,1.26
296.3 ,"Major depressive disorder, recurrent...",Mental disorders,1978,265,1.19,0.0089358931,1.04,1.36
430 ,Subarachnoid hemorrhage,Diseases of the circulatory system,1491,200,1.19,0.0204779705,1.02,1.39
455.9 ,Residual hemorrhoidal skin tags,Diseases of the circulatory system,1951,261,1.19,0.0094430573,1.04,1.36
616.1 ,Vaginitis and vulvovaginitis,Diseases of the genitourinary...,46797,6198,1.19,2.080703e-33,1.16,1.22
365.20 ,"Primary angle-closure glaucoma,...",Diseases of the nervous system,2213,296,1.19,0.0061591117,1.05,1.35
370.49 ,Other keratoconjunctivitis,Diseases of the nervous system,4344,581,1.19,0.0001216793,1.09,1.3
692.8 ,"Contact dermatitis and other eczema,...",Diseases of the skin and subcutaneous...,3535,472,1.19,0.0005875179,1.08,1.31
372.39 ,Other conjunctivitis,Diseases of the nervous system,4383,586,1.19,0.0001183888,1.09,1.3
532 ,Duodenal ulcer,Diseases of the digestive system,7481,1002,1.19,0.0000003376849,1.12,1.28
372.9 ,Unspecified disorder of conjunctiva,Diseases of the nervous system,4752,634,1.19,0.0000785611,1.09,1.29
373.33 ,Xeroderma of eyelid,Diseases of the nervous system,3165,422,1.19,0.0013118117,1.07,1.32
218.9 ,"Leiomyoma of uterus, unspecified",Neoplasms,34786,4612,1.19,2.65048e-25,1.15,1.22
380.4 ,Impacted cerumen,Diseases of the nervous system,23301,3098,1.19,6.633332e-18,1.14,1.23
240 ,Simple and unspecified goiter,"Endocrine, nutritional and metabolic...",1608,215,1.19,0.0187985409,1.03,1.38
241.9 ,Unspecified nontoxic nodular goiter,"Endocrine, nutritional and metabolic...",7359,986,1.19,0.00000039890156,1.12,1.28
386 ,Vertiginous syndromes and other...,Diseases of the nervous system,14520,1940,1.19,0.000000000002387768,1.14,1.25
571 ,Chronic liver disease and cirrhosis,Diseases of the digestive system,9740,1300,1.19,0.000000012657905,1.12,1.26
389.1 ,Sensorineural hearing loss,Diseases of the nervous system,2329,312,1.19,0.0046084875,1.06,1.35
402.11 ,Benign hypertensive heart disease...,Diseases of the circulatory system,4826,647,1.19,0.0000375275,1.1,1.3
574.5 ,Calculus of bile duct without...,Diseases of the digestive system,1604,213,1.18,0.025428237,1.02,1.37
272.9 ,Unspecified disorder of lipoid...,"Endocrine, nutritional and metabolic...",10689,1412,1.18,0.000000032678721,1.11,1.24
583 ,"Nephritis and nephropathy, not...",Diseases of the genitourinary...,3869,513,1.18,0.0006425181,1.07,1.3
296 ,Disorganized type,Mental disorders,3074,409,1.18,0.0018165467,1.06,1.31
296.2 ,"Major depressive disorder, single...",Mental disorders,3258,431,1.18,0.0020401168,1.06,1.3
428 ,Heart failure,Diseases of the circulatory system,3172,420,1.18,0.0021444311,1.06,1.31
884 ,Multiple and unspecified open...,Injury and poisoning,1768,235,1.18,0.0185994241,1.03,1.36
610.0 ,Solitary cyst of breast,Diseases of the genitourinary...,3852,512,1.18,0.0005186174,1.08,1.3
466 ,Acute bvronchitis and bronchiolitis,Diseases of the respiratory system,29254,3857,1.18,8.386266e-20,1.14,1.22
622.7 ,Mucous polyp of cervix,Diseases of the genitourinary...,9410,1244,1.18,0.00000017980441,1.11,1.25
362.50 ,"Macular degeneration (senile),...",Diseases of the nervous system,5342,708,1.18,0.0000621137,1.09,1.28
362.60 ,"Peripheral retinal degeneration,...",Diseases of the nervous system,5187,690,1.18,0.0000528816,1.09,1.28
364.00 ,"Acute and subacute iridocyclitis,...",Diseases of the nervous system,2397,319,1.18,0.0057770373,1.05,1.33
691 ,Atopic dermatitis and related...,Diseases of the skin and subcutaneous...,1803,240,1.18,0.0162006972,1.03,1.36
733.0 ,Osteoporosis,Diseases of the musculoskeletal...,61512,8090,1.18,7.451016e-40,1.15,1.21
372.8 ,Other disorders of conjunctiva,Diseases of the nervous system,2518,333,1.18,0.0070728301,1.04,1.32
373.1 ,Hordeolum and other deep inflammation...,Diseases of the nervous system,5088,677,1.18,0.0000594264,1.09,1.29
709.8 ,Other specified disorders of skin,Diseases of the skin and subcutaneous...,9951,1323,1.18,0.000000021607489,1.12,1.26
536 ,Disorders of function of stomach,Diseases of the digestive system,21727,2867,1.18,0.000000000000003720715,1.13,1.22
388.40 ,"Abnormal auditory perception,...",Diseases of the nervous system,1461,194,1.18,0.032690219,1.01,1.37
574 ,Cholelithiasis,Diseases of the digestive system,6361,844,1.18,0.0000106919,1.1,1.27
723.5 ,"Torticollis, unspecified",Diseases of the musculoskeletal...,3286,434,1.17,0.0023321974,1.06,1.3
921.3 ,Contusion of eyeball,Injury and poisoning,1569,206,1.17,0.043164677,1,1.35
617.0 ,Endometriosis of uterus,Diseases of the genitourinary...,3921,517,1.17,0.0010017971,1.07,1.29
629 ,Other disorders of female genital...,Diseases of the genitourinary...,7303,962,1.17,0.0000081426775,1.09,1.25
494 ,Bronchiectasis,Diseases of the respiratory system,9915,1309,1.17,0.00000011118239,1.11,1.25
372.1 ,Chronic conjunctivitis,Diseases of the nervous system,61739,8030,1.17,1.008199e-33,1.14,1.19
795.0 ,Nonspecific abnormal papanicolaou...,"Comorbidities, signs, and ill-defined...",1816,240,1.17,0.0222917462,1.02,1.35
382.3 ,Unspecified chronic suppurative...,Diseases of the nervous system,5800,766,1.17,0.0000509061,1.09,1.27
830 ,Dislocation of jaw,Injury and poisoning,2316,304,1.17,0.0143438416,1.03,1.32
250.9 ,Diabetes with unspecified complication,"Endocrine, nutritional and metabolic...",7805,1027,1.17,0.0000045620806,1.09,1.25
414 ,Other forms of chronic ischemic...,Diseases of the circulatory system,12018,1564,1.16,0.00000018374159,1.09,1.22
280 ,Iron deficiency anemias,Diseases of the blood and blood-forming...,3039,396,1.16,0.0080243432,1.04,1.29
590 ,Infections of kidney,Diseases of the genitourinary...,1927,251,1.16,0.0348056856,1.01,1.32
891 ,"Open wound of knee, leg (except...",Injury and poisoning,2943,386,1.16,0.0059296693,1.04,1.3
332.0 ,Paralysis agitans,Diseases of the nervous system,2207,289,1.16,0.0192289271,1.02,1.32
464.2 ,Acute larygotracheitis,Diseases of the respiratory system,5768,755,1.16,0.0001618489,1.08,1.26
362.9 ,Unspecified retinal disorder,Diseases of the nervous system,2637,345,1.16,0.0110853873,1.03,1.3
365 ,Glaucoma,Diseases of the nervous system,3300,432,1.16,0.004425597,1.05,1.29
008.6 ,"Virus Enteritis, specified",Infectious and parasitic diseases,1564,204,1.16,0.0565952557,0.99,1.34
366.1 ,Senile cataract,Diseases of the nervous system,18521,2421,1.16,0.00000000001552275,1.11,1.21
366.14 ,Posterior subcapsular polar senile...,Diseases of the nervous system,2729,356,1.16,0.0115083341,1.03,1.29
493 ,Asthma,Diseases of the respiratory system,13505,1761,1.16,0.000000017964723,1.1,1.22
370 ,Keratitis,Diseases of the nervous system,2643,346,1.16,0.0102535241,1.03,1.3
372 ,Disorders of conjunctiva,Diseases of the nervous system,8442,1102,1.16,0.0000075503668,1.09,1.24
372.2 ,Blepharoconjunctivitis,Diseases of the nervous system,4322,564,1.16,0.0014625673,1.06,1.27
372.72 ,Conjunctival hemorrhage,Diseases of the nervous system,38474,5019,1.16,4.572878e-22,1.13,1.2
220 ,Benign neoplasm of ovary,Neoplasms,11829,1546,1.16,0.000000084231062,1.1,1.23
250 ,Diabetes mellitus,"Endocrine, nutritional and metabolic...",35911,4674,1.16,5.933142e-20,1.12,1.2
250.40 ,"Diabetes with renal manifestations,...","Endocrine, nutritional and metabolic...",11008,1441,1.16,0.00000016448557,1.1,1.23
250.6 ,Diabetes with neurological manifestations,"Endocrine, nutritional and metabolic...",6530,854,1.16,0.0000647963,1.08,1.25
850 ,Concussion,Injury and poisoning,3418,445,1.15,0.005610202,1.04,1.28
933 ,Foreign body in pharynx and larynx,Injury and poisoning,1398,182,1.15,0.0776742983,0.98,1.35
362.6 ,Peripheral retinal degeneration,Diseases of the nervous system,2396,312,1.15,0.0191433282,1.02,1.3
367.5 ,Disorders of accommodation,Diseases of the nervous system,1974,257,1.15,0.033912705,1.01,1.32
070 ,Viral hepatitis,Infectious and parasitic diseases,2707,351,1.15,0.0170259564,1.02,1.29
558 ,Other and unspecified noninfectious...,Diseases of the digestive system,9051,1173,1.15,0.0000130733,1.08,1.22
401 ,Essential hypertension,Diseases of the circulatory system,40162,5185,1.15,1.507156e-19,1.12,1.19
435 ,Transient cerebral ischemia,Diseases of the circulatory system,1566,201,1.14,0.0955809796,0.97,1.32
455 ,Hemorrhoids,Diseases of the circulatory system,6826,876,1.14,0.0005226075,1.06,1.22
614.4 ,Chronic or unspecified parametritis...,Diseases of the genitourinary...,2432,312,1.14,0.038412755,1,1.28
622.1 ,Dysplasia of cervix (uteri),Diseases of the genitourinary...,7707,990,1.14,0.0002032266,1.06,1.22
931 ,Foreign body in ear,Injury and poisoning,3656,469,1.14,0.0116660709,1.03,1.25
629.9 ,Unspecified disorder of female...,Diseases of the genitourinary...,16080,2074,1.14,0.000000022480241,1.09,1.2
492 ,Emphysema,Diseases of the respiratory system,2255,291,1.14,0.0371227452,1.01,1.29
525.9 ,Unspecified disorder of the teeth...,Diseases of the digestive system,1395,179,1.14,0.1197521038,0.96,1.33
216.1 ,"Benign neoplasm of eyelid, including...",Neoplasms,1501,193,1.14,0.0965736071,0.97,1.32
374.00 ,"Entropion, unspecified",Diseases of the nervous system,3593,461,1.14,0.0118257856,1.03,1.25
380.23 ,Other chronic otitis externa,Diseases of the nervous system,4536,583,1.14,0.0040778099,1.04,1.24
799.9 ,Other unknown and unspecified...,"Comorbidities, signs, and ill-defined...",2269,292,1.14,0.0408645317,1,1.29
241 ,Nontoxic nodular goiter,"Endocrine, nutritional and metabolic...",1523,196,1.14,0.0910680255,0.98,1.32
245.2 ,Chronic lymphocytic thyroiditis,"Endocrine, nutritional and metabolic...",1644,211,1.14,0.0883359364,0.98,1.31
272 ,Disorders of lipoid metabolism,"Endocrine, nutritional and metabolic...",18644,2400,1.14,0.000000003004001,1.09,1.19
434.9 ,"Cerebral artery occlusion, unspecified",Diseases of the circulatory system,10593,1349,1.13,0.0000590214,1.06,1.19
599 ,Other disorders of urethra and...,Diseases of the genitourinary...,6744,864,1.13,0.0006892255,1.05,1.22
599.8 ,Other specified disorders of urethra...,Diseases of the genitourinary...,1521,194,1.13,0.1259443934,0.96,1.31
038.9 ,Unspecified septicemia,Infectious and parasitic diseases,4863,622,1.13,0.0044846477,1.04,1.23
367.1 ,Myopia,Diseases of the nervous system,7609,971,1.13,0.0005251884,1.05,1.21
070.3 ,Viral hepatitis B without mention...,Infectious and parasitic diseases,2307,295,1.13,0.0497906876,1,1.28
153.9 ,"Malignant neoplasm of colon, unspecified...",Neoplasms,4545,580,1.13,0.0073022675,1.03,1.23
532.9 ,"Duodenal ulcer, unspecified as...",Diseases of the digestive system,5374,684,1.13,0.004606714,1.04,1.22
789 ,Other symptoms involving abdomen...,"Comorbidities, signs, and ill-defined...",5374,689,1.13,0.0023041555,1.05,1.23
233.1 ,Carcinoma in situ of cervix uteri,Neoplasms,5122,656,1.13,0.0032219822,1.04,1.23
382.0 ,Acute suppurative otitis media,Diseases of the nervous system,1875,240,1.13,0.075533842,0.98,1.3
280.9 ,"Iron deficiency anemia, unspecified",Diseases of the blood and blood-forming...,11363,1444,1.12,0.0000465439,1.06,1.19
316 ,Psychic factors associated with...,Mental disorders,4194,532,1.12,0.0151880871,1.02,1.23
362.01 ,Background diabetic retinopathy,Diseases of the nervous system,9700,1233,1.12,0.0001576199,1.06,1.19
477 ,Allergic rhinitis,Diseases of the respiratory system,16034,2024,1.12,0.0000060688699,1.06,1.17
491 ,Chronic bronchitis,Diseases of the respiratory system,13422,1704,1.12,0.0000112275,1.07,1.18
147.9 ,"Malignant neoplasm of nasopharynx,...",Neoplasms,1964,249,1.12,0.0958928182,0.98,1.28
193 ,Malignant neoplasm of thyroid...,Neoplasms,1951,247,1.12,0.1020311192,0.97,1.28
711 ,Arthropathy associated with infections,Diseases of the musculoskeletal...,1598,203,1.12,0.125610187,0.96,1.3
381.01 ,Acute serous otitis media,Diseases of the nervous system,1733,220,1.12,0.1131983133,0.97,1.29
250.0 ,Diabetes Mellitus w/m of complication,"Endocrine, nutritional and metabolic...",35820,4525,1.12,0.000000000005601307,1.08,1.16
402.9 ,Hypertensive heart disease unspecified,Diseases of the circulatory system,19533,2462,1.11,0.00000090017991,1.07,1.16
434.0 ,Cerebral thrombosis,Diseases of the circulatory system,4535,571,1.11,0.0195445095,1.02,1.21
438 ,Late effects of cerebrovascular...,Diseases of the circulatory system,9998,1254,1.11,0.0009244771,1.04,1.18
916 ,"Superficial injury of hip, thigh,...",Injury and poisoning,1604,202,1.11,0.1699105816,0.95,1.29
616 ,"Inflammatory disease of cervix,...",Diseases of the genitourinary...,26576,3330,1.11,0.000000074602791,1.07,1.15
621.0 ,Polyp of corpus uteri,Diseases of the genitourinary...,1400,176,1.11,0.2079905682,0.94,1.3
366.00 ,"Nonsenile cataract, unspecified",Diseases of the nervous system,2137,269,1.11,0.1102995773,0.97,1.26
370.23 ,Filamentary keratitis,Diseases of the nervous system,3085,387,1.11,0.0659117836,0.99,1.23
511.9 ,Unspecified pleural effusion,Diseases of the respiratory system,1655,209,1.11,0.1425399219,0.96,1.29
373.2 ,Chalazion,Diseases of the nervous system,5257,660,1.11,0.0150979009,1.02,1.2
379.21 ,Vitreous degeneration,Diseases of the nervous system,8830,1113,1.11,0.0010092882,1.04,1.19
219.9 ,"Benign neoplasm of uterus, part...",Neoplasms,11933,1499,1.11,0.0002280039,1.05,1.17
250.7 ,Diabetes with peripheral circulatory...,"Endocrine, nutritional and metabolic...",1895,239,1.11,0.1209857475,0.97,1.28
571.5 ,Cirrhosis of liver without mention...,Diseases of the digestive system,10516,1327,1.11,0.0002822261,1.05,1.18
402 ,Hypertensive heart disease,Diseases of the circulatory system,28515,3566,1.11,0.00000004929773,1.07,1.15
427.31 ,Atrial fibrillation,Diseases of the circulatory system,3158,393,1.1,0.0933574712,0.98,1.22
434 ,Occlusion of cerebral arteries,Diseases of the circulatory system,2957,368,1.1,0.0996257775,0.98,1.22
882 ,Open wound of hand except finger(s)...,Injury and poisoning,1479,185,1.1,0.2205760204,0.94,1.29
440 ,Atherosclerosis,Diseases of the circulatory system,1947,243,1.1,0.165210743,0.96,1.26
616.2 ,Cyst of Bartholin's gland,Diseases of the genitourinary...,1848,231,1.1,0.1764280445,0.96,1.27
370.00 ,"Corneal ulcer, unspecified",Diseases of the nervous system,2822,351,1.1,0.1103117961,0.98,1.23
372.02 ,Acute follicular conjunctivitis,Diseases of the nervous system,4054,505,1.1,0.0540882985,1,1.21
345.90 ,"Epilepsy, unspecified, without...",Diseases of the nervous system,2532,314,1.09,0.1509423806,0.97,1.23
464.21 ,Acute laryngotracheitis with obstruction,Diseases of the respiratory system,3195,397,1.09,0.0953054213,0.98,1.22
367 ,"Infantile, juvenile, and presenile...",Diseases of the nervous system,2624,325,1.09,0.1494417448,0.97,1.23
373.13 ,Abscess of eyelid,Diseases of the nervous system,2470,306,1.09,0.1550419536,0.96,1.23
250.50 ,"Diabetes with ophthalmic manifestations,...","Endocrine, nutritional and metabolic...",4596,567,1.09,0.0703902005,0.99,1.19
611.7 ,Signs and symptoms in breast,Diseases of the genitourinary...,2655,327,1.08,0.1797343614,0.96,1.22
332.1 ,Secondary parkinsonism,Diseases of the nervous system,1553,191,1.08,0.3191490376,0.92,1.26
473 ,Chronic sinusitis,Diseases of the respiratory system,2474,303,1.08,0.230159926,0.95,1.21
362.5 ,Degeneration of macula and posterior...,Diseases of the nervous system,2880,354,1.08,0.1689549912,0.96,1.21
053 ,Herpes zoster,Infectious and parasitic diseases,1778,218,1.08,0.297198716,0.93,1.24
380.1 ,Infective otitis externa,Diseases of the nervous system,3161,388,1.08,0.1622856498,0.97,1.2
381.3 ,Other and unspecified chronic...,Diseases of the nervous system,1373,168,1.08,0.3737078561,0.91,1.26
437 ,Other and ill-defined cerebrovascular...,Diseases of the circulatory system,3010,366,1.07,0.2403753103,0.95,1.19
137.0 ,Late effects of respiratory or...,Infectious and parasitic diseases,4840,589,1.07,0.1356730156,0.98,1.17
242.9 ,Thyrotoxicosis w/m of goiter or...,"Endocrine, nutritional and metabolic...",6124,745,1.07,0.0950603908,0.99,1.15
585 ,Chronic renal failure,Diseases of the genitourinary...,16020,1939,1.06,0.0133142703,1.01,1.12
883 ,Open wound of finger(s),Injury and poisoning,3136,379,1.06,0.2863395022,0.95,1.18
038 ,Septicemia,Infectious and parasitic diseases,1929,234,1.06,0.3713756848,0.92,1.22
686 ,Other local infections of skin...,Diseases of the skin and subcutaneous...,6977,846,1.06,0.0898238407,0.99,1.14
110 ,Dermatophytosis,Infectious and parasitic diseases,3083,372,1.06,0.3083189325,0.95,1.18
216 ,Benign neoplasm of skin,Neoplasms,5688,689,1.06,0.1331057874,0.98,1.15
241.0 ,Nontoxic uninodular goiter,"Endocrine, nutritional and metabolic...",2393,290,1.06,0.3197211722,0.94,1.2
892 ,Open wound of foot except toe(s)...,Injury and poisoning,1615,193,1.05,0.5578042836,0.9,1.22
733 ,Other disorders of bone and cartilage,Diseases of the musculoskeletal...,7412,887,1.05,0.1878242588,0.98,1.13
155.2 ,"Malignant neoplasm of liver, not...",Neoplasms,1823,219,1.05,0.4622249533,0.91,1.21
362.10 ,"Background retinopathy, unspecified",Diseases of the nervous system,3947,469,1.04,0.4233632568,0.94,1.15
246 ,Other disorders of thyroid,"Endocrine, nutritional and metabolic...",3374,401,1.04,0.4650863324,0.93,1.16
250.4 ,Diabetes with renal manifestations,"Endocrine, nutritional and metabolic...",3848,456,1.04,0.462529592,0.94,1.14
362.0 ,Diabetic retinopathy,Diseases of the nervous system,4774,563,1.03,0.4947359725,0.94,1.13
626 ,Disorders of menstruation and...,Diseases of the genitourinary...,6762,797,1.03,0.4214266702,0.96,1.11
372.3 ,Other and unspecified conjunctivitis,Diseases of the nervous system,11623,1366,1.03,0.3563345231,0.97,1.09
535.1 ,Atrophic gastritis,Diseases of the digestive system,1471,174,1.03,0.6822516161,0.88,1.21
402.1 ,"Hypertensive heart disease, benign",Diseases of the circulatory system,3912,459,1.03,0.6152348458,0.93,1.13
416 ,Chronic pulmonary heart disease,Diseases of the circulatory system,3408,394,1.01,0.8717082988,0.91,1.12
610 ,Benign mammary dysplasias,Diseases of the genitourinary...,3238,376,1.01,0.8037546355,0.91,1.13
372.13 ,Vernal conjunctivitis,Diseases of the nervous system,2228,259,1.01,0.8158834219,0.89,1.16
379.23 ,Vitreous hemorrhage,Diseases of the nervous system,4035,466,1.01,0.8819742396,0.91,1.11
614 ,"Inflammatory disease of ovary,...",Diseases of the genitourinary...,2908,335,1,0.9303739498,0.89,1.13
361.30 ,"Retinal defect, unspecified",Diseases of the nervous system,1675,193,1,0.9388642341,0.86,1.17
218 ,Uterine leiomyoma,Neoplasms,6318,726,1,0.9684146612,0.93,1.08
823 ,Fracture of tibia and fibula,Injury and poisoning,1402,161,1,1,0.84,1.18
411 ,Other acute and subacute forms...,Diseases of the circulatory system,1602,182,0.99,0.9063746997,0.84,1.15
580 ,Acute glomerulonephritis,Diseases of the genitourinary...,2071,236,0.99,0.944974747,0.86,1.14
873 ,Other open wound of head,Injury and poisoning,2109,239,0.99,0.8642494492,0.86,1.13
379.8 ,Other specified disorders of eye...,Diseases of the nervous system,6171,705,0.99,0.9043355729,0.92,1.08
242.0 ,Toxic diffuse goiter,"Endocrine, nutritional and metabolic...",1694,192,0.99,0.8787652146,0.84,1.15
372.05 ,Acute atopic conjunctivitis,Diseases of the nervous system,2067,234,0.98,0.8628734682,0.86,1.13
174.9 ,"Malignant neoplasm of breast (female),...",Neoplasms,10628,1186,0.97,0.305235089,0.91,1.03
362.02 ,Proliferative diabetic retinopathy,Diseases of the nervous system,6115,678,0.96,0.3442245457,0.89,1.04
155.0 ,"Malignant neoplasm of liver, primary",Neoplasms,4043,446,0.96,0.3868566528,0.86,1.06
272.8 ,Other disorders of lipoid metabolism,"Endocrine, nutritional and metabolic...",1524,165,0.94,0.444901805,0.79,1.1
162.9 ,Malignant neoplasm of bronchus...,Neoplasms,2821,306,0.94,0.3006316354,0.83,1.06
582 ,Chronic glomerulonephritis,Diseases of the genitourinary...,2368,255,0.93,0.2869053598,0.81,1.06
174.0 ,Malignant neoplasm of nipple and...,Neoplasms,1443,155,0.93,0.4084198372,0.78,1.1
285.8 ,Other specified anemias,Diseases of the blood and blood-forming...,2425,255,0.91,0.1422759871,0.79,1.03
182.0 ,"Malignant neoplasm of corpus uteri,...",Neoplasms,1803,191,0.91,0.2516173469,0.78,1.06
622.8 ,Other specified noninflammatory...,Diseases of the genitourinary...,2256,237,0.9,0.1550006287,0.79,1.04
367.51 ,Paresis of accommodation,Diseases of the nervous system,1413,147,0.9,0.2104426945,0.75,1.06
586 ,"Renal failure, unspecified",Diseases of the genitourinary...,5747,593,0.89,0.0054059033,0.81,0.97
709 ,Other disorders of skin and subcutaneous...,Diseases of the skin and subcutaneous...,2729,279,0.88,0.0408089714,0.77,0.99
519 ,Other diseases of respiratory...,Diseases of the respiratory system,1655,168,0.87,0.0968781196,0.74,1.02
154.1 ,Malignant neoplasm of rectum,Neoplasms,1903,193,0.87,0.0664508609,0.75,1.01
174 ,Malignant female breast neoplasm,Neoplasms,3655,370,0.87,0.0093241883,0.78,0.97
180.9 ,"Malignant neoplasm of cervix uteri,...",Neoplasms,6365,638,0.86,0.0002074555,0.79,0.93
790.4 ,Nonspecific elevation of levels...,"Comorbidities, signs, and ill-defined...",1931,193,0.86,0.0415882015,0.73,0.99
295.90 ,"Unspecified schizophrenia, unspecified",Mental disorders,1734,166,0.82,0.012762377,0.69,0.96
431 ,Intracerebral hemorrhage,Diseases of the circulatory system,4358,419,0.82,0.0000842075,0.74,0.91
780.0 ,Alteration of consciousness,"Comorbidities, signs, and ill-defined...",1820,171,0.8,0.0045814997,0.68,0.94
183.0 ,Malignant neoplasm of ovary,Neoplasms,1546,141,0.77,0.0031049268,0.65,0.92
285 ,Other and unspecified anemias,Diseases of the blood and blood-forming...,1819,162,0.75,0.0004051552,0.64,0.89
519.8 ,Other diseases of respiratory...,Diseases of the respiratory system,1447,123,0.72,0.0002750049,0.59,0.86
914.6 ,Superficial foreign body (splinter)...,Injury and poisoning,3288,259,0.66,0.000000000009757152,0.58,0.75
295 ,Schizophrenic disorders,Mental disorders,2112,152,0.6,0.0000000000587612,0.5,0.7
