disease_2,disease_name,category,count,co_occurrence,odds_ratio,p_value,95_ci_lower,95_ci_upper
315.3 ,Developmental speech or language...,Mental disorders,5132,743,156.93,< 0.0001,143.45,171.64
343.9 ,"Infantile cerebral palsy, unspecified",Diseases of the nervous system,3756,491,122.38,< 0.0001,110.33,136.63
315.5 ,Mixed development disorder,Mental disorders,4674,563,115.44,< 0.0001,104.68,127.26
315.9 ,Unspecified delay in development,Mental disorders,6224,636,99.52,< 0.0001,90.44,109.25
315.39 ,Other developmental speech or...,Mental disorders,7440,707,95.3,< 0.0001,87.13,104.38
319 ,Unspecified intellectual disabilities,Mental disorders,2630,252,77.29,< 0.0001,67.19,88.87
317 ,Mild intellectual disabilities,Mental disorders,2264,203,70.35,1.23285e-282,60.2,81.99
277.9 ,Unspecified disorder of metabolism,"Endocrine, nutritional and metabolic...",2001,178,69.01,4.67399e-247,58.47,81.1
314.01 ,Attention deficit disorder with...,Mental disorders,2689,187,53.01,3.97187e-239,45.2,61.93
345.9 ,"Epilepsy, unspecified",Diseases of the nervous system,5009,311,49.49,< 0.0001,43.63,55.98
765.1 ,Disorders relating to other preterm...,Certain conditions originating...,2540,128,36.72,1.21949e-145,30.37,44.14
349.9 ,Unspecified disorders of nervous...,Diseases of the nervous system,8691,330,29.69,< 0.0001,26.34,33.43
784.5 ,Other speech disturbance,"Comorbidities, signs, and ill-defined...",6066,223,27.43,8.30818e-224,23.76,31.58
362.21 ,Retrolental fibroplasia,Diseases of the nervous system,2163,83,27.11,4.483485e-85,21.41,33.91
261 ,Nutritional marasmus,"Endocrine, nutritional and metabolic...",1848,65,24.59,1.612578e-64,18.84,31.58
719.8 ,Other specified disorders of joint,Diseases of the musculoskeletal...,2195,72,22.94,3.463149e-69,17.83,29.1
781.2 ,Abnormality of gait,"Comorbidities, signs, and ill-defined...",4017,126,22.37,7.64085e-118,18.49,26.85
783.4 ,Lack of expected normal physiological...,"Comorbidities, signs, and ill-defined...",15357,412,21.45,< 0.0001,19.23,23.89
345.90 ,"Epilepsy, unspecified, without...",Diseases of the nervous system,6860,189,20.06,1.90448e-166,17.17,23.32
378.0 ,Esotropia,Diseases of the nervous system,2302,63,18.96,6.266706e-56,14.48,24.43
734 ,Flat foot,Diseases of the musculoskeletal...,3870,97,17.55,7.698425e-82,14.14,21.56
389.10 ,"Sensorineural hearing loss, unspecified",Diseases of the nervous system,2543,61,16.55,7.308576e-51,12.58,21.41
378.1 ,Exophopia,Diseases of the nervous system,2649,63,16.41,2.936822e-52,12.54,21.15
389.9 ,Unspecified hearing loss,Diseases of the nervous system,6818,155,16.24,4.4827e-124,13.68,19.15
378.9 ,Unspecified disorder of eye movements,Diseases of the nervous system,4195,82,13.52,5.255438e-61,10.69,16.9
723.5 ,"Torticollis, unspecified",Diseases of the musculoskeletal...,4898,95,13.48,3.540824e-70,10.85,16.58
765.10 ,"Other preterm infants, unspecified...",Certain conditions originating...,3154,56,12.14,6.065146e-40,9.12,15.86
754.1 ,Congenital musculoskeletal deformities...,Congenital anomalies,2290,39,11.56,1.237767e-27,8.18,15.9
754.30 ,"Congenital dislocation of hip,...",Congenital anomalies,2105,35,11.27,1.268795e-24,7.81,15.77
243 ,Congenital hypothyroidism,"Endocrine, nutritional and metabolic...",2009,33,11.12,3.820724e-23,7.62,15.71
038 ,Septicemia,Infectious and parasitic diseases,2283,37,10.99,1.456958e-25,7.7,15.24
381.1 ,Chronic serous otitis media,Diseases of the nervous system,4253,66,10.62,2.940871e-43,8.17,13.59
780.3 ,Convulsions,"Comorbidities, signs, and ill-defined...",12885,189,10.5,7.50522e-118,9,12.2
253.3 ,Pituitary dwarfism,"Endocrine, nutritional and metabolic...",1968,30,10.3,2.735662e-20,6.91,14.78
745.5 ,Ostium secundum type atrial septal...,Congenital anomalies,7329,108,10.23,9.748238e-68,8.35,12.43
388.8 ,Other disorders of ear,Diseases of the nervous system,3193,47,10,2.936796e-30,7.31,13.37
531.7 ,"Gastric ulcer, chronic without...",Diseases of the digestive system,2225,32,9.71,8.371198e-21,6.61,13.79
747.0 ,Patent ductus arteriosus,Congenital anomalies,2818,37,8.87,1.709098e-22,6.22,12.29
780 ,General symptoms,"Comorbidities, signs, and ill-defined...",11703,145,8.69,7.734611e-81,7.29,10.3
783.9 ,"Other symptoms concerning nutrition,...","Comorbidities, signs, and ill-defined...",1944,25,8.65,0.000000000000001705519,5.57,12.83
378.00 ,"Esotropia, unspecified",Diseases of the nervous system,3397,43,8.56,2.797422e-25,6.17,11.6
378.10 ,"Exotropia, unspecified",Diseases of the nervous system,5156,57,7.5,4.722773e-30,5.66,9.77
491.0 ,Simple chronic bronchitis,Diseases of the respiratory system,2300,24,7,0.0000000000005136575,4.46,10.46
737.30 ,"Scoliosis [and kyphoscoliosis],...",Diseases of the musculoskeletal...,1919,20,6.98,0.00000000004375984,4.25,10.83
368.0 ,Amblyopia ex anopsia,Diseases of the nervous system,7777,78,6.85,1.003292e-37,5.39,8.59
746.9 ,Unspecified congenital anomaly...,Congenital anomalies,17041,162,6.68,5.42652e-74,5.66,7.84
038.9 ,Unspecified septicemia,Infectious and parasitic diseases,9954,88,6.04,2.74808e-38,4.82,7.48
745.4 ,Ventricular septal defect,Congenital anomalies,6523,58,6.02,7.534001e-26,4.55,7.82
854.0 ,Intracranial injury of other and...,Injury and poisoning,3713,33,5.97,0.00000000000000231026,4.09,8.42
461.1 ,Acute frontal sinusitis,Diseases of the respiratory system,4186,31,4.96,0.000000000001695824,3.36,7.07
530.8 ,Other specified disorders of esophagus,Diseases of the digestive system,3528,26,4.93,0.0000000001115382,3.21,7.25
593.7 ,Vesicoureteral reflux,Diseases of the genitourinary...,2731,20,4.89,0.000000016469716,2.97,7.58
374.0 ,Entropion and trichiasis of eyelid,Diseases of the nervous system,2928,21,4.79,0.000000010410511,2.95,7.34
692.8 ,"Contact dermatitis and other eczema,...",Diseases of the skin and subcutaneous...,5123,36,4.71,0.0000000000001308251,3.29,6.55
367.0 ,Hypermetropia,Diseases of the nervous system,32041,209,4.62,2.391394e-67,3.99,5.32
558.1 ,Gastroenteritis and colitis due...,Diseases of the digestive system,1876,13,4.61,0.0000089764911,2.45,7.92
493.9 ,"Asthma, unspecified",Diseases of the respiratory system,55285,339,4.53,2.75942e-103,4.03,5.08
578.9 ,Hemorrhage of gastrointestinal...,Diseases of the digestive system,1996,13,4.33,0.0000170716,2.3,7.44
382.3 ,Unspecified chronic suppurative...,Diseases of the nervous system,2463,16,4.32,0.0000019871831,2.46,7.05
750.0 ,Tongue tie,Congenital anomalies,6228,40,4.31,0.0000000000001007763,3.07,5.89
367.2 ,Astigmatism,Diseases of the nervous system,24494,150,4.25,3.286938e-45,3.57,5.01
276 ,"Disorder of fluid, electrolyte,...","Endocrine, nutritional and metabolic...",2029,12,3.93,0.0000877673,2.02,6.89
799.8 ,Other ill-defined conditions,"Comorbidities, signs, and ill-defined...",4992,29,3.88,0.0000000021479794,2.59,5.59
788.3 ,Incontinence of urine,"Comorbidities, signs, and ill-defined...",5464,31,3.79,0.0000000010616019,2.57,5.4
381.10 ,"Chronic serous otitis media, simple...",Diseases of the nervous system,3878,22,3.78,0.00000026156787,2.36,5.74
596.5 ,Other functional disorders of...,Diseases of the genitourinary...,1935,11,3.77,0.0002376403,1.88,6.78
729.5 ,Pain in limb,Diseases of the musculoskeletal...,2487,14,3.74,0.0000399294,2.04,6.3
530.9 ,Unspecified disorder of esophagus,Diseases of the digestive system,4432,24,3.61,0.00000017616967,2.3,5.39
382.0 ,Acute suppurative otitis media,Diseases of the nervous system,31031,159,3.55,1.07049e-38,3,4.17
307.6 ,Enuresis,Mental disorders,3801,20,3.5,0.0000027389927,2.13,5.43
573.3 ,"Hepatitis, unspecified",Diseases of the digestive system,1946,10,3.41,0.0009606629,1.63,6.29
374.00 ,"Entropion, unspecified",Diseases of the nervous system,4577,23,3.34,0.0000011013476,2.11,5.04
854.00 ,Intracranial injury of other and...,Injury and poisoning,14447,71,3.31,4.616822e-17,2.58,4.2
854 ,Intracranial injury of other and...,Injury and poisoning,2436,12,3.27,0.0004541167,1.68,5.73
550.9 ,"Inguinal hernia, without mention...",Diseases of the digestive system,3255,16,3.27,0.00005756,1.86,5.32
259.1 ,Precocious sexual development...,"Endocrine, nutritional and metabolic...",6754,33,3.26,0.000000011358661,2.24,4.6
873.1 ,"Open wound of scalp, complicated",Injury and poisoning,2037,10,3.26,0.0013446841,1.56,6.01
726.90 ,Enthesopathy of unspecified site,Diseases of the musculoskeletal...,5402,26,3.21,0.00000050641655,2.09,4.71
380.1 ,Infective otitis externa,Diseases of the nervous system,3746,18,3.19,0.0000274556,1.89,5.06
785.2 ,Undiagnosed cardiac murmurs,"Comorbidities, signs, and ill-defined...",13997,64,3.08,0.00000000000003920004,2.36,3.94
266.9 ,Unspecified vitamin B deficiency,"Endocrine, nutritional and metabolic...",2624,12,3.03,0.0008598347,1.56,5.32
372.9 ,Unspecified disorder of conjunctiva,Diseases of the nervous system,6305,28,2.96,0.00000089743796,1.96,4.29
370.9 ,Unspecified keratitis,Diseases of the nervous system,3189,14,2.91,0.0004964644,1.59,4.9
530.1 ,Esophagitis,Diseases of the digestive system,12677,55,2.91,0.0000000000164891,2.18,3.8
473.0 ,Chronic maxillary sinusitis,Diseases of the respiratory system,2071,9,2.88,0.0050316763,1.31,5.48
486 ,"Pneumonia, organism unspecified",Diseases of the respiratory system,117484,452,2.87,2.739617e-73,2.59,3.18
372.3 ,Other and unspecified conjunctivitis,Diseases of the nervous system,14966,63,2.83,0.000000000002020937,2.16,3.63
285.9 ,"Anemia, unspecified",Diseases of the blood and blood-forming...,9431,40,2.83,0.000000016275663,2.02,3.87
429.9 ,"Heart disease, unspecified",Diseases of the circulatory system,1875,8,2.83,0.0087910387,1.22,5.59
708.8 ,Other specified urticaria,Diseases of the skin and subcutaneous...,10910,46,2.82,0.0000000017160702,2.06,3.77
560.9 ,Unspecified intestinal obstruction,Diseases of the digestive system,7628,32,2.79,0.00000052723857,1.91,3.96
565.0 ,Anal fissure,Diseases of the digestive system,8899,37,2.77,0.000000089110077,1.95,3.84
380.2 ,Other otitis externa,Diseases of the nervous system,2396,10,2.77,0.0042385007,1.32,5.1
474.10 ,Hypertrophy of tonsil with adenoids,Diseases of the respiratory system,3831,16,2.77,0.0003523292,1.58,4.52
491.9 ,Unspecified chronic bronchitis,Diseases of the respiratory system,9441,39,2.76,0.000000047937117,1.95,3.78
368.00 ,"Amblyopia, unspecified",Diseases of the nervous system,22905,93,2.75,1.068752e-16,2.21,3.38
276.9 ,Electrolyte and fluid disorders...,"Endocrine, nutritional and metabolic...",5075,21,2.75,0.0000529997,1.7,4.22
375.55 ,"Obstruction of nasolacrimal duct,...",Diseases of the nervous system,3863,16,2.75,0.0003851153,1.57,4.48
446.1 ,Acute febrile mucocutaneous lymph...,Diseases of the circulatory system,3173,13,2.72,0.0014267497,1.44,4.66
564.1 ,Irritable bowel syndrome,Diseases of the digestive system,19598,78,2.68,0.00000000000008394358,2.11,3.36
493.91 ,"Asthma, unspecified type, with...",Diseases of the respiratory system,18289,72,2.65,0.000000000001976201,2.06,3.35
465.9 ,Acute upper respiratory infections...,Diseases of the respiratory system,1529735,2455,2.64,9.089511e-26,2.13,3.29
473.8 ,Other chronic sinusitis,Diseases of the respiratory system,4154,16,2.55,0.0008245208,1.46,4.16
945.00 ,Burn of unspecified degree of...,Injury and poisoning,3656,14,2.54,0.0017793503,1.38,4.27
706.3 ,Seborrhea,Diseases of the skin and subcutaneous...,5230,20,2.54,0.0002191586,1.55,3.93
380.4 ,Impacted cerumen,Diseases of the nervous system,75849,273,2.54,3.772437e-38,2.23,2.88
727.00 ,"Synovitis and tenosynovitis, unspecified",Diseases of the musculoskeletal...,10026,38,2.53,0.00000080083447,1.78,3.48
127.9 ,"Intestinal helminthiasis, unspecified",Infectious and parasitic diseases,2367,9,2.52,0.011385228,1.15,4.79
535.5 ,Unspecified gastritis & gastroduodenitis,Diseases of the digestive system,23274,87,2.52,0.0000000000001072189,2.01,3.12
873 ,Other open wound of head,Injury and poisoning,6611,25,2.51,0.0000463946,1.62,3.72
873.49 ,Open wound of other and multiple...,Injury and poisoning,4507,17,2.5,0.0007246864,1.45,4.02
787.7 ,Abnormal feces,"Comorbidities, signs, and ill-defined...",6951,26,2.49,0.0000395437,1.62,3.65
008.5 ,"Bacterial enteritis, unspecified",Infectious and parasitic diseases,10471,39,2.48,0.00000073635153,1.76,3.41
850.9 ,"Concussion, unspecified",Injury and poisoning,11007,41,2.48,0.00000037504727,1.78,3.38
485 ,"Bronchopneumonia, organism unspecified",Diseases of the respiratory system,138294,462,2.47,4.285727e-57,2.23,2.74
424.0 ,Mitral valve disorders,Diseases of the circulatory system,2154,8,2.46,0.0186452345,1.06,4.86
473.9 ,Unspecified sinusitis (chronic),Diseases of the respiratory system,47515,170,2.46,1.442265e-23,2.09,2.88
117.9 ,Other and unspecified mycoses,Infectious and parasitic diseases,4924,18,2.42,0.0007331043,1.43,3.84
482.8 ,Pneumonia due to other specified...,Diseases of the respiratory system,3846,14,2.41,0.0027931586,1.32,4.06
379.8 ,Other specified disorders of eye...,Diseases of the nervous system,5255,19,2.4,0.0009427074,1.44,3.76
719.4 ,Pain in joint,Diseases of the musculoskeletal...,1930,7,2.4,0.0298315105,0.96,4.96
381.4 ,"Nonsuppurative otitis media, not...",Diseases of the nervous system,17306,62,2.4,0.000000001669485,1.83,3.09
523.1 ,Chronic gingivitis,Diseases of the digestive system,2792,10,2.37,0.011615545,1.13,4.37
367.21 ,Regular astigmatism,Diseases of the nervous system,14451,51,2.36,0.000000073018495,1.75,3.11
008.49 ,Intestinal infection due to other...,Infectious and parasitic diseases,2530,9,2.35,0.0167792767,1.07,4.48
692.3 ,Contact dermatitis and other eczema...,Diseases of the skin and subcutaneous...,6852,24,2.33,0.0002302093,1.49,3.47
480.9 ,"Viral pneumonia, unspecified",Diseases of the respiratory system,5692,20,2.33,0.0007990228,1.42,3.61
873.8 ,Other and unspecified open wound...,Injury and poisoning,9021,31,2.28,0.0000531738,1.55,3.25
564.0 ,Constipation,Diseases of the digestive system,213735,633,2.27,8.113056e-62,2.07,2.49
276.5 ,Volume depletion,"Endocrine, nutritional and metabolic...",47024,156,2.27,1.069007e-18,1.92,2.67
079.9 ,Unspecified viral and chlamydial...,Infectious and parasitic diseases,48141,159,2.26,5.685928e-19,1.91,2.65
112.0 ,Candidiasis of mouth,Infectious and parasitic diseases,42218,140,2.26,8.002076e-17,1.89,2.68
078.2 ,Sweating fever,Infectious and parasitic diseases,2056,7,2.25,0.0396729221,0.9,4.66
372.0 ,Acute conjunctivitis,Diseases of the nervous system,49211,162,2.25,4.244498e-19,1.91,2.64
477.0 ,Allergic rhinitis due to pollen,Diseases of the respiratory system,5012,17,2.25,0.002686548,1.31,3.61
850.0 ,Concussion with no loss of consciousness,Injury and poisoning,10663,36,2.25,0.0000149334,1.57,3.12
382 ,Suppurative and unspecified otitis...,Diseases of the nervous system,7418,25,2.24,0.0004184287,1.44,3.31
844.9 ,Sprains and strains of unspecified...,Injury and poisoning,2659,9,2.24,0.0222159058,1.02,4.26
477.9 ,"Allergic rhinitis, cause unspecified",Diseases of the respiratory system,279048,775,2.2,2.266279e-66,2.02,2.39
381 ,Nonsuppurative otitis media and...,Diseases of the nervous system,8219,27,2.18,0.0002792066,1.43,3.18
466.1 ,Acute bronchiolitis,Diseases of the respiratory system,468944,1166,2.18,1.009321e-81,2.02,2.36
729.2 ,"Neuralgia, neuritis, and radiculitis,...",Diseases of the musculoskeletal...,2145,7,2.16,0.0477684085,0.87,4.46
771.8 ,Septicemia [sepsis] of newborn,Certain conditions originating...,2463,8,2.15,0.0367586796,0.93,4.25
536.9 ,Unspecified functional disorder...,Diseases of the digestive system,218098,619,2.15,7.541983e-54,1.96,2.36
003.0 ,Salmonella gastroenteritis,Infectious and parasitic diseases,12114,39,2.14,0.0000189836,1.52,2.94
599.0 ,"Urinary tract infection, site...",Diseases of the genitourinary...,98930,301,2.14,1.515825e-29,1.89,2.42
112.3 ,Candidiasis of skin and nails,Infectious and parasitic diseases,5875,19,2.14,0.0034376622,1.29,3.36
112.9 ,Candidiasis of unspecified site,Infectious and parasitic diseases,14302,46,2.14,0.0000039596253,1.56,2.87
780.9 ,Other general symptoms,"Comorbidities, signs, and ill-defined...",26121,83,2.13,0.0000000010184003,1.69,2.66
322.9 ,"Meningitis, unspecified",Diseases of the nervous system,3772,12,2.11,0.0176014593,1.09,3.69
692.0 ,Contact dermatitis and other eczema...,Diseases of the skin and subcutaneous...,37380,116,2.1,0.000000000002114622,1.73,2.53
372.1 ,Chronic conjunctivitis,Diseases of the nervous system,51589,159,2.1,3.164617e-16,1.78,2.47
560.39 ,Other impaction of intestine,Diseases of the digestive system,19156,60,2.09,0.00000031964115,1.59,2.71
783.0 ,Anorexia,"Comorbidities, signs, and ill-defined...",14643,46,2.09,0.0000084715636,1.53,2.8
923.3 ,Contusion of finger,Injury and poisoning,2535,8,2.09,0.0634857739,0.9,4.12
550.92 ,"Inguinal hernia, without mention...",Diseases of the digestive system,2248,7,2.06,0.0912167265,0.83,4.25
697.9 ,"Lichen, unspecified",Diseases of the skin and subcutaneous...,1942,6,2.04,0.0783553763,0.75,4.46
482.9 ,"Bacterial pneumonia, unspecified",Diseases of the respiratory system,13716,42,2.04,0.0000342766,1.46,2.77
535.4 ,Other specified gastritis,Diseases of the digestive system,2912,9,2.04,0.0483058364,0.93,3.89
695.89 ,Other specified erythematous conditions,Diseases of the skin and subcutaneous...,6535,20,2.03,0.0035933957,1.24,3.14
008.8 ,Intestinal infection due to other...,Infectious and parasitic diseases,6889,21,2.02,0.0028942173,1.25,3.1
782.4 ,"Jaundice, unspecified, not of...","Comorbidities, signs, and ill-defined...",4287,13,2.01,0.0173839802,1.07,3.44
873.0 ,"Open wound of scalp, without mention...",Injury and poisoning,25650,77,2.01,0.000000041704997,1.58,2.53
924.9 ,Contusion of unspecified site,Injury and poisoning,9271,28,2,0.0007347311,1.33,2.91
057.9 ,"Viral exanthem, unspecified",Infectious and parasitic diseases,28178,84,2,0.000000017562771,1.59,2.49
382.00 ,Acute suppurative otitis media...,Diseases of the nervous system,59387,174,2,8.91399e-16,1.71,2.34
599.9 ,Unspecified disorder of urethra...,Diseases of the genitourinary...,7443,22,1.96,0.0038980309,1.22,2.97
681.9 ,Cellulitis and abscess of unspecified...,Diseases of the skin and subcutaneous...,6407,19,1.96,0.0087145661,1.18,3.08
873.4 ,"Facial laceration, without mention...",Injury and poisoning,14980,44,1.96,0.0000521457,1.42,2.63
599 ,Other disorders of urethra and...,Diseases of the genitourinary...,5760,17,1.95,0.0099079697,1.14,3.14
374.05 ,Trichiasis of eyelid without entropion,Diseases of the nervous system,13697,40,1.94,0.0001443645,1.38,2.65
729.4 ,"Fasciitis, unspecified",Diseases of the musculoskeletal...,5448,16,1.94,0.0130921107,1.11,3.17
789 ,Other symptoms involving abdomen...,"Comorbidities, signs, and ill-defined...",4453,13,1.93,0.0298115316,1.03,3.31
110.3 ,Dermatophytosis of groin and perianal...,Infectious and parasitic diseases,4164,12,1.91,0.0410561717,0.98,3.34
693.8 ,Dermatitis due to other specified...,Diseases of the skin and subcutaneous...,4168,12,1.9,0.0411625177,0.98,3.34
535.0 ,Acute gastritis,Diseases of the digestive system,64942,181,1.9,0.0000000000000221915,1.63,2.22
931 ,Foreign body in ear,Injury and poisoning,8401,24,1.89,0.0042832782,1.21,2.83
943.00 ,Burn of unspecified degree of...,Injury and poisoning,2448,7,1.89,0.1070070132,0.76,3.9
382.4 ,Unspecified suppurative otitis...,Diseases of the nervous system,10555,30,1.89,0.0014752883,1.27,2.7
771.7 ,Neonatal Candida infection,Certain conditions originating...,4194,12,1.89,0.041881588,0.98,3.32
691.0 ,Diaper or napkin rash,Diseases of the skin and subcutaneous...,85816,234,1.88,2.756134e-17,1.64,2.15
788.4 ,Frequency of urination and polyuria,"Comorbidities, signs, and ill-defined...",9236,26,1.87,0.0030018823,1.22,2.74
787.3 ,"Flatulence, eructation, and gas...","Comorbidities, signs, and ill-defined...",100374,269,1.86,7.683811e-19,1.63,2.11
560.3 ,Impaction of intestine,Diseases of the digestive system,2494,7,1.85,0.1116996529,0.74,3.83
528 ,"Disease of the oral soft tissues,...",Diseases of the digestive system,2497,7,1.85,0.1120188569,0.74,3.83
681.02 ,Onychia and paronychia of finger,Diseases of the skin and subcutaneous...,2874,8,1.84,0.0879080243,0.79,3.64
368.03 ,Refractive amblyopia,Diseases of the nervous system,14557,40,1.83,0.0005330213,1.3,2.5
691.8 ,Other atopic dermatitis and related...,Diseases of the skin and subcutaneous...,106313,279,1.82,2.205997e-18,1.6,2.06
466.0 ,Acute bronchitis,Diseases of the respiratory system,992964,1843,1.81,6.901968e-44,1.66,1.98
382.9 ,Unspecified otitis media,Diseases of the nervous system,227293,560,1.8,4.185773e-31,1.64,1.98
841.9 ,Sprains and strains of unspecified...,Injury and poisoning,2565,7,1.8,0.1196766709,0.72,3.73
464.30 ,Acute epiglottitis without mention...,Diseases of the respiratory system,8495,23,1.79,0.0107210556,1.13,2.7
535.01 ,"Acute gastritis, with hemorrhage",Diseases of the digestive system,5165,14,1.79,0.0447265623,0.98,3.02
709.2 ,Scar conditions and fibrosis of...,Diseases of the skin and subcutaneous...,2977,8,1.78,0.0984855472,0.77,3.51
464.4 ,Croup,Diseases of the respiratory system,42449,112,1.78,0.000000043539563,1.45,2.15
786.09 ,Other respiratory abnormalities,"Comorbidities, signs, and ill-defined...",5580,15,1.78,0.0357285162,0.99,2.94
461.9 ,"Acute sinusitis, unspecified",Diseases of the respiratory system,733276,1464,1.75,2.465856e-44,1.61,1.89
883 ,Open wound of finger(s),Injury and poisoning,2266,6,1.75,0.1659950439,0.64,3.82
910.4 ,"Insect bite, nonvenomous of face,...",Injury and poisoning,3029,8,1.75,0.1505466259,0.75,3.45
493.90 ,"Asthma, unspecified type, unspecified",Diseases of the respiratory system,129995,324,1.74,4.414176e-18,1.54,1.95
923.20 ,Contusion of hand(s),Injury and poisoning,2664,7,1.74,0.1322228706,0.7,3.59
057.8 ,Other specified viral exanthemata,Infectious and parasitic diseases,9575,25,1.73,0.0113299568,1.12,2.56
550.90 ,"Inguinal hernia, without mention...",Diseases of the digestive system,8852,23,1.72,0.0132770439,1.09,2.59
556 ,Idiopathic proctocolitis,Diseases of the digestive system,3843,10,1.72,0.0922859893,0.82,3.17
692.9 ,"Contact dermatitis and other eczema,...",Diseases of the skin and subcutaneous...,373591,839,1.72,3.291508e-35,1.58,1.87
483 ,Pneumonia due to other specified...,Diseases of the respiratory system,26402,68,1.72,0.0000424618,1.33,2.19
490 ,"Bronchitis, not specified as acute...",Diseases of the respiratory system,52894,134,1.71,0.000000021375966,1.42,2.03
780.6 ,Fever,"Comorbidities, signs, and ill-defined...",322720,732,1.7,5.706745e-31,1.55,1.85
705.1 ,Prickly heat,Diseases of the skin and subcutaneous...,34010,86,1.69,0.0000081208079,1.35,2.1
379.90 ,"Disorder of eye, unspecified",Diseases of the nervous system,3909,10,1.69,0.097120333,0.81,3.12
848.9 ,Unspecified site of sprain and...,Injury and poisoning,16903,43,1.69,0.0013753731,1.22,2.28
493.00 ,"Extrinsic asthma, unspecified",Diseases of the respiratory system,20024,51,1.69,0.0004800425,1.26,2.24
879.8 ,Open wound(s) (multiple) of unspecified...,Injury and poisoning,13380,34,1.69,0.0048823604,1.16,2.36
779.3 ,NB FEEDING PROBLEMS,Certain conditions originating...,6687,17,1.68,0.0391211806,0.98,2.7
461.8 ,Other acute sinusitis,Diseases of the respiratory system,55375,138,1.68,0.000000032272147,1.41,2
870 ,Open wound of ocular adnexa,Injury and poisoning,1967,5,1.68,0.2322665809,0.54,3.93
009.0 ,"Infectious colitis, enteritis,...",Infectious and parasitic diseases,256596,589,1.67,3.517892e-25,1.52,1.83
054.2 ,Herpetic gingivostomatitis,Infectious and parasitic diseases,42697,106,1.67,0.0000015170055,1.36,2.02
686.8 ,Other specified local infections...,Diseases of the skin and subcutaneous...,43375,108,1.67,0.0000012693192,1.36,2.03
729.1 ,"Myalgia and myositis, unspecified",Diseases of the musculoskeletal...,13099,33,1.67,0.0063271858,1.15,2.35
682.9 ,Cellulitis and abscess of unspecified...,Diseases of the skin and subcutaneous...,47389,117,1.66,0.00000058624553,1.37,2
370.20 ,"Superficial keratitis, unspecified",Diseases of the nervous system,4781,12,1.66,0.0894791549,0.86,2.91
701.4 ,Keloid scar,Diseases of the skin and subcutaneous...,3181,8,1.66,0.1619678642,0.72,3.28
558.9 ,Other and unspecified noninfectious...,Diseases of the digestive system,739813,1439,1.65,3.049612e-36,1.52,1.79
429.2 ,"Cardiovascular disease, unspecified",Diseases of the circulatory system,2799,7,1.65,0.2123814356,0.66,3.41
474.0 ,Chronic tonsillitis,Diseases of the respiratory system,11260,28,1.65,0.0141353804,1.09,2.39
560.0 ,Intussusception,Diseases of the digestive system,2824,7,1.64,0.2145710579,0.66,3.38
003.9 ,"Salmonella infection, unspecified",Infectious and parasitic diseases,8452,21,1.64,0.0335064085,1.02,2.52
680.8 ,Carbuncle and furuncle of other...,Diseases of the skin and subcutaneous...,3247,8,1.63,0.1681843674,0.7,3.22
372.39 ,Other conjunctivitis,Diseases of the nervous system,8127,20,1.63,0.0430080133,0.99,2.52
728.9 ,"Unspecified disorder of muscle,...",Diseases of the musculoskeletal...,2434,6,1.63,0.1933982586,0.6,3.55
597.80 ,"Urethritis, unspecified",Diseases of the genitourinary...,6927,17,1.62,0.0601482793,0.94,2.61
461.0 ,Acute maxillary sinusitis,Diseases of the respiratory system,49991,119,1.6,0.0000027521476,1.32,1.92
480.0 ,Pneumonia due to adenovirus,Diseases of the respiratory system,2480,6,1.6,0.2889350079,0.59,3.49
854.01 ,Intracranial injury of other and...,Injury and poisoning,7430,18,1.6,0.0510710071,0.95,2.54
989.5 ,Toxic effect of venom,Injury and poisoning,8724,21,1.59,0.0380366302,0.98,2.44
374.82 ,Edema of eyelid,Diseases of the nervous system,2078,5,1.59,0.2533820961,0.51,3.72
380.15 ,Chronic mycotic otitis externa,Diseases of the nervous system,3730,9,1.59,0.1978863215,0.73,3.03
873.40 ,"Open wound of face, unspecified...",Injury and poisoning,39113,93,1.59,0.0000416592,1.28,1.96
693.1 ,Dermatitis due to food taken internally,Diseases of the skin and subcutaneous...,2088,5,1.58,0.2554173336,0.51,3.7
845.00 ,"Sprain of ankle, unspecified site",Injury and poisoning,5004,12,1.58,0.1395664942,0.82,2.78
478.22 ,Parapharyngeal abscess,Diseases of the respiratory system,2093,5,1.58,0.2564426308,0.51,3.69
882.0 ,Open wound of hand except finger(s)...,Injury and poisoning,7119,17,1.58,0.0654992711,0.92,2.54
008.6 ,"Virus Enteritis, specified",Infectious and parasitic diseases,23763,56,1.57,0.0017841237,1.18,2.04
052.8 ,Chickenpox with unspecified complication,Infectious and parasitic diseases,7567,18,1.57,0.0723828652,0.93,2.49
216.9 ,"Benign neoplasm of skin, site...",Neoplasms,8836,21,1.57,0.0525779707,0.97,2.41
379.99 ,Other ill-defined disorders of...,Diseases of the nervous system,5060,12,1.57,0.1418066324,0.81,2.74
591 ,Hydronephrosis,Diseases of the genitourinary...,4647,11,1.56,0.1299909408,0.78,2.81
528.0 ,Stomatitis,Diseases of the digestive system,51549,119,1.55,0.0000115113,1.28,1.86
558 ,Other and unspecified noninfectious...,Diseases of the digestive system,25488,59,1.54,0.0019574867,1.17,1.99
935.1 ,Foreign body in esophagus,Injury and poisoning,2142,5,1.54,0.2667516001,0.5,3.61
560.1 ,Paralytic ileus,Diseases of the digestive system,6435,15,1.54,0.1049104732,0.86,2.55
087.9 ,"Relapsing fever, unspecified",Infectious and parasitic diseases,6456,15,1.54,0.1057362011,0.86,2.54
381.01 ,Acute serous otitis media,Diseases of the nervous system,13778,32,1.54,0.0203091452,1.05,2.18
372.20 ,"Blepharoconjunctivitis, unspecified",Diseases of the nervous system,12150,28,1.53,0.0339567638,1.01,2.21
388.70 ,"Otalgia, unspecified",Diseases of the nervous system,2585,6,1.53,0.2996724944,0.56,3.34
787.0 ,Nausea and vomiting,"Comorbidities, signs, and ill-defined...",145469,322,1.53,0.00000000001783788,1.35,1.72
491.20 ,Obstructive chronic bronchitis...,Diseases of the respiratory system,3014,7,1.53,0.2353781983,0.62,3.17
932 ,Foreign body in nose,Injury and poisoning,13038,30,1.52,0.0305963226,1.03,2.18
682.8 ,Cellulitis and abscess of other...,Diseases of the skin and subcutaneous...,4339,10,1.52,0.1696273723,0.73,2.81
136.9 ,Unspecified infectious and parasitic...,Infectious and parasitic diseases,3470,8,1.52,0.2657264197,0.66,3.01
705.83 ,Hidradenitis,Diseases of the skin and subcutaneous...,3478,8,1.52,0.2662605488,0.65,3
709.0 ,Dyschromia,Diseases of the skin and subcutaneous...,4345,10,1.52,0.1701635588,0.73,2.8
462 ,Acute pharyngitis,Diseases of the respiratory system,690401,1313,1.52,2.969909e-26,1.41,1.65
472.1 ,Chronic pharyngitis,Diseases of the respiratory system,13498,31,1.52,0.0256154745,1.03,2.17
789.9 ,Other symptoms involving abdomen...,"Comorbidities, signs, and ill-defined...",3905,9,1.52,0.2097545956,0.69,2.9
477.8 ,Allergic rhinitis due to other...,Diseases of the respiratory system,16182,37,1.52,0.0187995067,1.06,2.1
533.90 ,"Peptic ulcer of unspecified site,...",Diseases of the digestive system,2165,5,1.52,0.2717465609,0.49,3.57
535.51 ,"Unspecified gastritis and gastroduodenitis,...",Diseases of the digestive system,3034,7,1.52,0.2379671709,0.61,3.15
372.02 ,Acute follicular conjunctivitis,Diseases of the nervous system,14894,34,1.51,0.025388345,1.04,2.12
381.81 ,Dysfunction of Eustachian tube,Diseases of the nervous system,4402,10,1.5,0.1754757436,0.72,2.77
482 ,Other bacterial pneumonia,Diseases of the respiratory system,3975,9,1.5,0.2158444664,0.68,2.85
382.02 ,Acute suppurative otitis media...,Diseases of the nervous system,6675,15,1.49,0.1516023984,0.83,2.46
785.3 ,Other abnormal heart sounds,"Comorbidities, signs, and ill-defined...",2664,6,1.49,0.3094449168,0.54,3.24
920 ,"Contusion of face, scalp, and...",Injury and poisoning,25927,58,1.49,0.0046894001,1.13,1.93
074.0 ,Herpangina,Infectious and parasitic diseases,233533,492,1.48,0.00000000000005041555,1.34,1.64
686.9 ,Unspecified local infection of...,Diseases of the skin and subcutaneous...,145577,313,1.48,0.0000000007736038,1.31,1.66
537.9 ,Unspecified disorder of stomach...,Diseases of the digestive system,2681,6,1.48,0.3117234496,0.54,3.22
367 ,"Infantile, juvenile, and presenile...",Diseases of the nervous system,16254,36,1.47,0.0257221442,1.02,2.04
110.5 ,Dermatophytosis of the body,Infectious and parasitic diseases,8527,19,1.47,0.0932298799,0.88,2.31
373.1 ,Hordeolum and other deep inflammation...,Diseases of the nervous system,20323,45,1.47,0.0140156797,1.07,1.97
379.93 ,Redness or discharge of eye,Diseases of the nervous system,2701,6,1.47,0.3144799251,0.54,3.2
785.6 ,Enlargement of lymph nodes,"Comorbidities, signs, and ill-defined...",5836,13,1.47,0.1729924025,0.78,2.52
536.2 ,Persistent vomiting,Diseases of the digestive system,6301,14,1.47,0.1434498826,0.8,2.47
873.43 ,"Open wound of lip, without mention...",Injury and poisoning,4966,11,1.46,0.1977017689,0.73,2.62
536.8 ,Dyspepsia and other specified...,Diseases of the digestive system,135575,289,1.46,0.0000000081801212,1.29,1.65
690 ,Erythematosquamous dermatosis,Diseases of the skin and subcutaneous...,15044,33,1.45,0.0442890496,1,2.05
692.1 ,Contact dermatitis and other eczema...,Diseases of the skin and subcutaneous...,4107,9,1.45,0.2292479453,0.66,2.75
698.2 ,Prurigo,Diseases of the skin and subcutaneous...,56291,122,1.45,0.0001374817,1.2,1.74
307.81 ,Tension headache,Mental disorders,2282,5,1.45,0.4068600189,0.47,3.38
380.13 ,Other acute infections of external...,Diseases of the nervous system,3187,7,1.45,0.3526575788,0.58,3
780.7 ,Malaise and fatigue,"Comorbidities, signs, and ill-defined...",5004,11,1.45,0.2006028882,0.72,2.6
995.3 ,"Allergy, unspecified, not elsewhere...",Injury and poisoning,12935,28,1.43,0.0680272416,0.95,2.08
693.0 ,Dermatitis due to drugs and medicines...,Diseases of the skin and subcutaneous...,3226,7,1.43,0.3556726133,0.57,2.96
704.8 ,Other specified diseases of hair...,Diseases of the skin and subcutaneous...,22660,49,1.43,0.0158133697,1.06,1.9
381.00 ,"Acute nonsuppurative otitis media,...",Diseases of the nervous system,34928,75,1.43,0.0034493092,1.12,1.8
883.1 ,"Open wound of finger(s), complicated",Injury and poisoning,2304,5,1.43,0.4095720559,0.46,3.35
958.3 ,Posttraumatic wound infection...,Injury and poisoning,7888,17,1.42,0.145056682,0.83,2.29
078.0 ,Molluscum contagiosum,Infectious and parasitic diseases,1853,4,1.42,0.3704575118,0.39,3.66
373.2 ,Chalazion,Diseases of the nervous system,18671,40,1.42,0.036575101,1.01,1.94
466 ,Acute bvronchitis and bronchiolitis,Diseases of the respiratory system,110991,232,1.42,0.0000013029819,1.23,1.62
910.0 ,"Abrasion or friction burn of face,...",Injury and poisoning,10716,23,1.42,0.103424256,0.9,2.14
555 ,Regional enteritis,Diseases of the digestive system,4217,9,1.41,0.3146567735,0.64,2.68
599.7 ,Hematuria,Diseases of the genitourinary...,8412,18,1.41,0.1567629929,0.84,2.24
883.0 ,"Open wound of finger(s), without...",Injury and poisoning,14974,32,1.41,0.056794611,0.97,2
535.00 ,"Acute gastritis, without mention...",Diseases of the digestive system,223217,452,1.41,0.0000000002125044,1.27,1.56
921.3 ,Contusion of eyeball,Injury and poisoning,4224,9,1.41,0.3151221396,0.64,2.68
924.10 ,Contusion of lower leg,Injury and poisoning,1877,4,1.41,0.3764393524,0.38,3.61
924.5 ,Contusion of unspecified part...,Injury and poisoning,2825,6,1.4,0.3332754894,0.51,3.06
692.4 ,Contact dermatitis and other eczema...,Diseases of the skin and subcutaneous...,22790,48,1.4,0.0256053483,1.03,1.86
372.10 ,"Chronic conjunctivitis, unspecified",Diseases of the nervous system,182079,370,1.4,0.000000010591104,1.25,1.56
870.0 ,Laceration of skin of eyelid and...,Injury and poisoning,5179,11,1.4,0.277307362,0.7,2.52
492 ,Emphysema,Diseases of the respiratory system,4230,9,1.4,0.3155270918,0.64,2.67
873.50 ,"Open wound of face, unspecified...",Injury and poisoning,1880,4,1.4,0.3771937484,0.38,3.6
564.9 ,Unspecified functional disorder...,Diseases of the digestive system,184627,373,1.39,0.000000015816758,1.24,1.55
590.10 ,Acute pyelonephritis without lesion...,Diseases of the genitourinary...,1900,4,1.39,0.5434434605,0.38,3.57
367.20 ,"Astigmatism, unspecified",Diseases of the nervous system,44978,94,1.39,0.0025519741,1.12,1.71
791.0 ,Proteinuria,"Comorbidities, signs, and ill-defined...",2374,5,1.39,0.4189476226,0.45,3.25
478.1 ,Other diseases of nasal cavity...,Diseases of the respiratory system,62139,129,1.39,0.000510883,1.15,1.66
873.42 ,"Open wound of forehead, without...",Injury and poisoning,10006,21,1.39,0.1534769951,0.86,2.13
922.1 ,Contusion of chest wall,Injury and poisoning,4269,9,1.39,0.3182941495,0.64,2.65
555.9 ,Regional enteritis of unspecified...,Diseases of the digestive system,29393,61,1.38,0.0186788565,1.05,1.78
680.0 ,Carbuncle and furuncle of face,Diseases of the skin and subcutaneous...,9082,19,1.38,0.1731834232,0.83,2.16
112 ,Candidiasis,Infectious and parasitic diseases,2396,5,1.38,0.4221150799,0.45,3.22
695.0 ,Toxic erythema,Diseases of the skin and subcutaneous...,2867,6,1.38,0.3402521254,0.51,3.01
381.06 ,Acute allergic sanguinous otitis...,Diseases of the nervous system,1908,4,1.38,0.5442095589,0.38,3.55
949.0 ,"Burn of unspecified site, unspecified...",Injury and poisoning,11570,24,1.37,0.1190838653,0.88,2.05
372.2 ,Blepharoconjunctivitis,Diseases of the nervous system,1920,4,1.37,0.545389906,0.37,3.53
698.9 ,Unspecified pruritic disorder,Diseases of the skin and subcutaneous...,40873,84,1.37,0.0067473562,1.09,1.7
708.0 ,Allergic urticaria,Diseases of the skin and subcutaneous...,51425,106,1.37,0.0022283715,1.12,1.67
784.2 ,"Swelling, mass, or lump in head...","Comorbidities, signs, and ill-defined...",3364,7,1.37,0.3686740586,0.55,2.84
493 ,Asthma,Diseases of the respiratory system,23241,48,1.37,0.0408939585,1.01,1.82
463 ,Acute tonsillitis,Diseases of the respiratory system,839547,1468,1.36,0.0000000000000124705,1.26,1.47
370.21 ,Punctate keratitis,Diseases of the nervous system,17123,35,1.35,0.0919286068,0.94,1.89
692.5 ,Contact dermatitis and other eczema...,Diseases of the skin and subcutaneous...,7329,15,1.35,0.2274196243,0.76,2.24
372.72 ,Conjunctival hemorrhage,Diseases of the nervous system,16687,34,1.35,0.0883524988,0.93,1.89
493.0 ,Extrinsic asthma,Diseases of the respiratory system,4924,10,1.34,0.3535139823,0.64,2.47
112.1 ,Candidiasis of vulva and vagina,Infectious and parasitic diseases,3965,8,1.33,0.407222092,0.57,2.63
465.0 ,Acute laryngopharyngitis,Diseases of the respiratory system,544415,993,1.33,0.000000000003397355,1.23,1.44
472.0 ,Chronic rhinitis,Diseases of the respiratory system,101482,200,1.33,0.0002445188,1.14,1.53
487.0 ,Influenza with pneumonia,Diseases of the respiratory system,7967,16,1.33,0.246407048,0.76,2.16
810.00 ,"Closed fracture of clavicle, unspecified...",Injury and poisoning,2003,4,1.32,0.5545184534,0.36,3.38
528.2 ,Oral aphthae,Diseases of the digestive system,33204,66,1.32,0.0321947409,1.02,1.68
682 ,Other cellulitis and abscess,Diseases of the skin and subcutaneous...,4536,9,1.31,0.4388125784,0.6,2.49
128.9 ,"Helminth infection, unspecified",Infectious and parasitic diseases,5037,10,1.31,0.3612113331,0.63,2.42
110.1 ,Dermatophytosis of nail,Infectious and parasitic diseases,2029,4,1.3,0.5576995403,0.35,3.34
110.4 ,Dermatophytosis of foot,Infectious and parasitic diseases,15267,30,1.3,0.1725451423,0.87,1.86
709.8 ,Other specified disorders of skin,Diseases of the skin and subcutaneous...,17277,34,1.3,0.1389454765,0.9,1.82
779.9 ,Unspecified condition originating...,Certain conditions originating...,2033,4,1.3,0.5582015791,0.35,3.33
680.9 ,Carbuncle and furuncle of unspecified...,Diseases of the skin and subcutaneous...,42755,83,1.29,0.0272960652,1.02,1.61
110.9 ,Dermatophytosis of unspecified...,Infectious and parasitic diseases,11238,22,1.29,0.2224874873,0.81,1.96
719.40 ,"Pain in joint, site unspecified",Diseases of the musculoskeletal...,3080,6,1.29,0.4813648924,0.47,2.8
784.7 ,Epistaxis,"Comorbidities, signs, and ill-defined...",45235,88,1.29,0.0231722704,1.03,1.6
854.09 ,Intracranial injury of other and...,Injury and poisoning,3061,6,1.29,0.4793242876,0.47,2.82
891 ,"Open wound of knee, leg (except...",Injury and poisoning,2045,4,1.29,0.5597273534,0.35,3.31
616.10 ,"Vaginitis and vulvovaginitis,...",Diseases of the genitourinary...,17044,33,1.28,0.1646791798,0.88,1.8
009.2 ,Infectious diarrhea,Infectious and parasitic diseases,78015,148,1.27,0.0071691106,1.07,1.5
372.00 ,"Acute conjunctivitis, unspecified",Diseases of the nervous system,318530,582,1.27,0.000001033717,1.15,1.39
881.00 ,"Open wound of forearm, without...",Injury and poisoning,2600,5,1.27,0.6062210596,0.41,2.97
595 ,Cystitis,Diseases of the genitourinary...,2101,4,1.26,0.5672185507,0.34,3.22
465.8 ,Acute upper respiratory infections...,Diseases of the respiratory system,261221,480,1.26,0.0000080712578,1.14,1.39
918.1 ,Superficial injury of cornea,Injury and poisoning,14732,28,1.26,0.2402171611,0.83,1.82
367.8 ,Other disorders of refraction...,Diseases of the nervous system,3692,7,1.25,0.5198100574,0.5,2.58
708 ,Urticaria,Diseases of the skin and subcutaneous...,12159,23,1.25,0.2903595168,0.79,1.88
380.10 ,"Infective otitis externa, unspecified",Diseases of the nervous system,74372,139,1.25,0.0138948672,1.04,1.48
464.10 ,Acute tracheitis without mention...,Diseases of the respiratory system,287399,524,1.25,0.0000058687893,1.14,1.38
558.2 ,Toxic gastroenteritis and colitis,Diseases of the digestive system,7427,14,1.24,0.369602594,0.68,2.09
034.0 ,Streptococcal sore throat,Infectious and parasitic diseases,8508,16,1.24,0.398824039,0.71,2.02
709.9 ,Unspecified disorder of skin and...,Diseases of the skin and subcutaneous...,73217,136,1.24,0.0173403664,1.03,1.47
478.5 ,Other diseases of vocal cords,Diseases of the respiratory system,16518,31,1.24,0.22708361,0.84,1.77
923.11 ,Contusion of elbow,Injury and poisoning,4240,8,1.24,0.5480049806,0.54,2.46
724.5 ,"Backache, unspecified",Diseases of the musculoskeletal...,3754,7,1.23,0.524830716,0.49,2.54
464.1 ,Acute tracheitis,Diseases of the respiratory system,40817,76,1.23,0.0714326866,0.97,1.55
917.0 ,Abrasion or friction burn of foot...,Injury and poisoning,3752,7,1.23,0.5246605946,0.49,2.54
009.3 ,Diarrhea of presumed infectious...,Infectious and parasitic diseases,33536,62,1.22,0.1185166192,0.94,1.58
367.9 ,Unspecified disorder of refraction...,Diseases of the nervous system,143243,261,1.22,0.0025320802,1.07,1.39
373.00 ,"Blepharitis, unspecified",Diseases of the nervous system,23786,44,1.22,0.1792172378,0.89,1.65
478.8 ,Upper respiratory tract hypersensitivity...,Diseases of the respiratory system,10262,19,1.22,0.371049984,0.73,1.91
034.1 ,Scarlet fever,Infectious and parasitic diseases,2720,5,1.21,0.6156141348,0.39,2.84
680 ,Carbuncle and furuncle,Diseases of the skin and subcutaneous...,3809,7,1.21,0.5297132092,0.49,2.5
682.0 ,Cellulitis and abscess of face,Diseases of the skin and subcutaneous...,3817,7,1.21,0.5304553941,0.49,2.5
786.1 ,Stridor,"Comorbidities, signs, and ill-defined...",9844,18,1.21,0.4331451582,0.71,1.91
478 ,Other diseases of upper respiratory...,Diseases of the respiratory system,7092,13,1.21,0.4435992573,0.64,2.07
786.50 ,"Chest pain, unspecified","Comorbidities, signs, and ill-defined...",6066,11,1.2,0.5063238598,0.6,2.15
478.9 ,Other and unspecified diseases...,Diseases of the respiratory system,24301,44,1.2,0.243994826,0.87,1.61
528.9 ,Other and unspecified diseases...,Diseases of the digestive system,79942,144,1.2,0.0402877449,1.01,1.42
919.4 ,"Insect bite, nonvenomous, of other,...",Injury and poisoning,56758,103,1.2,0.0698969519,0.98,1.47
698 ,Pruritus and related conditions,Diseases of the skin and subcutaneous...,3870,7,1.19,0.5355683269,0.48,2.46
774.6 ,Unspecified fetal and neonatal...,Certain conditions originating...,20530,37,1.19,0.2785162942,0.84,1.65
845.09 ,Other sprains and strains of ankle,Injury and poisoning,3318,6,1.19,0.6498182667,0.44,2.6
684 ,Impetigo,Diseases of the skin and subcutaneous...,47723,85,1.18,0.1354876214,0.94,1.47
372.11 ,Simple chronic conjunctivitis,Diseases of the nervous system,42606,76,1.18,0.164796482,0.93,1.48
460 ,Acute nasopharyngitis [common...,Diseases of the respiratory system,869734,1425,1.18,0.0000303322,1.09,1.28
924.11 ,Contusion of knee,Injury and poisoning,4508,8,1.17,0.56491148,0.5,2.31
372.12 ,Chronic follicular conjunctivitis,Diseases of the nervous system,6200,11,1.17,0.5145015522,0.58,2.1
373.0 ,Blepharitis,Diseases of the nervous system,3941,7,1.17,0.6776919832,0.47,2.42
850 ,Concussion,Injury and poisoning,5070,9,1.17,0.5849462504,0.53,2.23
536 ,Disorders of function of stomach,Diseases of the digestive system,11241,20,1.17,0.4637076601,0.72,1.82
053.9 ,Herpes zoster without mention...,Infectious and parasitic diseases,5710,10,1.16,0.6067477487,0.55,2.13
698.4 ,Dermatitis factitia [artefacta],Diseases of the skin and subcutaneous...,8498,15,1.16,0.4857643735,0.65,1.93
380.22 ,Other acute otitis externa,Diseases of the nervous system,21094,37,1.16,0.3722216227,0.81,1.6
367.53 ,Spasm of accommodation,Diseases of the nervous system,12613,22,1.15,0.4894665213,0.72,1.75
372.14 ,Other chronic allergic conjunctivitis,Diseases of the nervous system,194672,334,1.15,0.0185444275,1.02,1.29
373.11 ,Hordeolum externum,Diseases of the nervous system,69154,120,1.15,0.1342770683,0.95,1.38
892.0 ,Open wound of foot except toe(s)...,Injury and poisoning,11505,20,1.15,0.5459433701,0.7,1.78
569.9 ,Unspecified disorder of intestine,Diseases of the digestive system,9224,16,1.14,0.5893704475,0.65,1.86
009.1 ,"Colitis, enteritis, and gastroenteritis...",Infectious and parasitic diseases,68177,117,1.14,0.1747766768,0.94,1.37
372.30 ,"Conjunctivitis, unspecified",Diseases of the nervous system,254136,431,1.14,0.0127748186,1.03,1.27
461 ,Acute sinusitis,Diseases of the respiratory system,63613,109,1.14,0.1940208855,0.93,1.38
782.1 ,Rash and other nonspecific skin...,"Comorbidities, signs, and ill-defined...",23782,41,1.14,0.4006255911,0.81,1.55
464.0 ,Acute laryngitis,Diseases of the respiratory system,350647,590,1.14,0.0050253503,1.04,1.25
540.9 ,Acute appendicitis without mention...,Diseases of the digestive system,3476,6,1.14,0.6602223927,0.42,2.48
367.89 ,Other disorders of refraction...,Diseases of the nervous system,23944,41,1.13,0.4032917932,0.81,1.54
922.9 ,Contusion of unspecified part...,Injury and poisoning,2911,5,1.13,0.6348523309,0.37,2.65
944.00 ,Burn of unspecified degree of...,Injury and poisoning,2364,4,1.12,0.7868363033,0.3,2.86
616.9 ,Unspecified inflammatory disease...,Diseases of the genitourinary...,13522,23,1.12,0.5776487009,0.71,1.69
074.3 ,"Hand, foot, and mouth disease",Infectious and parasitic diseases,89356,151,1.12,0.1709238679,0.94,1.32
884.0 ,Multiple and unspecified open...,Injury and poisoning,13560,23,1.12,0.5782923543,0.71,1.68
894.0 ,Multiple and unspecified open...,Injury and poisoning,20708,35,1.12,0.5283848066,0.78,1.56
595.0 ,Acute cystitis,Diseases of the genitourinary...,16761,28,1.1,0.5502623397,0.73,1.6
681.11 ,Onychia and paronychia of toe,Diseases of the skin and subcutaneous...,4188,7,1.1,0.6903911999,0.44,2.28
683 ,Acute lymphadenitis,Diseases of the skin and subcutaneous...,7189,12,1.1,0.6491949179,0.57,1.93
372.05 ,Acute atopic conjunctivitis,Diseases of the nervous system,6019,10,1.1,0.7380754849,0.52,2.02
133.0 ,Scabies,Infectious and parasitic diseases,9555,16,1.1,0.6908842607,0.63,1.8
372.8 ,Other disorders of conjunctiva,Diseases of the nervous system,2402,4,1.1,0.7889264394,0.3,2.82
427.9 ,"Cardiac dysrhythmia, unspecified",Diseases of the circulatory system,5388,9,1.1,0.723791696,0.5,2.1
786.2 ,Cough,"Comorbidities, signs, and ill-defined...",94852,157,1.1,0.2639685576,0.93,1.29
891.0 ,"Open wound of knee, leg [except...",Injury and poisoning,13787,23,1.1,0.5833510826,0.7,1.66
464.2 ,Acute larygotracheitis,Diseases of the respiratory system,20501,34,1.09,0.5872382776,0.76,1.53
473 ,Chronic sinusitis,Diseases of the respiratory system,7885,13,1.09,0.6646310854,0.58,1.86
789.0 ,Abdominal pain,"Comorbidities, signs, and ill-defined...",359936,583,1.09,0.0777355037,0.99,1.19
487.8 ,Influenza with other manifestations,Diseases of the respiratory system,39562,65,1.09,0.5128454063,0.83,1.39
611.9 ,Unspecified breast disorder,Diseases of the genitourinary...,3048,5,1.08,0.8128404021,0.35,2.53
616.1 ,Vaginitis and vulvovaginitis,Diseases of the genitourinary...,3050,5,1.08,0.812917584,0.35,2.53
686 ,Other local infections of skin...,Diseases of the skin and subcutaneous...,9811,16,1.08,0.6964489001,0.61,1.75
686.0 ,Pyoderma,Diseases of the skin and subcutaneous...,25644,42,1.08,0.5718039723,0.78,1.47
922.3 ,Contusion of back,Injury and poisoning,3061,5,1.08,0.8133472615,0.35,2.52
564 ,"Functional digestive disorders,...",Diseases of the digestive system,34052,55,1.07,0.6221278331,0.8,1.39
052.9 ,Varicella without mention of complication,Infectious and parasitic diseases,129552,210,1.07,0.3157111955,0.93,1.24
708.1 ,Idiopathic urticaria,Diseases of the skin and subcutaneous...,6163,10,1.07,0.742611158,0.51,1.97
708.9 ,"Urticaria, unspecified",Diseases of the skin and subcutaneous...,162908,262,1.07,0.3150084363,0.94,1.21
933.0 ,Foreign body in pharynx,Injury and poisoning,9340,15,1.06,0.788844593,0.59,1.75
948.00 ,Burn [any degree] involving less...,Injury and poisoning,1873,3,1.06,0.7643675552,0.22,3.09
729.9 ,Other and unspecified disorders...,Diseases of the musculoskeletal...,1862,3,1.06,0.7632043516,0.22,3.11
692 ,Contact dermatitis and other eczema,Diseases of the skin and subcutaneous...,33871,54,1.05,0.6723493921,0.79,1.38
873.9 ,Other and unspecified open wound...,Injury and poisoning,1882,3,1.05,0.7653270914,0.22,3.08
564.5 ,Functional diarrhea,Diseases of the digestive system,30955,49,1.04,0.7677816281,0.77,1.39
564.8 ,Other specified function disorder...,Diseases of the digestive system,50314,79,1.04,0.7271829551,0.82,1.3
771.4 ,Omphalitis of the newborn,Certain conditions originating...,11435,18,1.04,0.8093360556,0.61,1.64
470 ,Deviated nasal septum,Diseases of the respiratory system,3184,5,1.04,0.8187108843,0.34,2.42
788.1 ,Dysuria,"Comorbidities, signs, and ill-defined...",1909,3,1.04,0.768245663,0.21,3.04
893.0 ,"Open wound of toe(s), without...",Injury and poisoning,4429,7,1.04,0.8454162758,0.42,2.15
529.0 ,Glossitis,Diseases of the digestive system,2527,4,1.04,0.7967157953,0.28,2.68
535.50 ,"Unspecified gastritis and gastroduodenitis,...",Diseases of the digestive system,126653,200,1.04,0.5480277596,0.9,1.21
927.3 ,Crushing injury of finger(s),Injury and poisoning,3203,5,1.03,0.8196240592,0.33,2.41
372.03 ,Other mucopurulent conjunctivitis,Diseases of the nervous system,2568,4,1.03,0.7995366298,0.28,2.64
493.10 ,"Intrinsic asthma, unspecified",Diseases of the respiratory system,3835,6,1.03,0.8346003474,0.38,2.25
041.9 ,"Bacterial infection, unspecified,...",Infectious and parasitic diseases,21240,33,1.02,0.858970682,0.7,1.44
923.9 ,Contusion of unspecified part...,Injury and poisoning,3892,6,1.02,0.8366994063,0.37,2.22
127.4 ,Enterobiasis,Infectious and parasitic diseases,21726,33,1,0.9301767973,0.69,1.41
129 ,"Intestinal parasitism, unspecified",Infectious and parasitic diseases,5915,9,1,0.8676138889,0.46,1.91
704.9 ,Unspecified disease of hair and...,Diseases of the skin and subcutaneous...,1974,3,1,0.7754886166,0.21,2.93
910 ,"Superficial injury of face, neck,...",Injury and poisoning,2633,4,1,0.8042347351,0.27,2.57
595.9 ,"Cystitis, unspecified",Diseases of the genitourinary...,10609,16,0.99,1,0.57,1.62
054.9 ,Herpes simplex without mention...,Infectious and parasitic diseases,10622,16,0.99,1,0.57,1.62
373.12 ,Hordeolum internum,Diseases of the nervous system,72356,109,0.99,1,0.81,1.2
706.2 ,Sebaceous cyst,Diseases of the skin and subcutaneous...,2653,4,0.99,1,0.27,2.55
464 ,Acute laryngitis and tracheitis,Diseases of the respiratory system,79650,120,0.99,1,0.82,1.19
786.5 ,Chest pain,"Comorbidities, signs, and ill-defined...",3325,5,0.99,1,0.32,2.32
519.9 ,Unspecified disease of respiratory...,Diseases of the respiratory system,8108,12,0.98,1,0.5,1.71
360.89 ,Other disorders of globe,Diseases of the nervous system,2729,4,0.97,1,0.26,2.48
692.79 ,Other dermatitis due to solar...,Diseases of the skin and subcutaneous...,8849,13,0.97,1,0.51,1.66
373.32 ,Contact and allergic dermatitis...,Diseases of the nervous system,2712,4,0.97,1,0.26,2.49
380.23 ,Other chronic otitis externa,Diseases of the nervous system,2040,3,0.97,1,0.2,2.84
780.4 ,Dizziness and giddiness,"Comorbidities, signs, and ill-defined...",21710,32,0.97,1,0.66,1.37
464.20 ,Acute laryngotracheitis without...,Diseases of the respiratory system,125493,185,0.97,0.7062789755,0.83,1.13
705.81 ,Dyshidrosis,Diseases of the skin and subcutaneous...,23259,34,0.96,0.9322905864,0.67,1.35
379.91 ,Pain in or around eye,Diseases of the nervous system,6192,9,0.96,1,0.44,1.82
787.9 ,Other symptoms involving digestive...,"Comorbidities, signs, and ill-defined...",23266,34,0.96,0.9322967112,0.66,1.35
009 ,Ill-defined intestinal infections,Infectious and parasitic diseases,19366,28,0.95,0.9258395548,0.63,1.38
682.6 ,"Cellulitis and abscess of leg,...",Diseases of the skin and subcutaneous...,2778,4,0.95,1,0.26,2.44
698.8 ,Other specified pruritic conditions,Diseases of the skin and subcutaneous...,9025,13,0.95,1,0.5,1.63
381.0 ,Acute nonsuppurative otitis media,Diseases of the nervous system,13180,19,0.95,0.9107458466,0.57,1.49
477 ,Allergic rhinitis,Diseases of the respiratory system,40987,59,0.95,0.7479003097,0.72,1.23
813.81 ,Closed fracture of unspecified...,Injury and poisoning,2088,3,0.95,1,0.19,2.77
523.0 ,Acute gingivitis,Diseases of the digestive system,4143,6,0.95,1,0.35,2.08
465 ,Acute upper respiratory infections...,Diseases of the respiratory system,197545,285,0.94,0.3888190369,0.83,1.07
372 ,Disorders of conjunctiva,Diseases of the nervous system,11390,16,0.93,0.9035446325,0.53,1.51
693.9 ,Dermatitis due to unspecified...,Diseases of the skin and subcutaneous...,13433,19,0.93,0.9110700237,0.56,1.46
784.0 ,Headache,"Comorbidities, signs, and ill-defined...",70222,99,0.93,0.4880271805,0.75,1.13
528.5 ,Diseases of lips,Diseases of the digestive system,5645,8,0.93,1,0.4,1.84
555.2 ,Regional enteritis of small intestine...,Diseases of the digestive system,11467,16,0.92,0.9037676293,0.52,1.5
057 ,Other viral exanthemata,Infectious and parasitic diseases,4296,6,0.92,1,0.34,2.01
692.89 ,Contact dermatitis and other eczema...,Diseases of the skin and subcutaneous...,25983,36,0.91,0.6873877539,0.64,1.27
373.13 ,Abscess of eyelid,Diseases of the nervous system,10984,15,0.9,0.8053816605,0.5,1.49
478.0 ,Hypertrophy of nasal turbinates,Diseases of the respiratory system,8790,12,0.9,0.8901717537,0.46,1.57
933.1 ,Foreign body in larynx,Injury and poisoning,6676,9,0.89,0.8746538553,0.41,1.69
487.1 ,Influenza with other respiratory...,Diseases of the respiratory system,284719,391,0.89,0.0302431694,0.79,0.99
913.0 ,"Abrasion or friction burn of elbow,...",Injury and poisoning,2966,4,0.89,1,0.24,2.28
367.1 ,Myopia,Diseases of the nervous system,183605,248,0.88,0.0525862958,0.77,1
289.3 ,"Lymphadenitis, unspecified, except...",Diseases of the blood and blood-forming...,6016,8,0.88,0.8680313051,0.38,1.73
472 ,Chronic pharyngitis and nasopharyngitis,Diseases of the respiratory system,11977,16,0.88,0.7232576432,0.5,1.43
519.1 ,Other diseases of trachea and...,Diseases of the respiratory system,6702,9,0.88,0.8747271658,0.4,1.68
930.1 ,Foreign body in conjunctival sac,Injury and poisoning,12865,17,0.87,0.6495176955,0.51,1.4
475 ,Peritonsillar abscess,Diseases of the respiratory system,21191,28,0.87,0.5335736654,0.58,1.26
924.21 ,Contusion of ankle,Injury and poisoning,3059,4,0.86,1,0.23,2.21
784.1 ,Throat pain,"Comorbidities, signs, and ill-defined...",17673,23,0.86,0.5588572953,0.54,1.29
368.13 ,Visual discomfort,Diseases of the nervous system,74403,96,0.84,0.1115923736,0.68,1.04
555.1 ,Regional enteritis of large intestine,Diseases of the digestive system,3176,4,0.83,1,0.23,2.13
369.9 ,Unspecified visual loss,Diseases of the nervous system,3165,4,0.83,1,0.23,2.14
696.5 ,Other and unspecified pityriasis,Diseases of the skin and subcutaneous...,11965,15,0.83,0.5546814542,0.46,1.36
052 ,Chickenpox,Infectious and parasitic diseases,10492,13,0.82,0.6129338606,0.43,1.4
812.20 ,Closed fracture of unspecified...,Injury and poisoning,2441,3,0.81,1,0.17,2.37
724.2 ,Lumbago,Diseases of the musculoskeletal...,6692,8,0.79,0.6356949911,0.34,1.55
487 ,Influenza,Diseases of the respiratory system,21554,26,0.79,0.2892734534,0.52,1.16
077.2 ,Pharyngoconjunctival fever,Infectious and parasitic diseases,9396,11,0.77,0.5041867187,0.38,1.38
464.21 ,Acute laryngotracheitis with obstruction,Diseases of the respiratory system,6853,8,0.77,0.6382035787,0.33,1.52
873.44 ,"Open wound of jaw, without mention...",Injury and poisoning,4307,5,0.76,0.6957476683,0.25,1.79
891.1 ,"Open wound of knee, leg [except...",Injury and poisoning,2590,3,0.76,1,0.16,2.23
077.1 ,Epidemic keratoconjunctivitis,Infectious and parasitic diseases,50565,58,0.75,0.0274527425,0.57,0.97
111.0 ,Pityriasis versicolor,Infectious and parasitic diseases,9791,11,0.74,0.4318966801,0.37,1.33
692.70 ,Unspecified dermatitis due to...,Diseases of the skin and subcutaneous...,2674,3,0.74,0.8044124623,0.15,2.16
464.11 ,Acute tracheitis with obstruction,Diseases of the respiratory system,21368,24,0.74,0.1560248342,0.47,1.1
370.40 ,"Keratoconjunctivitis, unspecified",Diseases of the nervous system,7198,8,0.73,0.4491989345,0.32,1.44
072.9 ,Mumps without mention of complication,Infectious and parasitic diseases,4546,5,0.72,0.6994465416,0.23,1.69
892.1 ,Open wound of foot except toe(s)...,Injury and poisoning,1838,2,0.72,1,0.09,2.6
919.0 ,"Abrasion or friction burn of other,...",Injury and poisoning,12806,14,0.72,0.2535691284,0.39,1.21
691 ,Atopic dermatitis and related...,Diseases of the skin and subcutaneous...,8292,9,0.71,0.394377007,0.33,1.36
922.2 ,Contusion of abdominal wall,Injury and poisoning,1892,2,0.7,1,0.08,2.52
367.31 ,Anisometropia,Diseases of the nervous system,1899,2,0.69,1,0.08,2.51
894 ,Multiple and unspecified open...,Injury and poisoning,1904,2,0.69,1,0.08,2.5
629.9 ,Unspecified disorder of female...,Diseases of the genitourinary...,4888,5,0.67,0.4638159097,0.22,1.57
911.0 ,"Abrasion or friction burn of trunk,...",Injury and poisoning,1966,2,0.67,1,0.08,2.43
873.41 ,"Open wound of cheek, without mention...",Injury and poisoning,2993,3,0.66,0.6389615438,0.14,1.93
535 ,Gastritis and duodenitis,Diseases of the digestive system,20258,20,0.65,0.0555625582,0.39,1
367.81 ,Transient refractive change,Diseases of the nervous system,4109,4,0.64,0.543013752,0.17,1.64
924.20 ,Contusion of foot,Injury and poisoning,4274,4,0.62,0.4310663489,0.17,1.58
074.8 ,Other specified diseases due to...,Infectious and parasitic diseases,2133,2,0.62,0.7776492697,0.07,2.24
370.49 ,Other keratoconjunctivitis,Diseases of the nervous system,3166,3,0.62,0.6427837036,0.13,1.83
127.0 ,Ascariasis,Infectious and parasitic diseases,3172,3,0.62,0.6429997739,0.13,1.82
471.0 ,Polyp of nasal cavity,Diseases of the respiratory system,2126,2,0.62,0.7774793865,0.07,2.24
706.1 ,Other acne,Diseases of the skin and subcutaneous...,15031,14,0.61,0.0721132779,0.33,1.03
616.11 ,Vaginitis and vulvovaginitis in...,Diseases of the genitourinary...,2185,2,0.6,0.7791281551,0.07,2.18
078.1 ,Viral warts,Infectious and parasitic diseases,25118,23,0.6,0.0110972416,0.38,0.9
706.0 ,Acne varioliformis,Diseases of the skin and subcutaneous...,2236,2,0.59,0.7809319659,0.07,2.13
611.72 ,Lump or mass in breast,Diseases of the genitourinary...,2258,2,0.58,0.781811865,0.07,2.11
702.8 ,Other specified dermatoses,Diseases of the skin and subcutaneous...,4670,4,0.56,0.3426020613,0.15,1.45
847.0 ,Sprain of neck,Injury and poisoning,2370,2,0.56,0.5957227158,0.07,2.01
535.40 ,"Other specified gastritis, without...",Diseases of the digestive system,7056,6,0.56,0.1680669068,0.2,1.22
930.0 ,Corneal foreign body,Injury and poisoning,6071,5,0.54,0.1873116244,0.18,1.27
074 ,Specific Coxsackie virus diseases,Infectious and parasitic diseases,4881,4,0.54,0.2678346072,0.15,1.38
372.13 ,Vernal conjunctivitis,Diseases of the nervous system,7363,6,0.54,0.1331537666,0.2,1.17
472.2 ,Chronic nasopharyngitis,Diseases of the respiratory system,34994,29,0.54,0.0003811675,0.36,0.78
698.1 ,Pruritus of genital organs,Diseases of the skin and subcutaneous...,5003,4,0.53,0.2702088044,0.14,1.35
555.0 ,Regional enteritis of small intestine,Diseases of the digestive system,5087,4,0.52,0.273071846,0.14,1.33
700 ,Corns and callosities,Diseases of the skin and subcutaneous...,2722,2,0.48,0.4544908916,0.06,1.75
911.4 ,"Insect bite, nonvenomous of trunk,...",Injury and poisoning,4236,3,0.47,0.2324840823,0.1,1.36
698.3 ,Lichenification and lichen simplex...,Diseases of the skin and subcutaneous...,11300,8,0.46,0.0208611608,0.2,0.92
916.0 ,"Abrasion or friction burn of hip,...",Injury and poisoning,8588,6,0.46,0.0502214152,0.17,1
701.1 ,"Keratoderma, acquired",Diseases of the skin and subcutaneous...,3321,2,0.4,0.2580764225,0.05,1.43
217 ,Benign neoplasm of breast,Neoplasms,3440,2,0.38,0.1899195881,0.05,1.38
111.9 ,"Dermatomycosis, unspecified",Infectious and parasitic diseases,3548,2,0.37,0.1910742192,0.04,1.34
696.3 ,Pityriasis rosea,Diseases of the skin and subcutaneous...,5462,3,0.36,0.0776347986,0.07,1.06
474.11 ,Hypertrophy of tonsils alone,Diseases of the respiratory system,1892,0,0.35,0.1276307582,,1.28
923.21 ,Contusion of wrist,Injury and poisoning,1877,1,0.35,0.5413359377,0.01,1.96
367.5 ,Disorders of accommodation,Diseases of the nervous system,2287,1,0.29,0.2768674862,0.01,1.61
536.0 ,Achlorhydria,Diseases of the digestive system,4536,2,0.29,0.079973117,0.04,1.05
782.2 ,"Localized superficial swelling,...","Comorbidities, signs, and ill-defined...",2519,1,0.26,0.1978199724,0.01,1.46
519.8 ,Other diseases of respiratory...,Diseases of the respiratory system,5299,2,0.25,0.0308858063,0.03,0.9
367.51 ,Paresis of accommodation,Diseases of the nervous system,5405,2,0.24,0.021655408,0.03,0.88
519 ,Other diseases of respiratory...,Diseases of the respiratory system,2901,1,0.23,0.1442881191,0.01,1.26
372.71 ,Hyperemia of conjunctiva,Diseases of the nervous system,3367,1,0.2,0.0723696776,0,1.09
523.9 ,Unspecified gingival and periodontal...,Diseases of the digestive system,3382,1,0.19,0.0725780018,0,1.08
079 ,Viral and chlamydial infection...,Infectious and parasitic diseases,3972,1,0.17,0.0372937316,0,0.92
