disease_2,disease_name,category,count,co_occurrence,odds_ratio,p_value,95_ci_lower,95_ci_upper
816.00 ,Closed fracture of phalanx or...,Injury and poisoning,2316,133,46.04,1.74771e-163,38.14,55.21
883.1 ,"Open wound of finger(s), complicated",Injury and poisoning,2922,141,38.44,1.25103e-162,32.06,45.83
883.0 ,"Open wound of finger(s), without...",Injury and poisoning,18504,564,29.58,< 0.0001,26.81,32.62
883 ,Open wound of finger(s),Injury and poisoning,2992,90,22.96,7.036697e-86,18.32,28.43
915.0 ,"Abrasion or friction burn of finger(s),...",Injury and poisoning,1897,52,20.51,3.610879e-48,15.21,27.12
923.3 ,Contusion of finger,Injury and poisoning,3682,61,12.3,1.284285e-43,9.36,15.9
882.1 ,Open wound of hand except finger(s)...,Injury and poisoning,1840,23,9.09,0.000000000000007998437,5.74,13.72
882.0 ,Open wound of hand except finger(s)...,Injury and poisoning,14109,126,6.74,1.521088e-58,5.58,8.07
727.9 ,"Unspecified disorder of synovium,...",Diseases of the musculoskeletal...,2190,18,5.94,0.000000004667046,3.51,9.43
924.8 ,"Contusion of multiple sites, not...",Injury and poisoning,2290,18,5.68,0.0000000091744355,3.35,9.01
829.0 ,"Fracture of unspecified bone,...",Injury and poisoning,2372,18,5.48,0.000000015560493,3.23,8.7
923.20 ,Contusion of hand(s),Injury and poisoning,6287,47,5.45,1.242614e-19,3.99,7.29
884.0 ,Multiple and unspecified open...,Injury and poisoning,30341,212,5.43,1.563687e-79,4.69,6.26
882 ,Open wound of hand except finger(s)...,Injury and poisoning,2508,18,5.18,0.000000035657202,3.06,8.22
729.81 ,Swelling of limb,Diseases of the musculoskeletal...,1946,13,4.81,0.0000057957958,2.55,8.26
884 ,Multiple and unspecified open...,Injury and poisoning,2582,17,4.75,0.00000027850242,2.76,7.63
924.2 ,"Contusion of ankle and foot, excluding...",Injury and poisoning,1893,12,4.56,0.0000217435,2.35,8
912.0 ,Abrasion or friction burn of shoulder...,Injury and poisoning,3212,20,4.49,0.000000063032964,2.73,6.97
786.00 ,"Respiratory abnormality, unspecified","Comorbidities, signs, and ill-defined...",2202,13,4.25,0.0000209396,2.25,7.29
919.9 ,Other and unspecified superficial...,Injury and poisoning,2373,14,4.24,0.0000103244,2.31,7.15
519.8 ,Other diseases of respiratory...,Diseases of the respiratory system,3652,21,4.15,0.00000011063674,2.56,6.36
914.0 ,Abrasion or friction burn of hand(s)...,Injury and poisoning,6236,35,4.07,0.000000000015352,2.82,5.68
614.2 ,Salpingitis and oophoritis not...,Diseases of the genitourinary...,6974,39,4.06,0.000000000001218849,2.87,5.57
427.89 ,Other specified cardiac dysrhythmias,Diseases of the circulatory system,2024,11,3.9,0.0001793524,1.94,7.01
881.00 ,"Open wound of forearm, without...",Injury and poisoning,8922,46,3.74,0.0000000000002034849,2.73,5.02
727.05 ,Other tenosynovitis of hand and...,Diseases of the musculoskeletal...,2123,11,3.72,0.0002682191,1.85,6.68
919.8 ,Other and unspecified superficial...,Injury and poisoning,3946,20,3.65,0.0000014937936,2.22,5.66
643.0 ,Mild hyperemesis gravidarum,"Complications of pregnancy, childbirth,...",2575,13,3.63,0.0001001045,1.93,6.23
958.3 ,Posttraumatic wound infection...,Injury and poisoning,10206,50,3.56,0.000000000000122221,2.63,4.71
924.4 ,Contusion of multiple sites of...,Injury and poisoning,4460,22,3.55,0.00000071371187,2.22,5.4
880.03 ,"Open wound of upper arm, without...",Injury and poisoning,2428,12,3.55,0.0002207555,1.83,6.22
640.0 ,Threatened abortion,"Complications of pregnancy, childbirth,...",4900,24,3.53,0.0000002591296,2.25,5.27
414.9 ,"Chronic ischemic heart disease,...",Diseases of the circulatory system,2451,12,3.52,0.0002401925,1.81,6.16
813.81 ,Closed fracture of unspecified...,Injury and poisoning,2046,10,3.51,0.0007787641,1.68,6.47
873.49 ,Open wound of other and multiple...,Injury and poisoning,2886,14,3.48,0.0000834954,1.9,5.87
614.3 ,Acute parametritis and pelvic...,Diseases of the genitourinary...,5841,28,3.46,0.000000042411128,2.29,5.02
850.1 ,Concussion with brief loss of...,Injury and poisoning,1867,9,3.46,0.0015361709,1.58,6.59
873.4 ,"Facial laceration, without mention...",Injury and poisoning,7532,36,3.46,0.0000000005860088,2.41,4.81
681.02 ,Onychia and paronychia of finger,Diseases of the skin and subcutaneous...,3969,19,3.44,0.0000060070009,2.07,5.4
599.9 ,Unspecified disorder of urethra...,Diseases of the genitourinary...,2982,14,3.37,0.0001169063,1.84,5.68
923.8 ,Contusion of multiple sites of...,Injury and poisoning,2997,14,3.35,0.0001230551,1.83,5.65
945.24 ,"Blisters, epidermal loss [second...",Injury and poisoning,2147,10,3.34,0.0011138317,1.6,6.17
709.2 ,Scar conditions and fibrosis of...,Diseases of the skin and subcutaneous...,5632,26,3.33,0.00000025625878,2.17,4.89
695.0 ,Toxic erythema,Diseases of the skin and subcutaneous...,2167,10,3.31,0.0011924217,1.58,6.11
346.1 ,Common migraine,Diseases of the nervous system,3039,14,3.31,0.0001417845,1.8,5.57
578.9 ,Hemorrhage of gastrointestinal...,Diseases of the digestive system,3717,17,3.29,0.00003179,1.91,5.28
640.00 ,"Threatened abortion, unspecified...","Complications of pregnancy, childbirth,...",5965,27,3.26,0.00000022262891,2.14,4.77
854.09 ,Intracranial injury of other and...,Injury and poisoning,3556,16,3.23,0.000064602,1.84,5.27
786.51 ,Precordial pain,"Comorbidities, signs, and ill-defined...",2683,12,3.21,0.0005321128,1.65,5.63
386.11 ,Benign paroxysmal positional vertigo,Diseases of the nervous system,2021,9,3.19,0.0026009163,1.46,6.08
389.10 ,"Sensorineural hearing loss, unspecified",Diseases of the nervous system,1802,8,3.18,0.0044768839,1.37,6.29
922.9 ,Contusion of unspecified part...,Injury and poisoning,8212,36,3.17,0.0000000053412178,2.21,4.4
643.00 ,"Mild hyperemesis gravidarum, unspecified...","Complications of pregnancy, childbirth,...",3420,15,3.15,0.0001416043,1.76,5.21
923 ,Contusion of upper limb,Injury and poisoning,2968,13,3.14,0.0003869377,1.67,5.4
892.1 ,Open wound of foot except toe(s)...,Injury and poisoning,2294,10,3.13,0.0018035935,1.49,5.77
844.8 ,Sprains and strains of other specified...,Injury and poisoning,1837,8,3.12,0.0050079786,1.34,6.17
401.9 ,Unspecified essential hypertension,Diseases of the circulatory system,1846,8,3.11,0.005152021,1.34,6.14
923.9 ,Contusion of unspecified part...,Injury and poisoning,7739,33,3.08,0.000000042678581,2.11,4.34
923.00 ,Contusion of shoulder region,Injury and poisoning,6603,28,3.06,0.00000048205291,2.02,4.43
715.9 ,"Osteoarthrosis, unspecified whether...",Diseases of the musculoskeletal...,1881,8,3.05,0.0057424653,1.31,6.03
560.9 ,Unspecified intestinal obstruction,Diseases of the digestive system,3782,16,3.04,0.0001297262,1.73,4.95
847.0 ,Sprain of neck,Injury and poisoning,8075,34,3.04,0.000000036113341,2.1,4.27
300.09 ,Other anxiety states,Mental disorders,2127,9,3.03,0.0036240163,1.38,5.78
854.01 ,Intracranial injury of other and...,Injury and poisoning,6666,28,3.03,0.00000057884599,2.01,4.39
870.0 ,Laceration of skin of eyelid and...,Injury and poisoning,2131,9,3.03,0.0036680192,1.38,5.77
631 ,Other abnormal product of conception,"Complications of pregnancy, childbirth,...",2844,12,3.03,0.0008759034,1.56,5.31
842.10 ,"Sprain of hand, unspecified site",Injury and poisoning,1900,8,3.02,0.006083812,1.3,5.97
850 ,Concussion,Injury and poisoning,5784,24,2.99,0.0000043678902,1.91,4.46
276.9 ,Electrolyte and fluid disorders...,"Endocrine, nutritional and metabolic...",1922,8,2.98,0.0064980492,1.28,5.9
592.9 ,"Urinary calculus, unspecified",Diseases of the genitourinary...,3860,16,2.98,0.0001627923,1.7,4.85
880.00 ,"Open wound of shoulder region,...",Injury and poisoning,1937,8,2.96,0.0067924846,1.27,5.85
913.0 ,"Abrasion or friction burn of elbow,...",Injury and poisoning,14801,60,2.95,0.000000000001288453,2.24,3.81
780.52 ,"Insomnia, unspecified","Comorbidities, signs, and ill-defined...",12421,50,2.92,0.0000000001171086,2.16,3.87
633.9 ,Unspecified ectopic pregnancy,"Complications of pregnancy, childbirth,...",3681,15,2.92,0.0003062873,1.63,4.84
644.03 ,"Threatened premature labor, antepartum...","Complications of pregnancy, childbirth,...",3738,15,2.88,0.000358755,1.61,4.77
924.21 ,Contusion of ankle,Injury and poisoning,7271,29,2.87,0.0000010178975,1.92,4.14
625.2 ,Mittelschmerz,Diseases of the genitourinary...,3031,12,2.84,0.0014897777,1.46,4.98
788.1 ,Dysuria,"Comorbidities, signs, and ill-defined...",2546,10,2.81,0.0037570542,1.35,5.19
386.1 ,Other and unspecified peripheral...,Diseases of the nervous system,2291,9,2.81,0.0057998178,1.28,5.36
611.71 ,Mastodynia,Diseases of the genitourinary...,5925,23,2.79,0.000019238,1.76,4.2
911.0 ,"Abrasion or friction burn of trunk,...",Injury and poisoning,4117,16,2.79,0.0003289617,1.59,4.55
879.8 ,Open wound(s) (multiple) of unspecified...,Injury and poisoning,14340,55,2.78,0.00000000008177266,2.09,3.64
786.59 ,Other chest pain,"Comorbidities, signs, and ill-defined...",6506,25,2.77,0.0000101488,1.78,4.1
300.02 ,Generalized anxiety disorder,Mental disorders,2843,11,2.77,0.0027323193,1.38,4.98
629.9 ,Unspecified disorder of female...,Diseases of the genitourinary...,6764,26,2.77,0.0000067890369,1.8,4.07
923.10 ,Contusion of forearm,Injury and poisoning,2615,10,2.74,0.0045120774,1.31,5.06
634.90 ,"Spontaneous abortion, without...","Complications of pregnancy, childbirth,...",2877,11,2.74,0.0029861297,1.36,4.92
639.9 ,Unspecified complication following...,"Complications of pregnancy, childbirth,...",1827,7,2.74,0.0158998025,1.1,5.67
541 ,"Appendicitis, unqualified",Diseases of the digestive system,2107,8,2.72,0.010875702,1.17,5.38
346.0 ,Classical migraine,Diseases of the nervous system,1840,7,2.72,0.0164574052,1.09,5.63
959.9 ,Unspecified site injury,Injury and poisoning,2113,8,2.71,0.011046926,1.17,5.36
881.0 ,"Open wound of elbow, forearm,...",Injury and poisoning,1847,7,2.71,0.0167633103,1.09,5.61
626.1 ,Scanty or infrequent menstruation,Diseases of the genitourinary...,8912,33,2.67,0.00000095221751,1.83,3.76
780.5 ,Sleep disturbance,"Comorbidities, signs, and ill-defined...",3511,13,2.65,0.0017391171,1.41,4.55
583.9 ,"Nephritis and nephropathy, not...",Diseases of the genitourinary...,2168,8,2.64,0.0127104464,1.14,5.22
850.0 ,Concussion with no loss of consciousness,Injury and poisoning,11819,43,2.63,0.000000038421522,1.9,3.56
616.0 ,Cervicitis and endocervicitis,Diseases of the genitourinary...,14930,54,2.62,0.0000000009210105,1.96,3.44
704.9 ,Unspecified disease of hair and...,Diseases of the skin and subcutaneous...,1917,7,2.61,0.0200460344,1.05,5.4
873.42 ,"Open wound of forehead, without...",Injury and poisoning,2198,8,2.61,0.0136915529,1.12,5.15
726.32 ,Lateral epicondylitis,Diseases of the musculoskeletal...,2204,8,2.6,0.0138942139,1.12,5.14
274.0 ,"Gouty arthropathy, unspecified","Endocrine, nutritional and metabolic...",2483,9,2.6,0.0094941779,1.18,4.94
698.1 ,Pruritus of genital organs,Diseases of the skin and subcutaneous...,14827,53,2.59,0.0000000027660253,1.93,3.4
216.6 ,Benign neoplasm of skin of upper...,Neoplasms,2215,8,2.59,0.0142714201,1.11,5.11
913 ,"Superficial ilnjury of elbow,...",Injury and poisoning,2229,8,2.57,0.0147622016,1.11,5.08
923.11 ,Contusion of elbow,Injury and poisoning,6458,23,2.56,0.0000696643,1.62,3.85
533.40 ,Chronic or unspecified peptic...,Diseases of the digestive system,2522,9,2.56,0.0104230078,1.17,4.87
592.1 ,Calculus of ureter,Diseases of the genitourinary...,1959,7,2.56,0.0222174169,1.03,5.29
873.44 ,"Open wound of jaw, without mention...",Injury and poisoning,1964,7,2.55,0.0224863039,1.02,5.27
349.9 ,Unspecified disorders of nervous...,Diseases of the nervous system,5379,19,2.54,0.0003139652,1.52,3.97
560.1 ,Paralytic ileus,Diseases of the digestive system,3116,11,2.53,0.0053517704,1.26,4.54
371.89 ,Other corneal disorders,Diseases of the nervous system,1988,7,2.52,0.0238082644,1.01,5.21
893.0 ,"Open wound of toe(s), without...",Injury and poisoning,5727,20,2.51,0.000256144,1.53,3.89
640.03 ,"Threatened abortion, antepartum...","Complications of pregnancy, childbirth,...",18836,65,2.51,0.0000000002026682,1.93,3.21
532 ,Duodenal ulcer,Diseases of the digestive system,2287,8,2.5,0.0169264471,1.08,4.95
879.6 ,Open wound of other and unspecified...,Injury and poisoning,2009,7,2.49,0.0250079759,1,5.16
916.9 ,Other and unspecified superficial...,Injury and poisoning,2012,7,2.49,0.0251826746,1,5.15
922.1 ,Contusion of chest wall,Injury and poisoning,12487,43,2.49,0.0000001905003,1.79,3.36
724.3 ,Sciatica,Diseases of the musculoskeletal...,7573,26,2.47,0.000067883,1.61,3.63
244.9 ,Unspecified acquired hypothyroidism,"Endocrine, nutritional and metabolic...",2609,9,2.47,0.0127391949,1.13,4.7
881.02 ,"Open wound of wrist, without mention...",Injury and poisoning,2900,10,2.47,0.0089704876,1.18,4.56
306.9 ,Unspecified psychophysiological...,Mental disorders,6177,21,2.44,0.0002592907,1.51,3.74
240.0 ,"Goiter, specified as simple","Endocrine, nutritional and metabolic...",2063,7,2.43,0.0282812525,0.97,5.02
842.00 ,"Sprain of wrist, unspecified site",Injury and poisoning,3534,12,2.43,0.005034201,1.25,4.26
034.0 ,Streptococcal sore throat,Infectious and parasitic diseases,5038,17,2.42,0.001030384,1.41,3.89
843.9 ,Sprains and strains of unspecified...,Injury and poisoning,2664,9,2.42,0.0143883564,1.1,4.61
614.0 ,Acute salpingitis and oophoritis,Diseases of the genitourinary...,5331,18,2.42,0.000741334,1.43,3.84
616.10 ,"Vaginitis and vulvovaginitis,...",Diseases of the genitourinary...,81984,259,2.42,5.40701e-33,2.12,2.76
310.2 ,Postconcussion syndrome,Mental disorders,3267,11,2.41,0.0074815163,1.2,4.33
919.0 ,"Abrasion or friction burn of other,...",Injury and poisoning,20595,68,2.4,0.0000000003936276,1.86,3.06
924.11 ,Contusion of knee,Injury and poisoning,21005,69,2.39,0.0000000003247223,1.85,3.04
616.1 ,Vaginitis and vulvovaginitis,Diseases of the genitourinary...,16344,54,2.39,0.000000020733041,1.79,3.14
922.8 ,Contusion of multiple sites of...,Injury and poisoning,3597,12,2.39,0.0057561709,1.23,4.19
477.0 ,Allergic rhinitis due to pollen,Diseases of the respiratory system,3012,10,2.38,0.0114364053,1.14,4.39
595.9 ,"Cystitis, unspecified",Diseases of the genitourinary...,18000,59,2.38,0.0000000086986268,1.8,3.08
891.1 ,"Open wound of knee, leg [except...",Injury and poisoning,6325,21,2.38,0.0004886374,1.47,3.66
919 ,"Superficial injury of other, multiple,...",Injury and poisoning,2102,7,2.38,0.0308178561,0.96,4.93
369.9 ,Unspecified visual loss,Diseases of the nervous system,1810,6,2.37,0.0445008599,0.87,5.18
891.0 ,"Open wound of knee, leg [except...",Injury and poisoning,33101,107,2.37,0.000000000000009932409,1.94,2.88
722.10 ,Displacement of lumbar intervertebral...,Diseases of the musculoskeletal...,4264,14,2.35,0.0034673113,1.28,3.96
910.0 ,"Abrasion or friction burn of face,...",Injury and poisoning,8568,28,2.35,0.0000593777,1.56,3.41
721.3 ,Lumbosacral spondylosis without...,Diseases of the musculoskeletal...,3991,13,2.33,0.0050509532,1.24,4
881 ,"Open wound of elbow, forearm,...",Injury and poisoning,2782,9,2.32,0.0184502541,1.06,4.41
532.70 ,Chronic duodenal ulcer without...,Diseases of the digestive system,3096,10,2.31,0.0135986764,1.11,4.27
272.2 ,Mixed hyperlipidemia,"Endocrine, nutritional and metabolic...",2486,8,2.3,0.0260838239,0.99,4.55
786.09 ,Other respiratory abnormalities,"Comorbidities, signs, and ill-defined...",5605,18,2.3,0.0016636034,1.36,3.65
533 ,"Peptic ulcer, site unspecified",Diseases of the digestive system,8478,27,2.29,0.0001155967,1.5,3.34
847.2 ,Sprain of lumbar,Injury and poisoning,12323,39,2.28,0.0000049134281,1.62,3.13
848.8 ,Other specified sites of sprains...,Injury and poisoning,3772,12,2.28,0.0131777581,1.17,3.99
726.9 ,Unspecified enthesopathy,Diseases of the musculoskeletal...,2843,9,2.27,0.0208490627,1.03,4.31
614.9 ,Unspecified inflammatory disease...,Diseases of the genitourinary...,52061,159,2.27,4.68922e-19,1.92,2.67
930.1 ,Foreign body in conjunctival sac,Injury and poisoning,25787,80,2.26,0.0000000002348685,1.78,2.83
729.5 ,Pain in limb,Diseases of the musculoskeletal...,5097,16,2.25,0.0036541976,1.28,3.67
916.0 ,"Abrasion or friction burn of hip,...",Injury and poisoning,28839,89,2.25,0.00000000001950968,1.8,2.79
924.10 ,Contusion of lower leg,Injury and poisoning,7381,23,2.24,0.0004840414,1.41,3.37
455.0 ,Internal hemorrhoids without mention...,Diseases of the circulatory system,1915,6,2.24,0.055446027,0.82,4.89
789.9 ,Other symptoms involving abdomen...,"Comorbidities, signs, and ill-defined...",3839,12,2.24,0.0138542686,1.15,3.92
839.8 ,"Closed dislocation, multiple and...",Injury and poisoning,3198,10,2.24,0.0166195528,1.07,4.13
727.06 ,Tenosynovitis of foot and ankle,Diseases of the musculoskeletal...,1928,6,2.23,0.0569042442,0.81,4.86
919.1 ,"Abrasion or friction burn of other,...",Injury and poisoning,2246,7,2.23,0.0414901312,0.89,4.61
924.9 ,Contusion of unspecified site,Injury and poisoning,19982,61,2.21,0.00000005418811,1.69,2.85
726.90 ,Enthesopathy of unspecified site,Diseases of the musculoskeletal...,19705,60,2.21,0.000000076110308,1.68,2.85
531 ,Gastric ulcer,Diseases of the digestive system,2270,7,2.21,0.0434747636,0.88,4.56
370.49 ,Other keratoconjunctivitis,Diseases of the nervous system,5505,17,2.21,0.002999045,1.29,3.56
628.9 ,"Infertility, female, of unspecified...",Diseases of the genitourinary...,2273,7,2.2,0.0437270661,0.88,4.55
780.50 ,"Sleep disturbance, unspecified","Comorbidities, signs, and ill-defined...",3923,12,2.19,0.0149241957,1.13,3.84
253.1 ,Other and unspecified anterior...,"Endocrine, nutritional and metabolic...",2289,7,2.19,0.0450885997,0.88,4.52
881.01 ,"Open wound of elbow, without mention...",Injury and poisoning,3932,12,2.19,0.0150537509,1.13,3.83
620.0 ,Follicular cyst of ovary,Diseases of the genitourinary...,1964,6,2.18,0.0610615544,0.8,4.77
372.8 ,Other disorders of conjunctiva,Diseases of the nervous system,2298,7,2.18,0.0458662778,0.87,4.5
005.9 ,"Food poisoning, unspecified",Infectious and parasitic diseases,1980,6,2.17,0.0629655015,0.79,4.73
788.4 ,Frequency of urination and polyuria,"Comorbidities, signs, and ill-defined...",6601,20,2.17,0.0015151688,1.32,3.37
643.13 ,Hyperemesis gravidarum with metabolic...,"Complications of pregnancy, childbirth,...",10609,32,2.17,0.0001143289,1.48,3.07
916.1 ,"Abrasion or friction burn of hip,...",Injury and poisoning,3633,11,2.17,0.0214250342,1.08,3.89
682 ,Other cellulitis and abscess,Diseases of the skin and subcutaneous...,3980,12,2.16,0.0157943747,1.11,3.78
386.2 ,Vertigo of central origin,Diseases of the nervous system,1996,6,2.15,0.0649040732,0.79,4.69
924.01 ,Contusion of hip,Injury and poisoning,5325,16,2.15,0.0049108025,1.23,3.51
784 ,Symptoms involving head and neck,"Comorbidities, signs, and ill-defined...",1997,6,2.15,0.0650263834,0.79,4.69
540.9 ,Acute appendicitis without mention...,Diseases of the digestive system,10025,30,2.15,0.0002223641,1.45,3.08
346.9 ,"Migraine, unspecified",Diseases of the nervous system,13087,39,2.15,0.0000184721,1.52,2.95
626.9 ,Unspecified disorders of menstruation...,Diseases of the genitourinary...,95786,270,2.15,8.315412e-27,1.89,2.44
786.0 ,Dyspnea and respiratory abnormalities,"Comorbidities, signs, and ill-defined...",2340,7,2.14,0.0496086066,0.86,4.42
590.10 ,Acute pyelonephritis without lesion...,Diseases of the genitourinary...,5691,17,2.14,0.0038965534,1.24,3.44
617.9 ,"Endometriosis, site unspecified",Diseases of the genitourinary...,3681,11,2.14,0.0224063955,1.07,3.84
723.1 ,Cervicalgia,Diseases of the musculoskeletal...,5723,17,2.13,0.0040820822,1.24,3.42
729.9 ,Other and unspecified disorders...,Diseases of the musculoskeletal...,2681,8,2.13,0.0379467562,0.92,4.22
300 ,Neurotic disorders,Mental disorders,5718,17,2.13,0.0040524523,1.24,3.42
611.0 ,Inflammatory disease of breast,Diseases of the genitourinary...,5042,15,2.13,0.0069775398,1.19,3.53
626.0 ,Absence of menstruation,Diseases of the genitourinary...,96579,270,2.13,2.405567e-26,1.87,2.42
729.2 ,"Neuralgia, neuritis, and radiculitis,...",Diseases of the musculoskeletal...,14961,44,2.12,0.000008107772,1.54,2.86
242.90 ,Thyrotoxicosis without mention...,"Endocrine, nutritional and metabolic...",8481,25,2.12,0.0006666893,1.37,3.14
610.2 ,Fibroadenosis of breast,Diseases of the genitourinary...,2023,6,2.12,0.0682538892,0.78,4.63
112.1 ,Candidiasis of vulva and vagina,Infectious and parasitic diseases,35139,101,2.1,0.00000000004699504,1.7,2.57
220 ,Benign neoplasm of ovary,Neoplasms,19379,56,2.09,0.00000091708212,1.57,2.73
840.9 ,Sprains and strains of unspecified...,Injury and poisoning,4112,12,2.09,0.018273593,1.08,3.66
053.9 ,Herpes zoster without mention...,Infectious and parasitic diseases,10707,31,2.08,0.0002257929,1.41,2.96
597.80 ,"Urethritis, unspecified",Diseases of the genitourinary...,7918,23,2.08,0.0013122684,1.32,3.14
616.11 ,Vaginitis and vulvovaginitis in...,Diseases of the genitourinary...,11435,33,2.08,0.000142024,1.42,2.93
531.90 ,"Gastric ulcer, unspecified as...",Diseases of the digestive system,6230,18,2.07,0.0054142593,1.22,3.28
625.9 ,Unspecified symptom associated...,Diseases of the genitourinary...,3115,9,2.07,0.046857593,0.94,3.94
117.9 ,Other and unspecified mycoses,Infectious and parasitic diseases,4177,12,2.06,0.0197411883,1.06,3.6
532.90 ,"Duodenal ulcer, unspecified as...",Diseases of the digestive system,4877,14,2.06,0.0116092656,1.12,3.46
256.8 ,Other ovarian dysfunction,"Endocrine, nutritional and metabolic...",2084,6,2.06,0.0761839931,0.75,4.49
345.90 ,"Epilepsy, unspecified, without...",Diseases of the nervous system,4526,13,2.06,0.0150554281,1.09,3.53
626.8 ,Other disorders of menstruation...,Diseases of the genitourinary...,77874,214,2.06,5.342228e-20,1.78,2.38
930.0 ,Corneal foreign body,Injury and poisoning,16274,46,2.04,0.0000187547,1.49,2.73
386.9 ,Unspecified vertiginous syndromes...,Diseases of the nervous system,6695,19,2.03,0.0045596389,1.22,3.19
311 ,"Depressive disorder, not elsewhere...",Mental disorders,2112,6,2.03,0.0799913611,0.74,4.43
917.0 ,Abrasion or friction burn of foot...,Injury and poisoning,6364,18,2.03,0.0060954747,1.2,3.21
729.1 ,"Myalgia and myositis, unspecified",Diseases of the musculoskeletal...,53286,146,2.02,0.00000000000008890377,1.7,2.39
729.4 ,"Fasciitis, unspecified",Diseases of the musculoskeletal...,26602,74,2.02,0.000000081500187,1.58,2.55
787.0 ,Nausea and vomiting,"Comorbidities, signs, and ill-defined...",59649,163,2.02,0.000000000000004099013,1.72,2.38
810.00 ,"Closed fracture of clavicle, unspecified...",Injury and poisoning,2118,6,2.02,0.0808208557,0.74,4.42
924.1 ,Contusion of knee and lower leg,Injury and poisoning,2843,8,2.01,0.0685977017,0.87,3.98
615 ,"Inflammatory diseases of uterus,...",Diseases of the genitourinary...,2133,6,2.01,0.1328579282,0.74,4.39
215.0 ,Other benign neoplasm of connective...,Neoplasms,2498,7,2,0.0952736695,0.8,4.14
626.6 ,Metrorrhagia,Diseases of the genitourinary...,30897,85,2,0.000000013505555,1.59,2.49
854.00 ,Intracranial injury of other and...,Injury and poisoning,12302,34,1.99,0.0003658221,1.37,2.79
241.9 ,Unspecified nontoxic nodular goiter,"Endocrine, nutritional and metabolic...",1807,5,1.98,0.1133442246,0.64,4.63
693.9 ,Dermatitis due to unspecified...,Diseases of the skin and subcutaneous...,12079,33,1.96,0.0005158826,1.35,2.77
133.0 ,Scabies,Infectious and parasitic diseases,8054,22,1.96,0.0039059226,1.22,2.98
786.01 ,Hyperventilation,"Comorbidities, signs, and ill-defined...",5117,14,1.96,0.0214964863,1.07,3.3
370.00 ,"Corneal ulcer, unspecified",Diseases of the nervous system,8055,22,1.96,0.0039091518,1.22,2.97
620.2 ,Other and unspecified ovarian...,Diseases of the genitourinary...,12444,34,1.96,0.0003949155,1.36,2.76
131.00 ,"Urogenital trichomoniasis, unspecified",Infectious and parasitic diseases,2560,7,1.95,0.0997054633,0.78,4.04
845.09 ,Other sprains and strains of ankle,Injury and poisoning,9584,26,1.95,0.0021824433,1.27,2.86
634.01 ,"Spontaneous abortion, complicated...","Complications of pregnancy, childbirth,...",2203,6,1.95,0.1383456315,0.71,4.25
920 ,"Contusion of face, scalp, and...",Injury and poisoning,26453,71,1.95,0.00000049287027,1.51,2.47
728 ,"Disorders of muscle, ligament,...",Diseases of the musculoskeletal...,4431,12,1.94,0.0394354081,1,3.39
300.00 ,"Anxiety state, unspecified",Mental disorders,20888,56,1.94,0.0000093442513,1.46,2.53
873.0 ,"Open wound of scalp, without mention...",Injury and poisoning,10338,28,1.94,0.0013194945,1.29,2.82
682.7 ,"Cellulitis and abscess of foot,...",Diseases of the skin and subcutaneous...,2210,6,1.94,0.1389545883,0.71,4.24
787.3 ,"Flatulence, eructation, and gas...","Comorbidities, signs, and ill-defined...",36256,96,1.93,0.0000000093117669,1.56,2.37
300.9 ,Unspecified nonpsychotic mental...,Mental disorders,10434,28,1.93,0.0014328468,1.28,2.79
611.72 ,Lump or mass in breast,Diseases of the genitourinary...,7807,21,1.93,0.0055654387,1.19,2.96
622.0 ,Erosion and ectropion of cervix,Diseases of the genitourinary...,9660,26,1.93,0.0022889433,1.26,2.84
382.0 ,Acute suppurative otitis media,Diseases of the nervous system,3326,9,1.93,0.0575083163,0.88,3.68
714.0 ,Rheumatoid arthritis,Diseases of the musculoskeletal...,2977,8,1.92,0.0773049748,0.83,3.8
478.6 ,Edema of larynx,Diseases of the respiratory system,1859,5,1.92,0.1969140578,0.62,4.5
724.9 ,Other unspecified back disorders,Diseases of the musculoskeletal...,3358,9,1.92,0.0594835204,0.87,3.65
788.0 ,Renal colic,"Comorbidities, signs, and ill-defined...",2230,6,1.92,0.1407533032,0.7,4.2
789.0 ,Abdominal pain,"Comorbidities, signs, and ill-defined...",373160,827,1.92,6.732391e-47,1.76,2.1
626.4 ,Irregular menstrual cycle,Diseases of the genitourinary...,166695,410,1.92,7.572813e-29,1.72,2.14
555.0 ,Regional enteritis of small intestine,Diseases of the digestive system,3750,10,1.91,0.047161369,0.91,3.52
276.5 ,Volume depletion,"Endocrine, nutritional and metabolic...",7901,21,1.91,0.0060423435,1.18,2.92
599.0 ,"Urinary tract infection, site...",Diseases of the genitourinary...,71450,184,1.91,0.0000000000000136055,1.64,2.23
854 ,Intracranial injury of other and...,Injury and poisoning,2243,6,1.91,0.1419687344,0.7,4.17
737.9 ,Unspecified curvature of spine,Diseases of the musculoskeletal...,2262,6,1.9,0.1438098263,0.69,4.14
259.9 ,Unspecified endocrine disorder,"Endocrine, nutritional and metabolic...",3765,10,1.9,0.0479871473,0.91,3.5
786.50 ,"Chest pain, unspecified","Comorbidities, signs, and ill-defined...",23978,63,1.9,0.0000047581187,1.45,2.44
571.49 ,Other chronic hepatitis,Diseases of the digestive system,3012,8,1.9,0.0799377982,0.82,3.75
616 ,"Inflammatory disease of cervix,...",Diseases of the genitourinary...,8309,22,1.9,0.0049502053,1.19,2.88
873.8 ,Other and unspecified open wound...,Injury and poisoning,4137,11,1.9,0.05510328,0.95,3.41
692.1 ,Contact dermatitis and other eczema...,Diseases of the skin and subcutaneous...,3383,9,1.9,0.061092326,0.87,3.62
724.79 ,Other disorders of coccyx,Diseases of the musculoskeletal...,2650,7,1.89,0.1072477875,0.76,3.9
536.8 ,Dyspepsia and other specified...,Diseases of the digestive system,78486,199,1.89,0.000000000000004027074,1.62,2.19
727.43 ,"Ganglion, unspecified",Diseases of the musculoskeletal...,3039,8,1.88,0.0820685862,0.81,3.72
240.9 ,"Goiter, unspecified","Endocrine, nutritional and metabolic...",8765,23,1.88,0.0057128226,1.19,2.83
595.0 ,Acute cystitis,Diseases of the genitourinary...,38790,100,1.88,0.000000018893566,1.52,2.3
370.20 ,"Superficial keratitis, unspecified",Diseases of the nervous system,12202,32,1.88,0.0009486355,1.28,2.67
897.0 ,Traumatic amputation of leg(s)...,Injury and poisoning,1901,5,1.88,0.2012073201,0.61,4.4
692.81 ,Dermatitis due to cosmetics,Diseases of the skin and subcutaneous...,1912,5,1.87,0.2024147119,0.61,4.37
429.9 ,"Heart disease, unspecified",Diseases of the circulatory system,2680,7,1.87,0.110045049,0.75,3.86
610.1 ,Diffuse cystic mastopathy,Diseases of the genitourinary...,2672,7,1.87,0.1092855342,0.75,3.87
704.01 ,Alopecia areata,Diseases of the skin and subcutaneous...,3083,8,1.85,0.0857253292,0.8,3.67
278.0 ,Obesity,"Endocrine, nutritional and metabolic...",4631,12,1.85,0.0446674415,0.96,3.25
614.5 ,"Acute or unspecified pelvic peritonitis,...",Diseases of the genitourinary...,5401,14,1.85,0.0272974469,1.01,3.12
455.2 ,Internal hemorrhoids with other...,Diseases of the circulatory system,1936,5,1.84,0.2051651299,0.6,4.32
530.1 ,Esophagitis,Diseases of the digestive system,9345,24,1.84,0.0051905424,1.18,2.75
923.21 ,Contusion of wrist,Injury and poisoning,3897,10,1.83,0.0788793329,0.88,3.38
786.3 ,Hemoptysis,"Comorbidities, signs, and ill-defined...",1952,5,1.83,0.2070854873,0.59,4.28
388.3 ,Tinitus,Diseases of the nervous system,1958,5,1.82,0.2078231944,0.59,4.27
491.0 ,Simple chronic bronchitis,Diseases of the respiratory system,3133,8,1.82,0.0901548515,0.79,3.61
709 ,Other disorders of skin and subcutaneous...,Diseases of the skin and subcutaneous...,2769,7,1.81,0.1191466903,0.72,3.73
784.7 ,Epistaxis,"Comorbidities, signs, and ill-defined...",22710,57,1.81,0.0000490593,1.37,2.36
616.9 ,Unspecified inflammatory disease...,Diseases of the genitourinary...,82514,201,1.81,0.0000000000001195415,1.56,2.09
873.40 ,"Open wound of face, unspecified...",Injury and poisoning,17887,45,1.81,0.0002616361,1.32,2.43
535.50 ,"Unspecified gastritis and gastroduodenitis,...",Diseases of the digestive system,126503,300,1.8,1.365131e-18,1.59,2.03
555.1 ,Regional enteritis of large intestine,Diseases of the digestive system,3578,9,1.8,0.1085722522,0.82,3.42
873 ,Other open wound of head,Injury and poisoning,3568,9,1.8,0.1081172688,0.82,3.43
959.7 ,"Knee, leg, ankle, and foot injury",Injury and poisoning,3988,10,1.79,0.0828293283,0.86,3.31
346 ,Migraine,Diseases of the nervous system,2802,7,1.78,0.1228183163,0.72,3.69
381.0 ,Acute nonsuppurative otitis media,Diseases of the nervous system,2005,5,1.78,0.2139245847,0.58,4.17
478.9 ,Other and unspecified diseases...,Diseases of the respiratory system,16289,40,1.77,0.0009830034,1.26,2.41
041.9 ,"Bacterial infection, unspecified,...",Infectious and parasitic diseases,12177,30,1.77,0.0046804586,1.19,2.53
728.89 ,"Other disorders of muscle, ligament,...",Diseases of the musculoskeletal...,4845,12,1.77,0.0529747559,0.91,3.1
780.4 ,Dizziness and giddiness,"Comorbidities, signs, and ill-defined...",116421,274,1.77,1.273295e-16,1.56,2.01
256.4 ,Polycystic ovaries,"Endocrine, nutritional and metabolic...",7296,18,1.77,0.0258058445,1.04,2.8
724.2 ,Lumbago,Diseases of the musculoskeletal...,55013,132,1.76,0.0000000073044504,1.46,2.1
533.90 ,"Peptic ulcer of unspecified site,...",Diseases of the digestive system,36698,89,1.76,0.0000013296181,1.41,2.18
784.0 ,Headache,"Comorbidities, signs, and ill-defined...",201387,454,1.76,2.708066e-24,1.59,1.96
370.40 ,"Keratoconjunctivitis, unspecified",Diseases of the nervous system,7315,18,1.76,0.0260370359,1.04,2.79
623.5 ,"Leukorrhea, not specified as infective",Diseases of the genitourinary...,20509,50,1.76,0.0003157372,1.3,2.32
625.3 ,Dysmenorrhea,Diseases of the genitourinary...,77507,184,1.76,0.00000000001133925,1.5,2.04
682.9 ,Cellulitis and abscess of unspecified...,Diseases of the skin and subcutaneous...,37509,91,1.76,0.0000011913876,1.41,2.17
386.10 ,"Peripheral vertigo, unspecified",Diseases of the nervous system,3649,9,1.76,0.1121725792,0.8,3.36
924.00 ,Contusion of thigh,Injury and poisoning,4489,11,1.75,0.0691072849,0.87,3.14
698.2 ,Prurigo,Diseases of the skin and subcutaneous...,56362,135,1.75,0.0000000054905192,1.46,2.09
628.0 ,"Infertility, female, associated...",Diseases of the genitourinary...,5712,14,1.75,0.0476800483,0.96,2.95
924.20 ,Contusion of foot,Injury and poisoning,8213,20,1.74,0.0175396053,1.06,2.7
682.0 ,Cellulitis and abscess of face,Diseases of the skin and subcutaneous...,3695,9,1.74,0.114845837,0.79,3.31
922.2 ,Contusion of abdominal wall,Injury and poisoning,4109,10,1.74,0.0893561688,0.83,3.21
455.6 ,Unspecified hemorrhoids without...,Diseases of the circulatory system,8700,21,1.73,0.0198935552,1.07,2.65
780.9 ,Other general symptoms,"Comorbidities, signs, and ill-defined...",11598,28,1.73,0.0081756688,1.15,2.51
784.1 ,Throat pain,"Comorbidities, signs, and ill-defined...",25221,60,1.72,0.0001214452,1.3,2.22
719.4 ,Pain in joint,Diseases of the musculoskeletal...,4178,10,1.71,0.0937145728,0.82,3.16
782.3 ,Edema,"Comorbidities, signs, and ill-defined...",4189,10,1.71,0.0944513785,0.82,3.15
894 ,Multiple and unspecified open...,Injury and poisoning,3755,9,1.71,0.1187260091,0.78,3.26
635.90 ,"Legally induced abortion, without...","Complications of pregnancy, childbirth,...",2942,7,1.7,0.1400912291,0.68,3.51
995.3 ,"Allergy, unspecified, not elsewhere...",Injury and poisoning,14044,33,1.69,0.0060620473,1.16,2.38
891 ,"Open wound of knee, leg (except...",Injury and poisoning,5503,13,1.69,0.0677686293,0.9,2.9
008.8 ,Intestinal infection due to other...,Infectious and parasitic diseases,2547,6,1.68,0.1798840421,0.62,3.67
780.2 ,Syncope and collapse,"Comorbidities, signs, and ill-defined...",9384,22,1.68,0.0250937401,1.05,2.55
794.8 ,Nonspecific abnormal results of...,"Comorbidities, signs, and ill-defined...",2982,7,1.68,0.2090340207,0.67,3.46
537.9 ,Unspecified disorder of stomach...,Diseases of the digestive system,2564,6,1.67,0.1824914885,0.61,3.65
785.1 ,Palpitations,"Comorbidities, signs, and ill-defined...",12003,28,1.67,0.0098340418,1.11,2.43
300.0 ,Anxiety states,Mental disorders,8152,19,1.67,0.0356010467,1,2.61
850.9 ,"Concussion, unspecified",Injury and poisoning,12475,29,1.67,0.0108578538,1.11,2.4
693.1 ,Dermatitis due to food taken internally,Diseases of the skin and subcutaneous...,2576,6,1.66,0.1843599145,0.61,3.63
112.9 ,Candidiasis of unspecified site,Infectious and parasitic diseases,3443,8,1.66,0.1622001288,0.72,3.28
535.00 ,"Acute gastritis, without mention...",Diseases of the digestive system,169936,370,1.66,3.056351e-17,1.48,1.86
558 ,Other and unspecified noninfectious...,Diseases of the digestive system,15126,35,1.66,0.0058921264,1.15,2.32
307.81 ,Tension headache,Mental disorders,16000,37,1.66,0.00391317,1.17,2.3
845 ,Sprains and strains of ankle and...,Injury and poisoning,3012,7,1.66,0.211219711,0.67,3.43
845.10 ,"Sprain of foot, unspecified site",Injury and poisoning,2578,6,1.66,0.1846735378,0.61,3.63
686.8 ,Other specified local infections...,Diseases of the skin and subcutaneous...,36205,83,1.66,0.0000246676,1.32,2.07
704.00 ,"Alopecia, unspecified",Diseases of the skin and subcutaneous...,2603,6,1.65,0.1886466026,0.6,3.59
727.00 ,"Synovitis and tenosynovitis, unspecified",Diseases of the musculoskeletal...,33832,77,1.65,0.000065798,1.29,2.07
533.00 ,Acute peptic ulcer of unspecified...,Diseases of the digestive system,3458,8,1.65,0.163452507,0.71,3.27
573.3 ,"Hepatitis, unspecified",Diseases of the digestive system,6946,16,1.65,0.0522723659,0.94,2.68
680.8 ,Carbuncle and furuncle of other...,Diseases of the skin and subcutaneous...,2597,6,1.65,0.1876842199,0.6,3.6
003.0 ,Salmonella gastroenteritis,Infectious and parasitic diseases,2609,6,1.64,0.1896145119,0.6,3.58
300.4 ,Dysthymic disorder,Mental disorders,10896,25,1.64,0.019617484,1.06,2.43
616.8 ,Other specified inflammatory diseases...,Diseases of the genitourinary...,5220,12,1.64,0.0918634243,0.85,2.88
629.8 ,Other specified disorders of female...,Diseases of the genitourinary...,3044,7,1.64,0.2137383056,0.66,3.39
641.93 ,"Unspecified antepartum hemorrhage,...","Complications of pregnancy, childbirth,...",3493,8,1.64,0.1665012043,0.7,3.23
380.15 ,Chronic mycotic otitis externa,Diseases of the nervous system,4807,11,1.64,0.1165451395,0.81,2.93
380.2 ,Other otitis externa,Diseases of the nervous system,2177,5,1.64,0.2407009142,0.53,3.84
389.9 ,Unspecified hearing loss,Diseases of the nervous system,3507,8,1.63,0.1677696119,0.7,3.22
482.9 ,"Bacterial pneumonia, unspecified",Diseases of the respiratory system,3504,8,1.63,0.1674954792,0.7,3.22
918.1 ,Superficial injury of cornea,Injury and poisoning,20794,47,1.63,0.0019524707,1.19,2.17
922 ,Contusion of trunk,Injury and poisoning,3072,7,1.63,0.216097029,0.65,3.36
724.5 ,"Backache, unspecified",Diseases of the musculoskeletal...,35792,80,1.62,0.0000780584,1.28,2.02
780.6 ,Fever,"Comorbidities, signs, and ill-defined...",115470,251,1.62,0.00000000001289256,1.41,1.85
890.0 ,"Open wound of hip and thigh, without...",Injury and poisoning,3959,9,1.62,0.1351087702,0.74,3.09
615.9 ,Unspecified inflammatory disease...,Diseases of the genitourinary...,20553,46,1.61,0.0025484067,1.17,2.15
693.0 ,Dermatitis due to drugs and medicines...,Diseases of the skin and subcutaneous...,5379,12,1.59,0.1008764732,0.82,2.79
372.72 ,Conjunctival hemorrhage,Diseases of the nervous system,12710,28,1.58,0.0227171744,1.05,2.29
681.9 ,Cellulitis and abscess of unspecified...,Diseases of the skin and subcutaneous...,10406,23,1.58,0.0344578472,1,2.38
924 ,Contusion of lower limb and of...,Injury and poisoning,5009,11,1.57,0.1288042373,0.78,2.82
054.9 ,Herpes simplex without mention...,Infectious and parasitic diseases,17879,39,1.57,0.0085736604,1.11,2.15
535 ,Gastritis and duodenitis,Diseases of the digestive system,22866,50,1.57,0.0031194504,1.16,2.08
535.40 ,"Other specified gastritis, without...",Diseases of the digestive system,17871,39,1.57,0.0085521011,1.11,2.15
564.1 ,Irritable bowel syndrome,Diseases of the digestive system,40162,87,1.57,0.0001102694,1.25,1.94
626.2 ,Excessive or frequent menstruation,Diseases of the genitourinary...,26672,58,1.57,0.0016124318,1.18,2.03
373.0 ,Blepharitis,Diseases of the nervous system,4099,9,1.57,0.2013888223,0.72,2.99
637.91 ,"Unspecified abortion, without...","Complications of pregnancy, childbirth,...",6384,14,1.57,0.0928075189,0.86,2.64
380.1 ,Infective otitis externa,Diseases of the nervous system,3636,8,1.57,0.1807236559,0.68,3.11
216.3 ,Benign neoplasm of skin of other...,Neoplasms,4589,10,1.56,0.1616710795,0.74,2.87
564.0 ,Constipation,Diseases of the digestive system,92209,195,1.56,0.000000027942575,1.34,1.8
892.0 ,Open wound of foot except toe(s)...,Injury and poisoning,14243,31,1.56,0.0177939595,1.06,2.22
698.4 ,Dermatitis factitia [artefacta],Diseases of the skin and subcutaneous...,10188,22,1.55,0.0459474072,0.97,2.35
701.4 ,Keloid scar,Diseases of the skin and subcutaneous...,13444,29,1.55,0.0267949644,1.03,2.23
464.20 ,Acute laryngotracheitis without...,Diseases of the respiratory system,80935,171,1.55,0.00000022278431,1.32,1.81
715.90 ,"Osteoarthrosis, unspecified whether...",Diseases of the musculoskeletal...,6466,14,1.55,0.1291194514,0.84,2.6
728.9 ,"Unspecified disorder of muscle,...",Diseases of the musculoskeletal...,9238,20,1.55,0.0671449535,0.94,2.4
528.0 ,Stomatitis,Diseases of the digestive system,18978,41,1.55,0.0080969793,1.11,2.11
536.9 ,Unspecified functional disorder...,Diseases of the digestive system,154363,318,1.55,0.000000000008752669,1.37,1.74
367.2 ,Astigmatism,Diseases of the nervous system,7390,16,1.55,0.0848833166,0.88,2.52
921.3 ,Contusion of eyeball,Injury and poisoning,2757,6,1.55,0.2957264998,0.57,3.39
727 ,"Other disorders of synovium tendon,...",Diseases of the musculoskeletal...,2785,6,1.54,0.2985641662,0.56,3.36
592.0 ,Calculus of kidney,Diseases of the genitourinary...,3249,7,1.54,0.2341509405,0.62,3.18
599 ,Other disorders of urethra and...,Diseases of the genitourinary...,3238,7,1.54,0.2328791544,0.62,3.19
844.9 ,Sprains and strains of unspecified...,Injury and poisoning,8348,18,1.54,0.0760064,0.91,2.44
372.12 ,Chronic follicular conjunctivitis,Diseases of the nervous system,6014,13,1.54,0.1178033116,0.82,2.65
386.12 ,Vestibular neuronitis,Diseases of the nervous system,2315,5,1.54,0.2664841499,0.5,3.61
708.0 ,Allergic urticaria,Diseases of the skin and subcutaneous...,45474,96,1.53,0.0001277991,1.23,1.88
478.5 ,Other diseases of vocal cords,Diseases of the respiratory system,23711,50,1.52,0.0064294687,1.12,2.01
242.9 ,Thyrotoxicosis w/m of goiter or...,"Endocrine, nutritional and metabolic...",3285,7,1.52,0.2384433992,0.61,3.14
535.0 ,Acute gastritis,Diseases of the digestive system,42138,88,1.51,0.0003478216,1.21,1.87
372.05 ,Acute atopic conjunctivitis,Diseases of the nervous system,4255,9,1.51,0.2122174607,0.69,2.88
719.40 ,"Pain in joint, site unspecified",Diseases of the musculoskeletal...,11943,25,1.5,0.0488932015,0.97,2.22
564.8 ,Other specified function disorder...,Diseases of the digestive system,22563,47,1.5,0.0090808042,1.1,2
848.9 ,Unspecified site of sprain and...,Injury and poisoning,41521,86,1.5,0.0005234158,1.19,1.86
708.8 ,Other specified urticaria,Diseases of the skin and subcutaneous...,12507,26,1.49,0.0533452986,0.97,2.19
780.3 ,Convulsions,"Comorbidities, signs, and ill-defined...",1916,4,1.49,0.3510003976,0.41,3.83
558.9 ,Other and unspecified noninfectious...,Diseases of the digestive system,423666,785,1.49,7.560648e-19,1.37,1.63
565.0 ,Anal fissure,Diseases of the digestive system,2876,6,1.49,0.3088428802,0.55,3.25
556 ,Idiopathic proctocolitis,Diseases of the digestive system,2404,5,1.48,0.4001811417,0.48,3.47
841.9 ,Sprains and strains of unspecified...,Injury and poisoning,2411,5,1.48,0.4008696608,0.48,3.46
710.0 ,Systemic lupus erythematosus,Diseases of the musculoskeletal...,3405,7,1.47,0.2541186779,0.59,3.03
692.9 ,"Contact dermatitis and other eczema,...",Diseases of the skin and subcutaneous...,300299,566,1.46,0.000000000000046139,1.33,1.61
491.1 ,Mucopurulent chronic bronchitis,Diseases of the respiratory system,1960,4,1.46,0.360590648,0.4,3.74
217 ,Benign neoplasm of breast,Neoplasms,14180,29,1.46,0.0537664104,0.98,2.11
787.9 ,Other symptoms involving digestive...,"Comorbidities, signs, and ill-defined...",9786,20,1.46,0.1014187244,0.89,2.26
611.9 ,Unspecified breast disorder,Diseases of the genitourinary...,8826,18,1.46,0.1146192168,0.86,2.31
916 ,"Superficial injury of hip, thigh,...",Injury and poisoning,4387,9,1.46,0.2238329219,0.67,2.79
388.30 ,"Tinnitus, unspecified",Diseases of the nervous system,7375,15,1.45,0.1566888943,0.81,2.4
949.0 ,"Burn of unspecified site, unspecified...",Injury and poisoning,7872,16,1.45,0.1304512937,0.83,2.37
528.9 ,Other and unspecified diseases...,Diseases of the digestive system,36682,74,1.45,0.0023639667,1.14,1.83
246.9 ,Unspecified disorder of thyroid,"Endocrine, nutritional and metabolic...",7371,15,1.45,0.1565341114,0.81,2.41
256.9 ,Unspecified ovarian dysfunction,"Endocrine, nutritional and metabolic...",8373,17,1.45,0.1395902908,0.84,2.33
894.0 ,Multiple and unspecified open...,Injury and poisoning,41216,83,1.45,0.0013463049,1.15,1.81
382.9 ,Unspecified otitis media,Diseases of the nervous system,42442,85,1.45,0.0015455808,1.15,1.8
922.3 ,Contusion of back,Injury and poisoning,14298,29,1.45,0.0549617599,0.97,2.09
009.1 ,"Colitis, enteritis, and gastroenteritis...",Infectious and parasitic diseases,29948,60,1.44,0.007812908,1.1,1.86
558.2 ,Toxic gastroenteritis and colitis,Diseases of the digestive system,3469,7,1.44,0.3542081148,0.58,2.98
616.50 ,"Ulceration of vulva, unspecified",Diseases of the genitourinary...,1982,4,1.44,0.365508405,0.39,3.7
704.8 ,Other specified diseases of hair...,Diseases of the skin and subcutaneous...,35862,71,1.43,0.0052218737,1.11,1.81
464.4 ,Croup,Diseases of the respiratory system,3004,6,1.43,0.3257936803,0.52,3.11
528.2 ,Oral aphthae,Diseases of the digestive system,15544,31,1.43,0.0522135839,0.97,2.03
781.9 ,Other symptoms involving nervous...,"Comorbidities, signs, and ill-defined...",1993,4,1.43,0.3679960118,0.39,3.68
786.9 ,Other symptoms involving respiratory...,"Comorbidities, signs, and ill-defined...",1990,4,1.43,0.367315723,0.39,3.68
571.40 ,"Chronic hepatitis, unspecified",Diseases of the digestive system,26189,52,1.43,0.0153891396,1.06,1.88
789 ,Other symptoms involving abdomen...,"Comorbidities, signs, and ill-defined...",5478,11,1.43,0.2056192413,0.71,2.57
786.5 ,Chest pain,"Comorbidities, signs, and ill-defined...",12110,24,1.42,0.0879126136,0.91,2.12
700 ,Corns and callosities,Diseases of the skin and subcutaneous...,9137,18,1.41,0.1578134161,0.83,2.23
523.0 ,Acute gingivitis,Diseases of the digestive system,3542,7,1.41,0.3598948565,0.57,2.91
373.00 ,"Blepharitis, unspecified",Diseases of the nervous system,21377,42,1.41,0.033686195,1.01,1.91
110.1 ,Dermatophytosis of nail,Infectious and parasitic diseases,9197,18,1.4,0.1597231128,0.83,2.22
564.9 ,Unspecified functional disorder...,Diseases of the digestive system,103013,197,1.4,0.0000161143,1.2,1.62
682.8 ,Cellulitis and abscess of other...,Diseases of the skin and subcutaneous...,4586,9,1.4,0.3162268507,0.64,2.67
472.1 ,Chronic pharyngitis,Diseases of the respiratory system,14411,28,1.39,0.0919263377,0.92,2.02
715 ,Osteoarthrosis and allied disorders,Diseases of the musculoskeletal...,2566,5,1.39,0.4187793091,0.45,3.25
478.1 ,Other diseases of nasal cavity...,Diseases of the respiratory system,32622,63,1.39,0.0133979503,1.06,1.78
786.2 ,Cough,"Comorbidities, signs, and ill-defined...",83577,160,1.39,0.0001158021,1.18,1.64
722.2 ,Displacement of intervertebral...,Diseases of the musculoskeletal...,2587,5,1.38,0.421565674,0.45,3.23
535.4 ,Other specified gastritis,Diseases of the digestive system,5712,11,1.38,0.2832948882,0.69,2.47
854.0 ,Intracranial injury of other and...,Injury and poisoning,3105,6,1.38,0.4624866413,0.51,3.01
470 ,Deviated nasal septum,Diseases of the respiratory system,8357,16,1.37,0.2371038786,0.78,2.23
728.85 ,Spasm of muscle,Diseases of the musculoskeletal...,2609,5,1.37,0.4245680816,0.44,3.2
533.70 ,Chronic peptic ulcer of unspecified...,Diseases of the digestive system,6234,12,1.37,0.236235078,0.71,2.41
842.09 ,Other sprains and strains of wrist,Injury and poisoning,2596,5,1.37,0.4227837831,0.45,3.22
686.0 ,Pyoderma,Diseases of the skin and subcutaneous...,16218,31,1.37,0.0902840872,0.93,1.95
924.5 ,Contusion of unspecified part...,Injury and poisoning,8389,16,1.36,0.2379736161,0.78,2.22
466.1 ,Acute bronchiolitis,Diseases of the respiratory system,79089,148,1.36,0.0005289351,1.14,1.61
977.9 ,Poisoning by unspecified drug...,Injury and poisoning,2102,4,1.36,0.5478341516,0.37,3.49
110.4 ,Dermatophytosis of foot,Infectious and parasitic diseases,49193,93,1.36,0.0047987167,1.1,1.68
274.9 ,"Gout, unspecified","Endocrine, nutritional and metabolic...",3158,6,1.36,0.466171638,0.5,2.96
372.02 ,Acute follicular conjunctivitis,Diseases of the nervous system,8411,16,1.36,0.2386164757,0.78,2.21
686 ,Other local infections of skin...,Diseases of the skin and subcutaneous...,8946,17,1.36,0.2005703225,0.79,2.18
708.9 ,"Urticaria, unspecified",Diseases of the skin and subcutaneous...,131366,241,1.35,0.0000266542,1.17,1.54
239.2 ,Neoplasm of unspecified nature...,Neoplasms,2636,5,1.35,0.428365202,0.44,3.17
626 ,Disorders of menstruation and...,Diseases of the genitourinary...,12145,23,1.35,0.1435355683,0.86,2.04
380.22 ,Other acute otitis externa,Diseases of the nervous system,20121,38,1.35,0.0708692553,0.95,1.86
716.90 ,"Arthropathy, unspecified, site...",Diseases of the musculoskeletal...,7477,14,1.34,0.27464986,0.73,2.25
493 ,Asthma,Diseases of the respiratory system,7457,14,1.34,0.2737713924,0.73,2.26
780 ,General symptoms,"Comorbidities, signs, and ill-defined...",3196,6,1.34,0.4691085977,0.49,2.92
535.5 ,Unspecified gastritis & gastroduodenitis,Diseases of the digestive system,16513,31,1.34,0.1152413941,0.91,1.91
785.6 ,Enlargement of lymph nodes,"Comorbidities, signs, and ill-defined...",5852,11,1.34,0.2927365493,0.67,2.41
564.5 ,Functional diarrhea,Diseases of the digestive system,22913,43,1.34,0.0611178693,0.97,1.82
367.51 ,Paresis of accommodation,Diseases of the nervous system,4254,8,1.34,0.4049060651,0.58,2.65
698.8 ,Other specified pruritic conditions,Diseases of the skin and subcutaneous...,9657,18,1.33,0.2178475447,0.79,2.11
009.3 ,Diarrhea of presumed infectious...,Infectious and parasitic diseases,14006,26,1.33,0.1713463374,0.86,1.95
727.0 ,Synovitis and tenosynovitis,Diseases of the musculoskeletal...,4842,9,1.33,0.3367798057,0.61,2.53
078.1 ,Viral warts,Infectious and parasitic diseases,57342,106,1.33,0.0052734232,1.09,1.62
698.9 ,Unspecified pruritic disorder,Diseases of the skin and subcutaneous...,36461,67,1.32,0.0281107477,1.02,1.68
477.8 ,Allergic rhinitis due to other...,Diseases of the respiratory system,10818,20,1.32,0.1975632525,0.81,2.05
478 ,Other diseases of upper respiratory...,Diseases of the respiratory system,4339,8,1.32,0.4109363751,0.57,2.6
373.2 ,Chalazion,Diseases of the nervous system,24991,46,1.32,0.0727012946,0.96,1.77
681.11 ,Onychia and paronychia of toe,Diseases of the skin and subcutaneous...,14128,26,1.32,0.1733971935,0.86,1.93
464 ,Acute laryngitis and tracheitis,Diseases of the respiratory system,45527,83,1.31,0.0185482899,1.04,1.63
564 ,"Functional digestive disorders,...",Diseases of the digestive system,20220,37,1.31,0.1071459604,0.92,1.81
571.4 ,Chronic hepatitis,Diseases of the digestive system,10938,20,1.31,0.2456858327,0.8,2.02
424.0 ,Mitral valve disorders,Diseases of the circulatory system,12681,23,1.3,0.2310132304,0.82,1.95
463 ,Acute tonsillitis,Diseases of the respiratory system,574247,945,1.3,0.0000000012986645,1.19,1.41
475 ,Peritonsillar abscess,Diseases of the respiratory system,14828,27,1.3,0.1838564392,0.86,1.9
477.9 ,"Allergic rhinitis, cause unspecified",Diseases of the respiratory system,185415,327,1.3,0.0000201559,1.15,1.46
717.7 ,Chondromalacia of patella,Diseases of the musculoskeletal...,3849,7,1.3,0.5109154248,0.52,2.68
533.30 ,Acute peptic ulcer of unspecified...,Diseases of the digestive system,3287,6,1.3,0.4770800542,0.48,2.84
691 ,Atopic dermatitis and related...,Diseases of the skin and subcutaneous...,2197,4,1.3,0.5580274315,0.35,3.33
472.0 ,Chronic rhinitis,Diseases of the respiratory system,72775,130,1.29,0.0061279807,1.07,1.54
933.1 ,Foreign body in larynx,Injury and poisoning,4983,9,1.29,0.4426536366,0.59,2.45
519.9 ,Unspecified disease of respiratory...,Diseases of the respiratory system,4980,9,1.29,0.4424904823,0.59,2.45
569.9 ,Unspecified disorder of intestine,Diseases of the digestive system,4426,8,1.29,0.4180580632,0.56,2.55
595 ,Cystitis,Diseases of the genitourinary...,4996,9,1.29,0.4433725402,0.59,2.45
892 ,Open wound of foot except toe(s)...,Injury and poisoning,2204,4,1.29,0.5588450931,0.35,3.32
680 ,Carbuncle and furuncle,Diseases of the skin and subcutaneous...,3323,6,1.29,0.4805768377,0.47,2.81
692 ,Contact dermatitis and other eczema,Diseases of the skin and subcutaneous...,23945,43,1.29,0.1161877758,0.93,1.74
464.1 ,Acute tracheitis,Diseases of the respiratory system,18449,33,1.28,0.1647024398,0.88,1.8
473.0 ,Chronic maxillary sinusitis,Diseases of the respiratory system,2222,4,1.28,0.5609865858,0.35,3.3
486 ,"Pneumonia, organism unspecified",Diseases of the respiratory system,16703,30,1.28,0.1753738655,0.86,1.84
487.1 ,Influenza with other respiratory...,Diseases of the respiratory system,227461,393,1.28,0.0000148401,1.15,1.43
560.39 ,Other impaction of intestine,Diseases of the digestive system,5592,10,1.28,0.3723305885,0.61,2.35
845.00 ,"Sprain of ankle, unspecified site",Injury and poisoning,15037,27,1.28,0.1884661596,0.84,1.87
379.24 ,Other vitreous opacities,Diseases of the nervous system,5573,10,1.28,0.3707478797,0.61,2.36
465.8 ,Acute upper respiratory infections...,Diseases of the respiratory system,165575,287,1.27,0.0002331645,1.12,1.44
709.8 ,Other specified disorders of skin,Diseases of the skin and subcutaneous...,13483,24,1.27,0.2457351902,0.81,1.9
487.8 ,Influenza with other manifestations,Diseases of the respiratory system,31053,55,1.27,0.0912748834,0.95,1.66
490 ,"Bronchitis, not specified as acute...",Diseases of the respiratory system,26497,47,1.27,0.1148090553,0.93,1.7
216.7 ,Benign neoplasm of skin of lower...,Neoplasms,2245,4,1.27,0.5638020475,0.35,3.26
373.13 ,Abscess of eyelid,Diseases of the nervous system,14591,26,1.27,0.2199731325,0.83,1.87
686.9 ,Unspecified local infection of...,Diseases of the skin and subcutaneous...,91480,160,1.27,0.0054546812,1.07,1.49
460 ,Acute nasopharyngitis [common...,Diseases of the respiratory system,615437,988,1.26,0.000000078229403,1.16,1.37
464.21 ,Acute laryngotracheitis with obstruction,Diseases of the respiratory system,4517,8,1.26,0.4264591514,0.54,2.5
705.81 ,Dyshidrosis,Diseases of the skin and subcutaneous...,39171,69,1.26,0.0644097935,0.98,1.61
786.1 ,Stridor,"Comorbidities, signs, and ill-defined...",2262,4,1.26,0.565937951,0.34,3.24
599.7 ,Hematuria,Diseases of the genitourinary...,10192,18,1.26,0.289127896,0.75,2
692.79 ,Other dermatitis due to solar...,Diseases of the skin and subcutaneous...,7410,13,1.25,0.4327315096,0.67,2.15
717.9 ,Unspecified internal derangement...,Diseases of the musculoskeletal...,2285,4,1.25,0.568898898,0.34,3.21
110.9 ,Dermatophytosis of unspecified...,Infectious and parasitic diseases,24578,43,1.25,0.1437896145,0.9,1.69
382.4 ,Unspecified suppurative otitis...,Diseases of the nervous system,2290,4,1.25,0.569553084,0.34,3.2
386 ,Vertiginous syndromes and other...,Diseases of the nervous system,2853,5,1.25,0.6089459657,0.41,2.93
464.2 ,Acute larygotracheitis,Diseases of the respiratory system,10361,18,1.24,0.3541806115,0.73,1.97
708.1 ,Idiopathic urticaria,Diseases of the skin and subcutaneous...,7465,13,1.24,0.4345756874,0.66,2.13
780.7 ,Malaise and fatigue,"Comorbidities, signs, and ill-defined...",23169,40,1.24,0.1840767916,0.88,1.69
783.4 ,Lack of expected normal physiological...,"Comorbidities, signs, and ill-defined...",6883,12,1.24,0.4170926344,0.64,2.18
373.12 ,Hordeolum internum,Diseases of the nervous system,96726,166,1.24,0.0088662068,1.05,1.45
465 ,Acute upper respiratory infections...,Diseases of the respiratory system,114046,194,1.23,0.0066838601,1.06,1.43
465.9 ,Acute upper respiratory infections...,Diseases of the respiratory system,1282460,1869,1.23,0.0001703143,1.1,1.38
523.9 ,Unspecified gingival and periodontal...,Diseases of the digestive system,3485,6,1.23,0.4984507419,0.45,2.68
229.8 ,Benign neoplasm of other specified...,Neoplasms,3477,6,1.23,0.4974926645,0.45,2.69
374.05 ,Trichiasis of eyelid without entropion,Diseases of the nervous system,9854,17,1.23,0.3454892648,0.72,1.98
692.0 ,Contact dermatitis and other eczema...,Diseases of the skin and subcutaneous...,34447,59,1.23,0.125852643,0.93,1.59
692.5 ,Contact dermatitis and other eczema...,Diseases of the skin and subcutaneous...,4090,7,1.22,0.5272561129,0.49,2.52
464.30 ,Acute epiglottitis without mention...,Diseases of the respiratory system,5845,10,1.22,0.4811716134,0.58,2.25
465.0 ,Acute laryngopharyngitis,Diseases of the respiratory system,352926,577,1.22,0.0000405122,1.11,1.35
466.0 ,Acute bronchitis,Diseases of the respiratory system,532941,851,1.22,0.0000046990434,1.12,1.33
933.0 ,Foreign body in pharynx,Injury and poisoning,6417,11,1.22,0.4998271113,0.61,2.19
787.7 ,Abnormal feces,"Comorbidities, signs, and ill-defined...",3498,6,1.22,0.5000229771,0.45,2.67
373.11 ,Hordeolum externum,Diseases of the nervous system,85906,145,1.22,0.0244115819,1.02,1.44
491.9 ,Unspecified chronic bronchitis,Diseases of the respiratory system,11189,19,1.21,0.3739413291,0.73,1.9
780.8 ,Generalized hyperhidrosis,"Comorbidities, signs, and ill-defined...",8269,14,1.21,0.458756441,0.66,2.03
372.30 ,"Conjunctivitis, unspecified",Diseases of the nervous system,203399,337,1.21,0.0013516273,1.08,1.36
485 ,"Bronchopneumonia, organism unspecified",Diseases of the respiratory system,11290,19,1.2,0.3778384423,0.72,1.88
370.21 ,Punctate keratitis,Diseases of the nervous system,36310,61,1.2,0.1556095771,0.92,1.55
682.6 ,"Cellulitis and abscess of leg,...",Diseases of the skin and subcutaneous...,4156,7,1.2,0.5329159925,0.48,2.48
427.9 ,"Cardiac dysrhythmia, unspecified",Diseases of the circulatory system,12553,21,1.19,0.4004196428,0.74,1.83
540 ,Acute appendicitis,Diseases of the digestive system,2401,4,1.19,0.5849502907,0.32,3.05
381.00 ,"Acute nonsuppurative otitis media,...",Diseases of the nervous system,5984,10,1.19,0.4902683005,0.57,2.2
692.70 ,Unspecified dermatitis due to...,Diseases of the skin and subcutaneous...,4220,7,1.18,0.5388301188,0.47,2.44
462 ,Acute pharyngitis,Diseases of the respiratory system,427145,675,1.18,0.0003696239,1.08,1.29
464.0 ,Acute laryngitis,Diseases of the respiratory system,233223,377,1.18,0.0033389211,1.06,1.32
706.1 ,Other acne,Diseases of the skin and subcutaneous...,312530,501,1.18,0.0010412703,1.07,1.31
737.43 ,Scoliosis associated with other...,Diseases of the musculoskeletal...,2419,4,1.18,0.5875893783,0.32,3.03
218.9 ,"Leiomyoma of uterus, unspecified",Neoplasms,2408,4,1.18,0.5859723242,0.32,3.04
289.3 ,"Lymphadenitis, unspecified, except...",Diseases of the blood and blood-forming...,6070,10,1.18,0.6027383754,0.56,2.17
845.19 ,Other sprain of foot,Injury and poisoning,2422,4,1.18,0.5880326853,0.32,3.02
625.4 ,Premenstrual tension syndromes,Diseases of the genitourinary...,1816,3,1.18,0.7458122335,0.24,3.45
461.9 ,"Acute sinusitis, unspecified",Diseases of the respiratory system,441457,692,1.17,0.0007190552,1.07,1.28
709.0 ,Dyschromia,Diseases of the skin and subcutaneous...,12215,20,1.17,0.4650424008,0.71,1.81
009.2 ,Infectious diarrhea,Infectious and parasitic diseases,30059,49,1.17,0.2759653683,0.86,1.55
285.9 ,"Anemia, unspecified",Diseases of the blood and blood-forming...,25647,42,1.17,0.3118844467,0.84,1.59
644.00 ,"Threatened premature labor, unspecified...","Complications of pregnancy, childbirth,...",1821,3,1.17,0.7461986929,0.24,3.44
680.9 ,Carbuncle and furuncle of unspecified...,Diseases of the skin and subcutaneous...,34255,56,1.17,0.2425775111,0.88,1.53
464.11 ,Acute tracheitis with obstruction,Diseases of the respiratory system,11071,18,1.16,0.5219640455,0.69,1.84
716.9 ,"Arthropathy, unspecified",Diseases of the musculoskeletal...,3676,6,1.16,0.6547968434,0.43,2.54
216 ,Benign neoplasm of skin,Neoplasms,4906,8,1.16,0.5671632241,0.5,2.3
536 ,Disorders of function of stomach,Diseases of the digestive system,11660,19,1.16,0.4567765573,0.7,1.82
919.4 ,"Insect bite, nonvenomous, of other,...",Injury and poisoning,31996,52,1.16,0.2899583114,0.87,1.53
477 ,Allergic rhinitis,Diseases of the respiratory system,25506,41,1.15,0.3538012954,0.82,1.56
077.1 ,Epidemic keratoconjunctivitis,Infectious and parasitic diseases,22888,37,1.15,0.3729771663,0.81,1.6
372.00 ,"Acute conjunctivitis, unspecified",Diseases of the nervous system,165708,263,1.15,0.037447906,1.01,1.31
373.1 ,Hordeolum and other deep inflammation...,Diseases of the nervous system,27369,44,1.15,0.369212196,0.83,1.55
690 ,Erythematosquamous dermatosis,Diseases of the skin and subcutaneous...,19273,31,1.15,0.4373750599,0.78,1.64
692.4 ,Contact dermatitis and other eczema...,Diseases of the skin and subcutaneous...,23836,38,1.14,0.4315318405,0.8,1.57
461.0 ,Acute maxillary sinusitis,Diseases of the respiratory system,21346,34,1.14,0.4602340323,0.79,1.59
110.3 ,Dermatophytosis of groin and perianal...,Infectious and parasitic diseases,4394,7,1.14,0.6832479984,0.46,2.35
582.9 ,Chronic glomerulonephritis with...,Diseases of the genitourinary...,3139,5,1.14,0.6339209018,0.37,2.66
370.9 ,Unspecified keratitis,Diseases of the nervous system,6242,10,1.14,0.6096561584,0.55,2.11
478.0 ,Hypertrophy of nasal turbinates,Diseases of the respiratory system,11370,18,1.13,0.6131712747,0.67,1.79
009.0 ,"Infectious colitis, enteritis,...",Infectious and parasitic diseases,82562,130,1.13,0.1810060407,0.94,1.35
830 ,Dislocation of jaw,Injury and poisoning,2529,4,1.13,0.7855185283,0.31,2.9
472 ,Chronic pharyngitis and nasopharyngitis,Diseases of the respiratory system,5713,9,1.12,0.7204996986,0.51,2.14
487.0 ,Influenza with pneumonia,Diseases of the respiratory system,4446,7,1.12,0.6858330874,0.45,2.32
216.8 ,Benign neoplasm of other specified...,Neoplasms,4449,7,1.12,0.6859885531,0.45,2.32
380.10 ,"Infective otitis externa, unspecified",Diseases of the nervous system,78928,123,1.12,0.2414469573,0.92,1.34
455.8 ,Unspecified hemorrhoids with other...,Diseases of the circulatory system,2561,4,1.11,0.78705839,0.3,2.86
959.8 ,"Other specified sites, including...",Injury and poisoning,1919,3,1.11,0.7543815374,0.23,3.27
215.9 ,Other benign neoplasm of connective...,Neoplasms,3208,5,1.11,0.8099452753,0.36,2.6
345.9 ,"Epilepsy, unspecified",Diseases of the nervous system,2560,4,1.11,0.7870089098,0.3,2.86
367.0 ,Hypermetropia,Diseases of the nervous system,5124,8,1.11,0.7061129455,0.48,2.2
632 ,Missed abortion,"Complications of pregnancy, childbirth,...",2568,4,1.11,0.7874071555,0.3,2.85
381.81 ,Dysfunction of Eustachian tube,Diseases of the nervous system,11569,18,1.11,0.617103078,0.66,1.76
472.2 ,Chronic nasopharyngitis,Diseases of the respiratory system,24079,37,1.1,0.5435233169,0.77,1.52
372.39 ,Other conjunctivitis,Diseases of the nervous system,7103,11,1.1,0.7487019193,0.55,1.98
473.9 ,Unspecified sinusitis (chronic),Diseases of the respiratory system,26924,41,1.09,0.5652632628,0.78,1.48
110.5 ,Dermatophytosis of the body,Infectious and parasitic diseases,12390,19,1.09,0.6300649292,0.66,1.71
370 ,Keratitis,Diseases of the nervous system,3263,5,1.09,0.8116883279,0.35,2.56
070.30 ,Viral hepatitis B without mention...,Infectious and parasitic diseases,10526,16,1.08,0.6943919931,0.62,1.77
382.00 ,Acute suppurative otitis media...,Diseases of the nervous system,7242,11,1.08,0.7514411287,0.54,1.94
530.9 ,Unspecified disorder of esophagus,Diseases of the digestive system,1998,3,1.07,0.7617009782,0.22,3.14
691.8 ,Other atopic dermatitis and related...,Diseases of the skin and subcutaneous...,45334,68,1.07,0.566392472,0.83,1.36
250.00 ,Diabetes mellitus without mention...,"Endocrine, nutritional and metabolic...",4706,7,1.06,0.8435844487,0.43,2.19
372.10 ,"Chronic conjunctivitis, unspecified",Diseases of the nervous system,178694,263,1.06,0.4019209947,0.92,1.2
719.47 ,"Pain in joint, ankle and foot",Diseases of the musculoskeletal...,2032,3,1.05,0.7650139113,0.22,3.08
493.00 ,"Extrinsic asthma, unspecified",Diseases of the respiratory system,4743,7,1.05,0.8443569479,0.42,2.17
464.10 ,Acute tracheitis without mention...,Diseases of the respiratory system,156269,228,1.04,0.5219732287,0.91,1.2
008.5 ,"Bacterial enteritis, unspecified",Infectious and parasitic diseases,5498,8,1.04,0.8557021335,0.45,2.05
493.90 ,"Asthma, unspecified type, unspecified",Diseases of the respiratory system,34849,51,1.04,0.7176583975,0.77,1.38
388.8 ,Other disorders of ear,Diseases of the nervous system,2083,3,1.03,0.7701378777,0.21,3.01
931 ,Foreign body in ear,Injury and poisoning,5514,8,1.03,0.8560077024,0.45,2.04
719.46 ,"Pain in joint, lower leg",Diseases of the musculoskeletal...,3474,5,1.03,0.8200833459,0.33,2.4
367.89 ,Other disorders of refraction...,Diseases of the nervous system,19324,28,1.03,0.8462824201,0.68,1.5
372.11 ,Simple chronic conjunctivitis,Diseases of the nervous system,40263,58,1.03,0.8394881296,0.78,1.33
703.0 ,Ingrowing nail,Diseases of the skin and subcutaneous...,3497,5,1.02,0.8211417209,0.33,2.38
533.9 ,"Peptic ulcer, site unspecified,...",Diseases of the digestive system,12571,18,1.02,0.9044162587,0.6,1.62
706.0 ,Acne varioliformis,Diseases of the skin and subcutaneous...,61417,87,1.01,0.9124120117,0.81,1.25
466 ,Acute bvronchitis and bronchiolitis,Diseases of the respiratory system,33976,48,1.01,0.9415356848,0.74,1.34
070.9 ,Unspecified viral hepatitis without...,Infectious and parasitic diseases,3522,5,1.01,0.8223200537,0.33,2.37
555.2 ,Regional enteritis of small intestine...,Diseases of the digestive system,4948,7,1.01,0.8495485125,0.4,2.08
380.4 ,Impacted cerumen,Diseases of the nervous system,33918,48,1.01,0.9414711418,0.74,1.34
614.8 ,Other specified inflammatory disease...,Diseases of the genitourinary...,2851,4,1,1,0.27,2.57
372.54 ,Conjunctival concretions,Diseases of the nervous system,7129,10,1,1,0.48,1.84
692.8 ,"Contact dermatitis and other eczema,...",Diseases of the skin and subcutaneous...,4333,6,0.99,1,0.36,2.15
368.13 ,Visual discomfort,Diseases of the nervous system,78598,109,0.99,0.9610085005,0.81,1.2
698.3 ,Lichenification and lichen simplex...,Diseases of the skin and subcutaneous...,21161,29,0.98,1,0.65,1.41
216.9 ,"Benign neoplasm of skin, site...",Neoplasms,23289,32,0.98,1,0.67,1.39
372.3 ,Other and unspecified conjunctivitis,Diseases of the nervous system,10218,14,0.98,1,0.53,1.64
009 ,Ill-defined intestinal infections,Infectious and parasitic diseases,6583,9,0.97,1,0.44,1.85
111.0 ,Pityriasis versicolor,Infectious and parasitic diseases,27114,37,0.97,0.9348254587,0.68,1.34
737 ,Curvature of spine,Diseases of the musculoskeletal...,2207,3,0.97,1,0.2,2.84
371.20 ,"Corneal edema, unspecified",Diseases of the nervous system,2203,3,0.97,1,0.2,2.84
487 ,Influenza,Diseases of the respiratory system,18590,25,0.96,0.9215100503,0.62,1.42
531.70 ,Chronic gastric ulcer without...,Diseases of the digestive system,2216,3,0.96,1,0.2,2.83
555.9 ,Regional enteritis of unspecified...,Diseases of the digestive system,14150,19,0.96,1,0.57,1.5
791.0 ,Proteinuria,"Comorbidities, signs, and ill-defined...",5209,7,0.96,1,0.38,1.98
372.0 ,Acute conjunctivitis,Diseases of the nervous system,19347,26,0.96,0.9229709304,0.62,1.41
372.14 ,Other chronic allergic conjunctivitis,Diseases of the nervous system,183354,248,0.96,0.5728820285,0.84,1.1
461.8 ,Other acute sinusitis,Diseases of the respiratory system,25373,34,0.95,0.8657262043,0.66,1.34
709.9 ,Unspecified disorder of skin and...,Diseases of the skin and subcutaneous...,74123,98,0.94,0.5805263976,0.76,1.15
131.01 ,Trichomonal vulvovaginitis,Infectious and parasitic diseases,2285,3,0.94,1,0.19,2.74
242.00 ,Toxic diffuse goiter without mention...,"Endocrine, nutritional and metabolic...",3786,5,0.94,1,0.31,2.2
629 ,Other disorders of female genital...,Diseases of the genitourinary...,2274,3,0.94,1,0.19,2.75
998.5 ,Postoperative infection,Injury and poisoning,3821,5,0.93,1,0.3,2.18
280 ,Iron deficiency anemias,Diseases of the blood and blood-forming...,2295,3,0.93,1,0.19,2.73
573.9 ,Unspecified disorder of liver,Diseases of the digestive system,3076,4,0.93,1,0.25,2.38
380.13 ,Other acute infections of external...,Diseases of the nervous system,2292,3,0.93,1,0.19,2.73
894.1 ,Multiple and unspecified open...,Injury and poisoning,2333,3,0.92,1,0.19,2.68
695.3 ,Rosacea,Diseases of the skin and subcutaneous...,4713,6,0.91,1,0.33,1.98
706.3 ,Seborrhea,Diseases of the skin and subcutaneous...,9396,12,0.91,0.8898054714,0.47,1.59
945.00 ,Burn of unspecified degree of...,Injury and poisoning,3144,4,0.91,1,0.25,2.33
003.9 ,"Salmonella infection, unspecified",Infectious and parasitic diseases,2345,3,0.91,1,0.19,2.67
281.9 ,Unspecified deficiency anemia,Diseases of the blood and blood-forming...,2358,3,0.91,1,0.19,2.66
692.89 ,Contact dermatitis and other eczema...,Diseases of the skin and subcutaneous...,26993,34,0.9,0.6219994389,0.62,1.26
705.89 ,Other specified disorders of sweat...,Diseases of the skin and subcutaneous...,2367,3,0.9,1,0.19,2.65
491 ,Chronic bronchitis,Diseases of the respiratory system,2365,3,0.9,1,0.19,2.65
683 ,Acute lymphadenitis,Diseases of the skin and subcutaneous...,6333,8,0.9,1,0.39,1.78
701.1 ,"Keratoderma, acquired",Diseases of the skin and subcutaneous...,7966,10,0.89,0.8804144172,0.43,1.65
692.3 ,Contact dermatitis and other eczema...,Diseases of the skin and subcutaneous...,8153,10,0.87,0.8812724184,0.42,1.61
737.3 ,Kyphoscoliosis and scoliosis,Diseases of the musculoskeletal...,3332,4,0.86,1,0.23,2.19
372.1 ,Chronic conjunctivitis,Diseases of the nervous system,52167,63,0.86,0.2579722549,0.66,1.1
696.3 ,Pityriasis rosea,Diseases of the skin and subcutaneous...,8421,10,0.85,0.7690795635,0.4,1.56
715.36 ,"Osteoarthrosis, localized, not...",Diseases of the musculoskeletal...,2512,3,0.85,1,0.18,2.49
379.99 ,Other ill-defined disorders of...,Diseases of the nervous system,5023,6,0.85,0.8506838336,0.31,1.86
696.1 ,Other psoriasis,Diseases of the skin and subcutaneous...,3396,4,0.84,1,0.23,2.15
706.2 ,Sebaceous cyst,Diseases of the skin and subcutaneous...,11821,14,0.84,0.6215078205,0.46,1.42
483 ,Pneumonia due to other specified...,Diseases of the respiratory system,2543,3,0.84,1,0.17,2.46
079.9 ,Unspecified viral and chlamydial...,Infectious and parasitic diseases,7658,9,0.84,0.7584236485,0.38,1.59
524.60 ,"Temporomandibular joint disorders,...",Diseases of the digestive system,2538,3,0.84,1,0.17,2.47
372.9 ,Unspecified disorder of conjunctiva,Diseases of the nervous system,2554,3,0.84,1,0.17,2.45
615.0 ,Acute inflammatory diseases of...,Diseases of the genitourinary...,6870,8,0.83,0.7460979512,0.36,1.64
386.00 ,"Minihre's disease, unspecified",Diseases of the nervous system,5141,6,0.83,0.8511388686,0.3,1.81
473 ,Chronic sinusitis,Diseases of the respiratory system,2597,3,0.82,1,0.17,2.41
708 ,Urticaria,Diseases of the skin and subcutaneous...,10694,12,0.8,0.5170601437,0.41,1.4
493.9 ,"Asthma, unspecified",Diseases of the respiratory system,10657,12,0.8,0.5169928033,0.41,1.4
280.9 ,"Iron deficiency anemia, unspecified",Diseases of the blood and blood-forming...,8939,10,0.8,0.570787274,0.38,1.47
684 ,Impetigo,Diseases of the skin and subcutaneous...,6239,7,0.8,0.7330358476,0.32,1.65
698 ,Pruritus and related conditions,Diseases of the skin and subcutaneous...,3604,4,0.79,0.8242706486,0.22,2.03
461 ,Acute sinusitis,Diseases of the respiratory system,30469,34,0.79,0.1890359415,0.55,1.11
379.90 ,"Disorder of eye, unspecified",Diseases of the nervous system,3608,4,0.79,0.8242824285,0.21,2.03
282.4 ,Thalassemias,Diseases of the blood and blood-forming...,3647,4,0.78,0.8244536166,0.21,2
989.5 ,Toxic effect of venom,Injury and poisoning,5541,6,0.77,0.7170582273,0.28,1.68
054.2 ,Herpetic gingivostomatitis,Infectious and parasitic diseases,3678,4,0.77,0.8246614562,0.21,1.99
799.8 ,Other ill-defined conditions,"Comorbidities, signs, and ill-defined...",2792,3,0.77,1,0.16,2.24
371.24 ,Corneal edema due to wearing of...,Diseases of the nervous system,3705,4,0.77,0.8248931763,0.21,1.97
617.1 ,Endometriosis of ovary,Diseases of the genitourinary...,1850,2,0.77,1,0.09,2.79
413.9 ,Other and unspecified angina pectoris,Diseases of the circulatory system,1896,2,0.75,1,0.09,2.72
705.1 ,Prickly heat,Diseases of the skin and subcutaneous...,4734,5,0.75,0.6962309619,0.24,1.76
008.6 ,"Virus Enteritis, specified",Infectious and parasitic diseases,3809,4,0.75,0.8262102699,0.2,1.92
873.43 ,"Open wound of lip, without mention...",Injury and poisoning,1912,2,0.75,1,0.09,2.7
535.51 ,"Unspecified gastritis and gastroduodenitis,...",Diseases of the digestive system,1938,2,0.74,1,0.09,2.66
784.2 ,"Swelling, mass, or lump in head...","Comorbidities, signs, and ill-defined...",4807,5,0.74,0.6971866809,0.24,1.73
590.9 ,"Infection of kidney, unspecified",Diseases of the genitourinary...,1935,2,0.74,1,0.09,2.67
372.2 ,Blepharoconjunctivitis,Diseases of the nervous system,1915,2,0.74,1,0.09,2.69
719.49 ,"Pain in joint, multiple sites",Diseases of the musculoskeletal...,1963,2,0.73,1,0.09,2.63
272.4 ,Other and unspecified hyperlipidemia,"Endocrine, nutritional and metabolic...",4860,5,0.73,0.6981528977,0.24,1.71
360.21 ,Progressive high (degenerative)...,Diseases of the nervous system,2976,3,0.72,0.8050604835,0.15,2.1
372.20 ,"Blepharoconjunctivitis, unspecified",Diseases of the nervous system,10924,11,0.72,0.305806215,0.36,1.28
693.8 ,Dermatitis due to other specified...,Diseases of the skin and subcutaneous...,6028,6,0.71,0.4915730841,0.26,1.55
527.2 ,Sialoadenitis,Diseases of the digestive system,1999,2,0.71,1,0.09,2.58
528.5 ,Diseases of lips,Diseases of the digestive system,6041,6,0.71,0.4916122888,0.26,1.54
455 ,Hemorrhoids,Diseases of the circulatory system,2049,2,0.7,1,0.08,2.52
478.8 ,Upper respiratory tract hypersensitivity...,Diseases of the respiratory system,4115,4,0.69,0.6733073773,0.19,1.78
374.00 ,"Entropion, unspecified",Diseases of the nervous system,2051,2,0.69,1,0.08,2.51
360.89 ,Other disorders of globe,Diseases of the nervous system,3149,3,0.68,0.8083092962,0.14,1.99
368.00 ,"Amblyopia, unspecified",Diseases of the nervous system,3140,3,0.68,0.8080820227,0.14,1.99
680.0 ,Carbuncle and furuncle of face,Diseases of the skin and subcutaneous...,6265,6,0.68,0.4949102303,0.25,1.49
074.0 ,Herpangina,Infectious and parasitic diseases,5272,5,0.67,0.5760037243,0.22,1.58
782.1 ,Rash and other nonspecific skin...,"Comorbidities, signs, and ill-defined...",10662,10,0.67,0.24108999,0.32,1.23
372 ,Disorders of conjunctiva,Diseases of the nervous system,7483,7,0.67,0.3516984076,0.27,1.37
910 ,"Superficial injury of face, neck,...",Injury and poisoning,2151,2,0.66,0.7756635437,0.08,2.4
365.9 ,Unspecified glaucoma,Diseases of the nervous system,2181,2,0.65,0.7757872784,0.08,2.36
367.1 ,Myopia,Diseases of the nervous system,196818,188,0.65,0.0000000029980263,0.56,0.76
367.9 ,Unspecified disorder of refraction...,Diseases of the nervous system,128312,121,0.65,0.0000016265323,0.54,0.78
706.8 ,Other specified diseases of sebaceous...,Diseases of the skin and subcutaneous...,2224,2,0.64,0.7761858307,0.08,2.32
474.0 ,Chronic tonsillitis,Diseases of the respiratory system,6641,6,0.64,0.4069733203,0.24,1.4
111.9 ,"Dermatomycosis, unspecified",Infectious and parasitic diseases,4415,4,0.64,0.5422589055,0.18,1.65
052.9 ,Varicella without mention of complication,Infectious and parasitic diseases,11401,10,0.62,0.1648055733,0.3,1.15
847.9 ,Sprain of unspecified site of...,Injury and poisoning,3453,3,0.62,0.6437814586,0.13,1.81
367.20 ,"Astigmatism, unspecified",Diseases of the nervous system,13962,12,0.61,0.0880320202,0.31,1.07
372.71 ,Hyperemia of conjunctiva,Diseases of the nervous system,3488,3,0.61,0.6451359859,0.13,1.79
493.91 ,"Asthma, unspecified type, with...",Diseases of the respiratory system,3544,3,0.6,0.5019348269,0.12,1.76
535.01 ,"Acute gastritis, with hemorrhage",Diseases of the digestive system,3541,3,0.6,0.50192067,0.12,1.77
571.9 ,Unspecified chronic liver disease...,Diseases of the digestive system,3538,3,0.6,0.5019080524,0.12,1.77
375.15 ,"Tear film insufficiency, unspecified",Diseases of the nervous system,5003,4,0.57,0.3416286403,0.15,1.46
845.0 ,Sprains and strains of ankle,Injury and poisoning,3840,3,0.56,0.3907106111,0.11,1.63
367.53 ,Spasm of accommodation,Diseases of the nervous system,10070,8,0.56,0.1085717831,0.24,1.11
372.13 ,Vernal conjunctivitis,Diseases of the nervous system,6435,5,0.55,0.2390340241,0.18,1.29
696.5 ,Other and unspecified pityriasis,Diseases of the skin and subcutaneous...,13250,10,0.54,0.0463103931,0.26,0.99
785.2 ,Undiagnosed cardiac murmurs,"Comorbidities, signs, and ill-defined...",2613,2,0.54,0.5969293644,0.07,1.97
381.4 ,"Nonsuppurative otitis media, not...",Diseases of the nervous system,3996,3,0.53,0.3928768884,0.11,1.56
737.30 ,"Scoliosis [and kyphoscoliosis],...",Diseases of the musculoskeletal...,10967,8,0.52,0.0547221476,0.22,1.02
367.31 ,Anisometropia,Diseases of the nervous system,2761,2,0.52,0.6032161253,0.06,1.87
367.5 ,Disorders of accommodation,Diseases of the nervous system,2767,2,0.51,0.6035497084,0.06,1.86
746.9 ,Unspecified congenital anomaly...,Congenital anomalies,2864,2,0.5,0.4524560554,0.06,1.8
388.70 ,"Otalgia, unspecified",Diseases of the nervous system,2942,2,0.48,0.4544169895,0.06,1.75
367.21 ,Regular astigmatism,Diseases of the nervous system,4698,3,0.45,0.2353386434,0.09,1.33
379.91 ,Pain in or around eye,Diseases of the nervous system,6474,4,0.44,0.0955431072,0.12,1.13
757.39 ,Other specified anomalies of skin,Congenital anomalies,5186,3,0.41,0.1343859173,0.08,1.2
367.8 ,Other disorders of refraction...,Diseases of the nervous system,3495,2,0.41,0.2556665174,0.05,1.47
702.8 ,Other specified dermatoses,Diseases of the skin and subcutaneous...,5266,3,0.4,0.1356165148,0.08,1.19
087.9 ,"Relapsing fever, unspecified",Infectious and parasitic diseases,1821,1,0.39,0.5299235312,0.01,2.18
531.30 ,Acute gastric ulcer without mention...,Diseases of the digestive system,1839,1,0.39,0.5304188768,0.01,2.16
478.22 ,Parapharyngeal abscess,Diseases of the respiratory system,1877,1,0.38,0.5317875203,0.01,2.12
253.3 ,Pituitary dwarfism,"Endocrine, nutritional and metabolic...",1886,1,0.38,0.5321741349,0.01,2.11
380.23 ,Other chronic otitis externa,Diseases of the nervous system,1962,1,0.36,0.5363430288,0.01,2.03
317 ,Mild intellectual disabilities,Mental disorders,2032,0,0.35,0.1269545705,,1.29
319 ,Unspecified intellectual disabilities,Mental disorders,2043,0,0.35,0.1274775716,,1.29
379.93 ,Redness or discharge of eye,Diseases of the nervous system,2044,0,0.35,0.1275266012,,1.28
379.21 ,Vitreous degeneration,Diseases of the nervous system,2184,1,0.33,0.3847711165,0.01,1.82
074.3 ,"Hand, foot, and mouth disease",Infectious and parasitic diseases,2295,1,0.31,0.390967766,0.01,1.73
727.09 ,Other synovitis and tenosynovitis,Diseases of the musculoskeletal...,2265,1,0.31,0.3889592669,0.01,1.75
378.10 ,"Exotropia, unspecified",Diseases of the nervous system,2271,1,0.31,0.3893418108,0.01,1.75
788.3 ,Incontinence of urine,"Comorbidities, signs, and ill-defined...",2349,1,0.3,0.3951689557,0.01,1.69
367 ,"Infantile, juvenile, and presenile...",Diseases of the nervous system,16247,7,0.3,0.0001983958,0.12,0.63
427 ,Cardiac dysrhythmias,Diseases of the circulatory system,2481,1,0.29,0.2771085955,0.01,1.6
367.81 ,Transient refractive change,Diseases of the nervous system,2458,1,0.29,0.2764028238,0.01,1.62
362.60 ,"Peripheral retinal degeneration,...",Diseases of the nervous system,2615,1,0.27,0.2839123763,0.01,1.52
280.0 ,Iron deficiency anemia secondary...,Diseases of the blood and blood-forming...,2763,1,0.26,0.1985800088,0.01,1.44
381.01 ,Acute serous otitis media,Diseases of the nervous system,2927,1,0.24,0.2054808191,0.01,1.36
371.42 ,Recurrent erosion of cornea,Diseases of the nervous system,3280,1,0.22,0.1007887751,0.01,1.21
379.8 ,Other specified disorders of eye...,Diseases of the nervous system,4692,1,0.15,0.0181204835,0,0.84
