disease_2,disease_name,category,count,co_occurrence,odds_ratio,p_value,95_ci_lower,95_ci_upper
786.4 ,Abnormal sputum,"Comorbidities, signs, and ill-defined...",1910,1228,26.77,< 0.0001,24.37,29.48
784.1 ,Throat pain,"Comorbidities, signs, and ill-defined...",30409,11219,9.44,< 0.0001,9.21,9.67
473.0 ,Chronic maxillary sinusitis,Diseases of the respiratory system,3249,897,5.65,2.89e-312,5.22,6.1
491.1 ,Mucopurulent chronic bronchitis,Diseases of the respiratory system,3293,837,5.04,5.8388e-264,4.66,5.46
786.1 ,Stridor,"Comorbidities, signs, and ill-defined...",2289,564,4.83,1.27621e-171,4.38,5.32
786.00 ,"Respiratory abnormality, unspecified","Comorbidities, signs, and ill-defined...",3555,768,4.08,1.18037e-195,3.76,4.42
041.9 ,"Bacterial infection, unspecified,...",Infectious and parasitic diseases,16678,3206,3.57,< 0.0001,3.44,3.72
491.0 ,Simple chronic bronchitis,Diseases of the respiratory system,5882,1133,3.54,6.13083e-243,3.31,3.77
493.9 ,"Asthma, unspecified",Diseases of the respiratory system,9310,1788,3.54,< 0.0001,3.36,3.73
786.3 ,Hemoptysis,"Comorbidities, signs, and ill-defined...",3976,758,3.48,2.20949e-160,3.21,3.77
786.0 ,Dyspnea and respiratory abnormalities,"Comorbidities, signs, and ill-defined...",4852,886,3.31,1.17045e-174,3.07,3.56
476.0 ,Chronic laryngitis,Diseases of the respiratory system,2933,528,3.24,2.38434e-102,2.94,3.56
483 ,Pneumonia due to other specified...,Diseases of the respiratory system,2010,357,3.18,2.878549e-68,2.83,3.57
137.0 ,Late effects of respiratory or...,Infectious and parasitic diseases,2379,418,3.14,3.511446e-78,2.82,3.5
011.90 ,"Pulmonary tuberculosis, unspecified,...",Infectious and parasitic diseases,3327,584,3.14,2.55915e-108,2.87,3.44
477.8 ,Allergic rhinitis due to other...,Diseases of the respiratory system,12084,2036,3.02,< 0.0001,2.87,3.17
494 ,Bronchiectasis,Diseases of the respiratory system,2907,492,3.01,6.041288e-86,2.72,3.31
496 ,"Chronic airway obstruction, not...",Diseases of the respiratory system,3636,611,2.98,5.95933e-105,2.73,3.26
493.00 ,"Extrinsic asthma, unspecified",Diseases of the respiratory system,4744,793,2.97,2.04585e-134,2.75,3.2
780.7 ,Malaise and fatigue,"Comorbidities, signs, and ill-defined...",50560,8037,2.92,< 0.0001,2.85,2.99
491.8 ,Other chronic bronchitis,Diseases of the respiratory system,2808,459,2.88,2.002621e-75,2.6,3.19
697.9 ,"Lichen, unspecified",Diseases of the skin and subcutaneous...,1912,312,2.87,1.046042e-51,2.54,3.25
784.0 ,Headache,"Comorbidities, signs, and ill-defined...",295966,38789,2.85,< 0.0001,2.82,2.89
780.6 ,Fever,"Comorbidities, signs, and ill-defined...",125123,18440,2.84,< 0.0001,2.8,2.89
490 ,"Bronchitis, not specified as acute...",Diseases of the respiratory system,43827,6833,2.83,< 0.0001,2.75,2.9
478 ,Other diseases of upper respiratory...,Diseases of the respiratory system,4602,731,2.79,8.04581e-113,2.57,3.02
493 ,Asthma,Diseases of the respiratory system,8748,1373,2.76,7.40791e-206,2.6,2.93
558.2 ,Toxic gastroenteritis and colitis,Diseases of the digestive system,4089,642,2.75,4.083845e-97,2.52,2.99
786.59 ,Other chest pain,"Comorbidities, signs, and ill-defined...",11585,1802,2.74,2.95097e-265,2.6,2.88
959.8 ,"Other specified sites, including...",Injury and poisoning,2183,342,2.74,2.799427e-52,2.43,3.08
783.0 ,Anorexia,"Comorbidities, signs, and ill-defined...",2140,333,2.72,2.174093e-50,2.41,3.06
464.21 ,Acute laryngotracheitis with obstruction,Diseases of the respiratory system,6356,985,2.71,2.13592e-144,2.53,2.91
621.1 ,Chronic subinvolution of uterus,Diseases of the genitourinary...,2852,439,2.68,1.794825e-64,2.42,2.97
780.9 ,Other general symptoms,"Comorbidities, signs, and ill-defined...",18708,2813,2.64,< 0.0001,2.54,2.75
787.0 ,Nausea and vomiting,"Comorbidities, signs, and ill-defined...",83804,11997,2.63,< 0.0001,2.58,2.69
786.09 ,Other respiratory abnormalities,"Comorbidities, signs, and ill-defined...",9923,1482,2.6,4.46177e-201,2.46,2.75
465.9 ,Acute upper respiratory infections...,Diseases of the respiratory system,1408969,102377,2.59,< 0.0001,2.54,2.64
781.9 ,Other symptoms involving nervous...,"Comorbidities, signs, and ill-defined...",3603,538,2.59,8.300794e-74,2.36,2.84
646.80 ,Other specified complications...,"Complications of pregnancy, childbirth,...",3608,532,2.55,2.898195e-71,2.32,2.8
493.90 ,"Asthma, unspecified type, unspecified",Diseases of the respiratory system,36997,5322,2.54,< 0.0001,2.47,2.62
473.8 ,Other chronic sinusitis,Diseases of the respiratory system,2205,323,2.53,2.319611e-43,2.24,2.85
493.91 ,"Asthma, unspecified type, with...",Diseases of the respiratory system,3665,536,2.53,1.387952e-70,2.3,2.77
537.9 ,Unspecified disorder of stomach...,Diseases of the digestive system,4049,593,2.53,4.949627e-78,2.32,2.76
555 ,Regional enteritis,Diseases of the digestive system,2089,306,2.53,3.392737e-41,2.23,2.86
781.7 ,Tetany,"Comorbidities, signs, and ill-defined...",2278,332,2.51,4.451777e-44,2.23,2.83
491.9 ,Unspecified chronic bronchitis,Diseases of the respiratory system,22636,3216,2.48,< 0.0001,2.39,2.57
669.93 ,Unspecified complication of labor...,"Complications of pregnancy, childbirth,...",4740,680,2.47,1.729186e-85,2.28,2.68
486 ,"Pneumonia, organism unspecified",Diseases of the respiratory system,22399,3163,2.46,< 0.0001,2.37,2.56
786.51 ,Precordial pain,"Comorbidities, signs, and ill-defined...",4472,636,2.45,1.910731e-78,2.25,2.66
780 ,General symptoms,"Comorbidities, signs, and ill-defined...",4553,643,2.43,3.326812e-78,2.23,2.64
564.8 ,Other specified function disorder...,Diseases of the digestive system,31207,4219,2.35,< 0.0001,2.27,2.43
485 ,"Bronchopneumonia, organism unspecified",Diseases of the respiratory system,9712,1320,2.33,1.61651e-145,2.2,2.47
788.1 ,Dysuria,"Comorbidities, signs, and ill-defined...",8328,1130,2.32,2.95377e-124,2.18,2.47
472.1 ,Chronic pharyngitis,Diseases of the respiratory system,29841,3975,2.31,< 0.0001,2.23,2.39
787.3 ,"Flatulence, eructation, and gas...","Comorbidities, signs, and ill-defined...",52612,6935,2.31,< 0.0001,2.25,2.38
491 ,Chronic bronchitis,Diseases of the respiratory system,5791,776,2.29,2.370511e-83,2.12,2.47
466 ,Acute bvronchitis and bronchiolitis,Diseases of the respiratory system,42773,5592,2.28,< 0.0001,2.21,2.34
785.0 ,"Tachycardia, unspecified","Comorbidities, signs, and ill-defined...",2426,325,2.28,6.633964e-36,2.02,2.56
644.10 ,"Other threatened labor, unspecified...","Complications of pregnancy, childbirth,...",3775,505,2.28,1.171329e-54,2.07,2.5
646.9 ,Unspecified complication of pregnancy,"Complications of pregnancy, childbirth,...",5564,744,2.28,1.424631e-79,2.11,2.46
780.59 ,Other sleep disturbances,"Comorbidities, signs, and ill-defined...",3716,496,2.27,2.060471e-53,2.06,2.5
719.49 ,"Pain in joint, multiple sites",Diseases of the musculoskeletal...,4574,608,2.26,1.848144e-64,2.07,2.47
475 ,Peritonsillar abscess,Diseases of the respiratory system,18718,2469,2.26,3.24755e-253,2.17,2.36
477 ,Allergic rhinitis,Diseases of the respiratory system,30568,4007,2.26,< 0.0001,2.19,2.34
719.41 ,"Pain in joint, shoulder region",Diseases of the musculoskeletal...,4022,530,2.24,4.219219e-55,2.04,2.45
621.4 ,Hematometra,Diseases of the genitourinary...,3007,397,2.24,5.07396e-42,2.01,2.49
477.9 ,"Allergic rhinitis, cause unspecified",Diseases of the respiratory system,202709,24033,2.24,< 0.0001,2.21,2.28
597 ,"Urethritis, not sexually transmitted,...",Diseases of the genitourinary...,2733,360,2.24,4.993526e-38,2,2.5
674.30 ,Other complications of obstetrical...,"Complications of pregnancy, childbirth,...",1986,260,2.22,1.796682e-27,1.94,2.53
674.80 ,"Other complications of puerperium,...","Complications of pregnancy, childbirth,...",3380,443,2.22,7.871624e-46,2.01,2.46
537.89 ,Other specified disorders of stomach...,Diseases of the digestive system,2056,268,2.21,4.507739e-28,1.93,2.51
729.5 ,Pain in limb,Diseases of the musculoskeletal...,8773,1125,2.18,8.81771e-108,2.04,2.32
300.09 ,Other anxiety states,Mental disorders,5735,739,2.18,2.945245e-72,2.02,2.36
402.90 ,Unspecified hypertensive heart...,Diseases of the circulatory system,2435,311,2.16,1.043351e-30,1.91,2.43
786.5 ,Chest pain,"Comorbidities, signs, and ill-defined...",22685,2864,2.16,5.16589e-263,2.07,2.24
532 ,Duodenal ulcer,Diseases of the digestive system,5861,746,2.15,1.155907e-70,1.99,2.33
644.1 ,Other threatened labor,"Complications of pregnancy, childbirth,...",1972,250,2.14,1.62549e-24,1.87,2.44
555.2 ,Regional enteritis of small intestine...,Diseases of the digestive system,6057,767,2.14,1.101909e-71,1.98,2.31
780.4 ,Dizziness and giddiness,"Comorbidities, signs, and ill-defined...",193042,22144,2.13,< 0.0001,2.09,2.16
648.20 ,"Anemia of mother, unspecified...","Complications of pregnancy, childbirth,...",2434,307,2.13,2.065778e-29,1.88,2.4
674.6 ,Other complications of obstetrical...,"Complications of pregnancy, childbirth,...",,281,2.13,3.263065e-27,1.87,2.42
276.9 ,Electrolyte and fluid disorders...,"Endocrine, nutritional and metabolic...",3232,406,2.12,5.797883e-38,1.9,2.35
787.9 ,Other symptoms involving digestive...,"Comorbidities, signs, and ill-defined...",10734,1340,2.11,1.95322e-119,1.99,2.24
523.0 ,Acute gingivitis,Diseases of the digestive system,5679,707,2.1,2.906262e-63,1.94,2.27
487 ,Influenza,Diseases of the respiratory system,22030,2703,2.08,9.33816e-230,2,2.17
786.50 ,"Chest pain, unspecified","Comorbidities, signs, and ill-defined...",41375,4982,2.06,< 0.0001,2,2.12
532.70 ,Chronic duodenal ulcer without...,Diseases of the digestive system,7655,938,2.06,6.940648e-80,1.92,2.21
723.1 ,Cervicalgia,Diseases of the musculoskeletal...,16569,2008,2.05,7.1846e-165,1.95,2.15
346.1 ,Common migraine,Diseases of the nervous system,5586,680,2.05,2.349989e-57,1.88,2.22
680 ,Carbuncle and furuncle,Diseases of the skin and subcutaneous...,5072,618,2.05,2.14919e-52,1.88,2.23
719.44 ,"Pain in joint, hand",Diseases of the musculoskeletal...,2100,255,2.04,2.016889e-22,1.78,2.32
487.0 ,Influenza with pneumonia,Diseases of the respiratory system,7041,854,2.04,5.829608e-71,1.9,2.19
780.50 ,"Sleep disturbance, unspecified","Comorbidities, signs, and ill-defined...",16071,1940,2.04,1.55906e-157,1.94,2.14
719.47 ,"Pain in joint, ankle and foot",Diseases of the musculoskeletal...,2681,324,2.03,1.091968e-27,1.8,2.28
472.0 ,Chronic rhinitis,Diseases of the respiratory system,86269,10042,2.03,< 0.0001,1.99,2.07
625 ,Pain and other symptoms associated...,Diseases of the genitourinary...,2735,329,2.02,9.879083e-28,1.79,2.26
386.11 ,Benign paroxysmal positional vertigo,Diseases of the nervous system,4526,541,2,8.435752e-44,1.83,2.19
780.5 ,Sleep disturbance,"Comorbidities, signs, and ill-defined...",15167,1800,2,3.427e-139,1.9,2.1
427.89 ,Other specified cardiac dysrhythmias,Diseases of the circulatory system,3617,431,1.99,7.26745e-35,1.8,2.21
621.8 ,"Other specified disorders of uterus,...",Diseases of the genitourinary...,3336,397,1.99,3.346509e-32,1.79,2.21
487.8 ,Influenza with other manifestations,Diseases of the respiratory system,38762,4538,1.99,< 0.0001,1.93,2.05
652.23 ,Breech presentation without mention...,"Complications of pregnancy, childbirth,...",2334,278,1.99,5.24048e-23,1.75,2.26
786.01 ,Hyperventilation,"Comorbidities, signs, and ill-defined...",7809,923,1.98,3.761594e-71,1.85,2.12
533.00 ,Acute peptic ulcer of unspecified...,Diseases of the digestive system,6653,788,1.98,2.67169e-61,1.84,2.14
466.0 ,Acute bronchitis,Diseases of the respiratory system,621707,56913,1.97,< 0.0001,1.95,1.99
784 ,Symptoms involving head and neck,"Comorbidities, signs, and ill-defined...",3479,410,1.97,3.285902e-32,1.77,2.18
300.89 ,Other somatoform disorders,Mental disorders,2740,323,1.97,8.877528e-26,1.75,2.21
555.9 ,Regional enteritis of unspecified...,Diseases of the digestive system,16620,1945,1.97,2.33629e-144,1.87,2.06
614.1 ,Chronic salpingitis and oophoritis,Diseases of the genitourinary...,2408,284,1.97,7.135463e-23,1.73,2.23
487.1 ,Influenza with other respiratory...,Diseases of the respiratory system,274181,28630,1.96,< 0.0001,1.93,1.99
698 ,Pruritus and related conditions,Diseases of the skin and subcutaneous...,6003,704,1.96,1.788062e-53,1.81,2.12
460 ,Acute nasopharyngitis [common...,Diseases of the respiratory system,722846,63462,1.95,< 0.0001,1.92,1.97
597.89 ,Other urethritis,Diseases of the genitourinary...,4796,560,1.95,2.868933e-42,1.78,2.13
465 ,Acute upper respiratory infections...,Diseases of the respiratory system,139103,15273,1.94,< 0.0001,1.91,1.98
788.4 ,Frequency of urination and polyuria,"Comorbidities, signs, and ill-defined...",25273,2916,1.94,1.62623e-207,1.87,2.02
528.0 ,Stomatitis,Diseases of the digestive system,23529,2715,1.94,2.99529e-193,1.86,2.02
785.1 ,Palpitations,"Comorbidities, signs, and ill-defined...",28149,3243,1.94,4.84902e-230,1.87,2.02
533.70 ,Chronic peptic ulcer of unspecified...,Diseases of the digestive system,11646,1350,1.94,1.083315e-97,1.83,2.05
595.89 ,Other specified types of cystitis,Diseases of the genitourinary...,2022,235,1.94,2.026639e-18,1.68,2.22
386.00 ,"Minihre's disease, unspecified",Diseases of the nervous system,11168,1291,1.93,1.240946e-92,1.82,2.05
241.1 ,Nontoxic multinodular goiter,"Endocrine, nutritional and metabolic...",2664,308,1.93,2.421893e-23,1.7,2.17
729.2 ,"Neuralgia, neuritis, and radiculitis,...",Diseases of the musculoskeletal...,33305,3807,1.93,4.31233e-264,1.86,2
535 ,Gastritis and duodenitis,Diseases of the digestive system,39210,4477,1.93,2.7816e-310,1.87,2
535.10 ,"Atrophic gastritis, without mention...",Diseases of the digestive system,2576,298,1.93,1.162722e-22,1.7,2.18
523.9 ,Unspecified gingival and periodontal...,Diseases of the digestive system,4937,568,1.92,4.664296e-41,1.75,2.09
647.83 ,Other specified infectious and...,"Complications of pregnancy, childbirth,...",4937,569,1.92,2.166408e-41,1.76,2.1
646 ,"Papyraceous fetus, unspecified...","Complications of pregnancy, childbirth,...",3174,364,1.91,1.078965e-26,1.71,2.13
564.5 ,Functional diarrhea,Diseases of the digestive system,37384,4220,1.91,7.95477e-282,1.84,1.97
620.8 ,Other noninflammatory disorders...,Diseases of the genitourinary...,2170,248,1.9,2.01109e-18,1.66,2.17
780.52 ,"Insomnia, unspecified","Comorbidities, signs, and ill-defined...",50709,5685,1.9,< 0.0001,1.85,1.96
643.1 ,Hyperemesis gravidarum with metabolic...,"Complications of pregnancy, childbirth,...",3038,347,1.9,3.446337e-25,1.69,2.13
005.9 ,"Food poisoning, unspecified",Infectious and parasitic diseases,2356,269,1.9,7.0375e-20,1.67,2.16
473 ,Chronic sinusitis,Diseases of the respiratory system,3108,353,1.89,3.732181e-25,1.68,2.11
719.40 ,"Pain in joint, site unspecified",Diseases of the musculoskeletal...,20780,2330,1.88,1.95601e-151,1.8,1.96
478.9 ,Other and unspecified diseases...,Diseases of the respiratory system,19942,2244,1.88,1.42706e-147,1.8,1.97
276.5 ,Volume depletion,"Endocrine, nutritional and metabolic...",11434,1292,1.88,1.764603e-86,1.78,2
646.91 ,"Unspecified complication of pregnancy,...","Complications of pregnancy, childbirth,...",3026,343,1.88,2.111246e-24,1.68,2.11
413.9 ,Other and unspecified angina pectoris,Diseases of the circulatory system,4225,476,1.87,1.516847e-32,1.7,2.06
388.70 ,"Otalgia, unspecified",Diseases of the nervous system,3528,395,1.86,7.783513e-27,1.67,2.06
464.11 ,Acute tracheitis with obstruction,Diseases of the respiratory system,12608,1409,1.86,5.724228e-91,1.76,1.97
464.4 ,Croup,Diseases of the respiratory system,3670,411,1.86,8.22501e-28,1.67,2.06
794.8 ,Nonspecific abnormal results of...,"Comorbidities, signs, and ill-defined...",7299,818,1.86,8.255927e-54,1.73,2
780.3 ,Convulsions,"Comorbidities, signs, and ill-defined...",2723,305,1.86,4.036752e-21,1.64,2.09
625.2 ,Mittelschmerz,Diseases of the genitourinary...,4893,545,1.85,9.150254e-36,1.69,2.02
482.9 ,"Bacterial pneumonia, unspecified",Diseases of the respiratory system,4356,485,1.85,6.487668e-32,1.68,2.03
640.8 ,Other specified hemorrhage in...,"Complications of pregnancy, childbirth,...",2531,281,1.84,4.731679e-19,1.62,2.08
643.90 ,"Unspecified vomiting of pregnancy,...","Complications of pregnancy, childbirth,...",4151,460,1.84,6.151485e-30,1.66,2.03
719.46 ,"Pain in joint, lower leg",Diseases of the musculoskeletal...,5014,553,1.83,4.370699e-35,1.67,2
473.9 ,Unspecified sinusitis (chronic),Diseases of the respiratory system,33525,3653,1.83,8.50782e-217,1.76,1.89
648.93 ,Other current conditions classifiable...,"Complications of pregnancy, childbirth,...",9417,1040,1.83,6.631701e-65,1.72,1.96
346 ,Migraine,Diseases of the nervous system,5875,649,1.83,3.3974e-41,1.69,1.99
346.0 ,Classical migraine,Diseases of the nervous system,2909,321,1.83,4.086095e-21,1.62,2.05
414.9 ,"Chronic ischemic heart disease,...",Diseases of the circulatory system,5726,629,1.82,3.458206e-39,1.67,1.98
131.01 ,Trichomonal vulvovaginitis,Infectious and parasitic diseases,8543,938,1.82,1.40773e-57,1.7,1.95
623.8 ,Other specified noninflammatory...,Diseases of the genitourinary...,3540,389,1.82,5.896079e-25,1.63,2.02
640.80 ,Other specified hemorrhage in...,"Complications of pregnancy, childbirth,...",2843,312,1.82,2.905987e-20,1.61,2.04
588.9 ,Unspecified disorder resulting...,Diseases of the genitourinary...,2368,261,1.82,1.990716e-17,1.6,2.08
386.0 ,Meniere's disease,Diseases of the nervous system,2213,242,1.81,6.58997e-16,1.58,2.07
719.4 ,Pain in joint,Diseases of the musculoskeletal...,7171,785,1.81,4.868019e-48,1.68,1.95
478.4 ,Polyp of vocal cord or larynx,Diseases of the respiratory system,6721,734,1.81,1.422835e-44,1.67,1.95
531.70 ,Chronic gastric ulcer without...,Diseases of the digestive system,4963,542,1.81,2.311592e-33,1.65,1.98
555.1 ,Regional enteritis of large intestine,Diseases of the digestive system,4359,476,1.81,1.752777e-29,1.64,1.99
038.9 ,Unspecified septicemia,Infectious and parasitic diseases,3501,381,1.8,1.169659e-23,1.61,2
616.5 ,Ulceration of vulva,Diseases of the genitourinary...,3671,398,1.79,2.068551e-24,1.61,1.99
427.0 ,Paroxysmal supraventricular tachycardia,Diseases of the circulatory system,2870,311,1.79,2.52357e-19,1.59,2.02
461.0 ,Acute maxillary sinusitis,Diseases of the respiratory system,25653,2756,1.79,2.08576e-155,1.72,1.86
465.0 ,Acute laryngopharyngitis,Diseases of the respiratory system,449464,41565,1.79,< 0.0001,1.77,1.81
529.0 ,Glossitis,Diseases of the digestive system,2146,233,1.79,0.000000000000005886799,1.56,2.06
646.01 ,"Papyraceous fetus, delivered,...","Complications of pregnancy, childbirth,...",4566,495,1.79,7.397648e-30,1.63,1.97
558 ,Other and unspecified noninfectious...,Diseases of the digestive system,26111,2807,1.79,1.4134e-158,1.72,1.86
614.0 ,Acute salpingitis and oophoritis,Diseases of the genitourinary...,21700,2337,1.79,7.03247e-133,1.72,1.87
464.1 ,Acute tracheitis,Diseases of the respiratory system,20020,2142,1.78,4.36241e-119,1.7,1.86
640.9 ,Unspecified hemorrhage in early...,"Complications of pregnancy, childbirth,...",11653,1255,1.78,8.78643e-72,1.68,1.89
531.30 ,Acute gastric ulcer without mention...,Diseases of the digestive system,4390,472,1.78,7.144822e-28,1.61,1.95
535.4 ,Other specified gastritis,Diseases of the digestive system,9996,1077,1.78,6.680073e-62,1.67,1.9
614.8 ,Other specified inflammatory disease...,Diseases of the genitourinary...,13732,1464,1.77,1.208476e-80,1.67,1.86
719.48 ,"Pain in joint, other specified...",Diseases of the musculoskeletal...,1999,215,1.77,0.0000000000001467331,1.53,2.05
724.2 ,Lumbago,Diseases of the musculoskeletal...,136079,13894,1.77,< 0.0001,1.73,1.8
465.8 ,Acute upper respiratory infections...,Diseases of the respiratory system,190515,19121,1.77,< 0.0001,1.74,1.8
789.0 ,Abdominal pain,"Comorbidities, signs, and ill-defined...",718383,60741,1.77,< 0.0001,1.75,1.8
274.0 ,"Gouty arthropathy, unspecified","Endocrine, nutritional and metabolic...",7140,764,1.77,2.527482e-43,1.64,1.91
643.10 ,Hyperemesis gravidarum with metabolic...,"Complications of pregnancy, childbirth,...",5253,563,1.77,1.851962e-32,1.62,1.93
597.8 ,Other urethritis,Diseases of the genitourinary...,2010,216,1.77,0.000000000000168207,1.53,2.04
463 ,Acute tonsillitis,Diseases of the respiratory system,713881,60262,1.76,< 0.0001,1.74,1.78
466.1 ,Acute bronchiolitis,Diseases of the respiratory system,99542,10268,1.76,< 0.0001,1.72,1.8
474.0 ,Chronic tonsillitis,Diseases of the respiratory system,9381,1001,1.76,1.09272e-55,1.65,1.88
780.2 ,Syncope and collapse,"Comorbidities, signs, and ill-defined...",11843,1258,1.76,1.466669e-68,1.66,1.86
533.91 ,"Peptic ulcer of unspecified site,...",Diseases of the digestive system,2041,218,1.76,0.0000000000001899898,1.52,2.03
669.91 ,Unspecified complication of labor...,"Complications of pregnancy, childbirth,...",3513,374,1.76,1.317796e-21,1.57,1.96
386.19 ,Other peripheral vertigo,Diseases of the nervous system,2767,294,1.75,3.164544e-17,1.55,1.98
401.9 ,Unspecified essential hypertension,Diseases of the circulatory system,8149,864,1.75,3.361906e-47,1.63,1.88
455.9 ,Residual hemorrhoidal skin tags,Diseases of the circulatory system,3248,344,1.75,9.751612e-20,1.56,1.95
272.2 ,Mixed hyperlipidemia,"Endocrine, nutritional and metabolic...",7612,807,1.75,2.948815e-44,1.62,1.88
640.83 ,Other specified hemorrhage in...,"Complications of pregnancy, childbirth,...",4523,480,1.75,4.359092e-27,1.59,1.92
300.00 ,"Anxiety state, unspecified",Mental disorders,53554,5594,1.75,3.30751e-288,1.7,1.8
614.5 ,"Acute or unspecified pelvic peritonitis,...",Diseases of the genitourinary...,28077,2933,1.74,1.3856e-149,1.67,1.8
464 ,Acute laryngitis and tracheitis,Diseases of the respiratory system,58117,6034,1.74,1.43419e-304,1.7,1.79
625.5 ,Pelvic congestion syndrome,Diseases of the genitourinary...,4470,472,1.74,3.237376e-26,1.58,1.92
300.0 ,Anxiety states,Mental disorders,23444,2462,1.74,5.62081e-128,1.67,1.82
530.1 ,Esophagitis,Diseases of the digestive system,23411,2456,1.74,3.71179e-127,1.67,1.82
646.90 ,"Unspecified complication of pregnancy,...","Complications of pregnancy, childbirth,...",14483,1523,1.74,7.088198e-80,1.65,1.83
346.9 ,"Migraine, unspecified",Diseases of the nervous system,25782,2703,1.74,1.37458e-139,1.67,1.81
536.8 ,Dyspepsia and other specified...,Diseases of the digestive system,123064,12487,1.74,< 0.0001,1.71,1.78
723.3 ,Cervicobrachial syndrome (diffuse),Diseases of the musculoskeletal...,3019,317,1.73,1.07269e-17,1.53,1.94
726.10 ,Disorders of bursae and tendons...,Diseases of the musculoskeletal...,4201,442,1.73,2.895442e-24,1.57,1.91
272.0 ,Pure hypercholesterolemia,"Endocrine, nutritional and metabolic...",3331,350,1.73,1.9866e-19,1.54,1.93
274.9 ,"Gout, unspecified","Endocrine, nutritional and metabolic...",8928,938,1.73,1.668507e-49,1.62,1.86
644.00 ,"Threatened premature labor, unspecified...","Complications of pregnancy, childbirth,...",17109,1785,1.73,1.078686e-90,1.64,1.81
379.93 ,Redness or discharge of eye,Diseases of the nervous system,2016,212,1.73,0.000000000002012092,1.49,2
724.5 ,"Backache, unspecified",Diseases of the musculoskeletal...,87984,8948,1.72,< 0.0001,1.68,1.76
280 ,Iron deficiency anemias,Diseases of the blood and blood-forming...,4885,511,1.72,2.981795e-27,1.57,1.89
531.90 ,"Gastric ulcer, unspecified as...",Diseases of the digestive system,15515,1613,1.72,4.825305e-81,1.63,1.81
307.41 ,Transient disorder of initiating...,Mental disorders,3085,322,1.72,1.266766e-17,1.52,1.93
533.30 ,Acute peptic ulcer of unspecified...,Diseases of the digestive system,6889,721,1.72,6.721271e-38,1.59,1.86
009.3 ,Diarrhea of presumed infectious...,Infectious and parasitic diseases,16722,1739,1.72,2.262267e-87,1.63,1.81
615.0 ,Acute inflammatory diseases of...,Diseases of the genitourinary...,28111,2901,1.71,2.79529e-141,1.65,1.78
464.0 ,Acute laryngitis,Diseases of the respiratory system,300561,28292,1.71,< 0.0001,1.68,1.73
786.9 ,Other symptoms involving respiratory...,"Comorbidities, signs, and ill-defined...",2909,303,1.71,1.405175e-16,1.52,1.93
573.3 ,"Hepatitis, unspecified",Diseases of the digestive system,14702,1525,1.71,4.87937e-76,1.62,1.81
386.2 ,Vertigo of central origin,Diseases of the nervous system,4720,489,1.7,2.609609e-25,1.55,1.87
715 ,Osteoarthrosis and allied disorders,Diseases of the musculoskeletal...,5675,586,1.7,1.093928e-29,1.56,1.85
715.00 ,"Osteoarthrosis, generalized, site...",Diseases of the musculoskeletal...,2437,252,1.7,0.0000000000001024218,1.48,1.94
616.1 ,Vaginitis and vulvovaginitis,Diseases of the genitourinary...,96717,9678,1.7,< 0.0001,1.66,1.73
472 ,Chronic pharyngitis and nasopharyngitis,Diseases of the respiratory system,9533,984,1.7,1.066938e-48,1.59,1.82
643.91 ,"Unspecified vomiting of pregnancy,...","Complications of pregnancy, childbirth,...",2528,261,1.7,0.00000000000004414637,1.49,1.93
599.9 ,Unspecified disorder of urethra...,Diseases of the genitourinary...,6592,680,1.7,5.27337e-34,1.56,1.84
386.9 ,Unspecified vertiginous syndromes...,Diseases of the nervous system,14389,1472,1.69,1.130425e-69,1.6,1.78
462 ,Acute pharyngitis,Diseases of the respiratory system,534798,46638,1.69,< 0.0001,1.67,1.71
724.9 ,Other unspecified back disorders,Diseases of the musculoskeletal...,8826,905,1.69,9.009248e-44,1.57,1.81
788.0 ,Renal colic,"Comorbidities, signs, and ill-defined...",6034,619,1.69,1.677125e-30,1.55,1.83
478.1 ,Other diseases of nasal cavity...,Diseases of the respiratory system,42771,4352,1.69,1.24801e-201,1.64,1.75
789.9 ,Other symptoms involving abdomen...,"Comorbidities, signs, and ill-defined...",9503,975,1.69,4.278485e-47,1.58,1.8
782.2 ,"Localized superficial swelling,...","Comorbidities, signs, and ill-defined...",2175,224,1.69,0.000000000003799621,1.47,1.94
524.62 ,"Temporomandibular joint disorders,...",Diseases of the digestive system,2716,279,1.69,0.00000000000001179792,1.48,1.91
783.2 ,Abnormal loss of weight,"Comorbidities, signs, and ill-defined...",3384,348,1.69,5.101153e-18,1.51,1.89
353.2 ,"Cervical root lesions, not elsewhere...",Diseases of the nervous system,3760,386,1.69,1.06986e-19,1.51,1.87
564 ,"Functional digestive disorders,...",Diseases of the digestive system,31559,3215,1.69,4.46005e-149,1.63,1.75
592 ,Calculus of kidney and ureter,Diseases of the genitourinary...,3213,331,1.69,3.059224e-17,1.51,1.9
977.9 ,Poisoning by unspecified drug...,Injury and poisoning,5649,580,1.69,9.749487e-29,1.55,1.84
380.23 ,Other chronic otitis externa,Diseases of the nervous system,3563,367,1.69,4.89945e-19,1.51,1.89
616.4 ,Other abscess of vulva,Diseases of the genitourinary...,4884,501,1.68,5.060957e-25,1.53,1.85
256 ,Hyperestrogenism,"Endocrine, nutritional and metabolic...",1968,202,1.68,0.00000000005540538,1.45,1.95
531 ,Gastric ulcer,Diseases of the digestive system,5423,556,1.68,1.572662e-27,1.54,1.84
307.40 ,"Nonorganic sleep disorder, unspecified",Mental disorders,3346,343,1.68,1.551221e-17,1.5,1.88
307.81 ,Tension headache,Mental disorders,28448,2883,1.68,6.86433e-131,1.61,1.74
702.8 ,Other specified dermatoses,Diseases of the skin and subcutaneous...,7168,731,1.68,5.722543e-35,1.55,1.81
472.2 ,Chronic nasopharyngitis,Diseases of the respiratory system,34653,3486,1.67,6.72032e-154,1.61,1.73
519.9 ,Unspecified disease of respiratory...,Diseases of the respiratory system,6761,688,1.67,1.195409e-32,1.54,1.81
532.90 ,"Duodenal ulcer, unspecified as...",Diseases of the digestive system,11470,1167,1.67,2.054549e-54,1.57,1.78
353.4 ,"Lumbosacral root lesions, not...",Diseases of the nervous system,2271,231,1.67,0.000000000005978144,1.45,1.91
998.5 ,Postoperative infection,Injury and poisoning,19750,1999,1.67,2.03179e-90,1.59,1.75
131.0 ,Urogenital trichomoniasis,Infectious and parasitic diseases,1913,194,1.66,0.0000000003614112,1.42,1.93
455.5 ,External hemorrhoids with other...,Diseases of the circulatory system,2562,259,1.66,0.0000000000005632694,1.45,1.88
626.7 ,Postcoital bleeding,Diseases of the genitourinary...,3313,336,1.66,1.303553e-16,1.48,1.86
847.1 ,Sprain of thoracic,Injury and poisoning,2413,245,1.66,0.0000000000013531,1.45,1.9
643.93 ,"Unspecified vomiting of pregnancy,...","Complications of pregnancy, childbirth,...",2466,250,1.66,0.0000000000009529931,1.45,1.89
464.20 ,Acute laryngotracheitis without...,Diseases of the respiratory system,104132,10184,1.65,< 0.0001,1.62,1.69
724.4 ,Thoracic or lumbosacral neuritis...,Diseases of the musculoskeletal...,3579,361,1.65,2.305599e-17,1.48,1.84
726.19 ,Other specified disorders of bursae...,Diseases of the musculoskeletal...,2276,229,1.65,0.00000000002119402,1.43,1.89
643.9 ,Unspecified vomiting of pregnancy,"Complications of pregnancy, childbirth,...",5116,514,1.65,1.084989e-23,1.5,1.8
300.01 ,Panic disorder without agoraphobia,Mental disorders,2820,284,1.65,0.00000000000006788621,1.45,1.87
307.42 ,Persistent disorder of initiating...,Mental disorders,4787,482,1.65,1.883044e-22,1.5,1.81
648.9 ,Other current conditions classifiable...,"Complications of pregnancy, childbirth,...",2117,213,1.65,0.0000000000850341,1.42,1.9
556 ,Idiopathic proctocolitis,Diseases of the digestive system,3961,399,1.65,6.738802e-19,1.48,1.83
698.1 ,Pruritus of genital organs,Diseases of the skin and subcutaneous...,63875,6302,1.65,4.47237e-260,1.6,1.69
070.9 ,Unspecified viral hepatitis without...,Infectious and parasitic diseases,6575,657,1.64,3.292767e-29,1.51,1.78
389.10 ,"Sensorineural hearing loss, unspecified",Diseases of the nervous system,2408,241,1.64,0.00000000001013563,1.43,1.87
616.8 ,Other specified inflammatory diseases...,Diseases of the genitourinary...,25279,2509,1.64,1.10333e-104,1.57,1.71
724.3 ,Sciatica,Diseases of the musculoskeletal...,27625,2752,1.64,1.15287e-116,1.58,1.71
625.6 ,"Stress incontinence, female",Diseases of the genitourinary...,2544,254,1.63,0.000000000003735842,1.43,1.86
470 ,Deviated nasal septum,Diseases of the respiratory system,15544,1543,1.63,8.307721e-65,1.55,1.72
644.0 ,Threatened premature labor,"Complications of pregnancy, childbirth,...",11185,1114,1.63,7.984309e-48,1.53,1.74
614 ,"Inflammatory disease of ovary,...",Diseases of the genitourinary...,6670,665,1.63,2.642693e-29,1.5,1.77
726.4 ,Enthesopathy of wrist and carpus,Diseases of the musculoskeletal...,3124,309,1.62,0.00000000000005426995,1.43,1.82
787.7 ,Abnormal feces,"Comorbidities, signs, and ill-defined...",4681,464,1.62,1.747638e-20,1.47,1.79
729.0 ,"Rheumatism, unspecified and fibrositis",Diseases of the musculoskeletal...,4979,492,1.62,2.907242e-21,1.47,1.77
306.1 ,Respiratory malfunction arising...,Mental disorders,2172,215,1.62,0.0000000003424537,1.4,1.86
532.30 ,Acute duodenal ulcer without mention...,Diseases of the digestive system,2287,227,1.62,0.00000000007777603,1.41,1.86
724 ,Other and unspecified disorders...,Diseases of the musculoskeletal...,2785,275,1.61,0.000000000001581832,1.42,1.83
240.0 ,"Goiter, specified as simple","Endocrine, nutritional and metabolic...",4862,478,1.61,2.251748e-20,1.46,1.77
727.0 ,Synovitis and tenosynovitis,Diseases of the musculoskeletal...,9106,897,1.61,4.820171e-37,1.5,1.73
528 ,"Disease of the oral soft tissues,...",Diseases of the digestive system,2062,203,1.61,0.0000000015990918,1.38,1.86
535.40 ,"Other specified gastritis, without...",Diseases of the digestive system,31323,3069,1.61,2.11526e-121,1.55,1.68
596.5 ,Other functional disorders of...,Diseases of the genitourinary...,5942,586,1.61,7.171615e-25,1.48,1.76
455.0 ,Internal hemorrhoids without mention...,Diseases of the circulatory system,7328,717,1.6,3.975666e-29,1.48,1.73
464.2 ,Acute larygotracheitis,Diseases of the respiratory system,14316,1399,1.6,3.603948e-55,1.51,1.69
727.09 ,Other synovitis and tenosynovitis,Diseases of the musculoskeletal...,3706,363,1.6,0.000000000000001381314,1.43,1.78
729.1 ,"Myalgia and myositis, unspecified",Diseases of the musculoskeletal...,115933,10977,1.6,< 0.0001,1.56,1.63
643.0 ,Mild hyperemesis gravidarum,"Complications of pregnancy, childbirth,...",15993,1563,1.6,1.810636e-61,1.52,1.69
564.0 ,Constipation,Diseases of the digestive system,153791,14408,1.6,< 0.0001,1.57,1.63
682.0 ,Cellulitis and abscess of face,Diseases of the skin and subcutaneous...,4072,399,1.6,4.760935e-17,1.44,1.78
574 ,Cholelithiasis,Diseases of the digestive system,2132,209,1.6,0.0000000013006357,1.38,1.85
577.0 ,Acute pancreatitis,Diseases of the digestive system,2351,231,1.6,0.0000000001406917,1.39,1.84
923.3 ,Contusion of finger,Injury and poisoning,3447,338,1.6,0.00000000000001158361,1.43,1.79
380.15 ,Chronic mycotic otitis externa,Diseases of the nervous system,7624,745,1.6,4.977555e-30,1.48,1.72
009.2 ,Infectious diarrhea,Infectious and parasitic diseases,33523,3249,1.6,1.50024e-122,1.54,1.66
429.9 ,"Heart disease, unspecified",Diseases of the circulatory system,4856,474,1.59,1.435415e-19,1.45,1.75
464.10 ,Acute tracheitis without mention...,Diseases of the respiratory system,184349,17097,1.59,< 0.0001,1.57,1.62
625.8 ,Other specified symptoms associated...,Diseases of the genitourinary...,2970,289,1.59,0.000000000002082949,1.4,1.79
629.9 ,Unspecified disorder of female...,Diseases of the genitourinary...,36357,3505,1.59,2.76211e-129,1.53,1.65
634.10 ,"Spontaneous abortion, complicated...","Complications of pregnancy, childbirth,...",2068,201,1.59,0.0000000051601244,1.36,1.83
729.9 ,Other and unspecified disorders...,Diseases of the musculoskeletal...,5767,560,1.59,2.004418e-22,1.45,1.73
640.91 ,Unspecified hemorrhage in early...,"Complications of pregnancy, childbirth,...",3942,385,1.59,3.055592e-16,1.43,1.77
530.2 ,Ulcer of esophagus,Diseases of the digestive system,3104,302,1.59,0.0000000000007359629,1.4,1.79
308.0 ,Predominant disturbance of emotions,Mental disorders,2581,251,1.59,0.00000000006696646,1.39,1.81
648.80 ,Abnormal glucose tolerance of...,"Complications of pregnancy, childbirth,...",2243,218,1.59,0.0000000011481529,1.37,1.82
535.50 ,"Unspecified gastritis and gastroduodenitis,...",Diseases of the digestive system,175562,16299,1.59,< 0.0001,1.56,1.62
541 ,"Appendicitis, unqualified",Diseases of the digestive system,2126,207,1.59,0.0000000028316147,1.37,1.83
560.9 ,Unspecified intestinal obstruction,Diseases of the digestive system,4723,461,1.59,4.072078e-19,1.44,1.76
597.80 ,"Urethritis, unspecified",Diseases of the genitourinary...,24356,2365,1.59,5.681143e-90,1.53,1.66
386.1 ,Other and unspecified peripheral...,Diseases of the nervous system,5412,523,1.58,1.411871e-20,1.44,1.73
719.45 ,"Pain in joint, pelvic region and...",Diseases of the musculoskeletal...,1902,184,1.58,0.000000033026249,1.35,1.84
721.1 ,Cervical spondylosis with myelopathy,Diseases of the musculoskeletal...,2685,260,1.58,0.00000000004215937,1.38,1.8
727.05 ,Other tenosynovitis of hand and...,Diseases of the musculoskeletal...,5451,529,1.58,3.096482e-21,1.45,1.73
478.0 ,Hypertrophy of nasal turbinates,Diseases of the respiratory system,17377,1678,1.58,1.273414e-62,1.5,1.66
641.9 ,Unspecified antepartum hemorrhage,"Complications of pregnancy, childbirth,...",3756,364,1.58,0.0000000000000062943,1.41,1.76
782.3 ,Edema,"Comorbidities, signs, and ill-defined...",13822,1334,1.58,6.002956e-50,1.49,1.67
296.90 ,Unspecified episodic mood disorder,Mental disorders,2773,269,1.58,0.00000000001731896,1.39,1.8
693.1 ,Dermatitis due to food taken internally,Diseases of the skin and subcutaneous...,3770,366,1.58,0.000000000000004130557,1.42,1.77
070.51 ,Acute hepatitis C without mention...,Infectious and parasitic diseases,3280,316,1.57,0.0000000000006478359,1.39,1.76
388.30 ,"Tinnitus, unspecified",Diseases of the nervous system,16793,1609,1.57,4.900913e-58,1.49,1.65
110 ,Dermatophytosis,Infectious and parasitic diseases,2891,279,1.57,0.00000000001215745,1.39,1.78
117.9 ,Other and unspecified mycoses,Infectious and parasitic diseases,9673,931,1.57,7.858574e-35,1.47,1.68
471.0 ,Polyp of nasal cavity,Diseases of the respiratory system,1919,185,1.57,0.000000038093574,1.34,1.83
726.8 ,Other peripheral enthesopathies,Diseases of the musculoskeletal...,2279,219,1.57,0.0000000026702418,1.36,1.8
349.89 ,Other specified disorders of nervous...,Diseases of the nervous system,2054,198,1.57,0.000000013524247,1.35,1.82
540.9 ,Acute appendicitis without mention...,Diseases of the digestive system,10183,977,1.57,5.070804e-36,1.46,1.67
555.0 ,Regional enteritis of small intestine,Diseases of the digestive system,4258,409,1.57,4.973722e-16,1.41,1.73
595.2 ,Other chronic cystitis,Diseases of the genitourinary...,2872,277,1.57,0.00000000001394454,1.38,1.78
998.3 ,Disruption of operation wound,Injury and poisoning,2428,234,1.57,0.0000000006230137,1.37,1.8
615.1 ,Chronic inflammatory diseases...,Diseases of the genitourinary...,2426,232,1.56,0.0000000013686725,1.35,1.78
637.9 ,Legally unspecified abortion without...,"Complications of pregnancy, childbirth,...",2650,254,1.56,0.0000000002025102,1.37,1.78
300.4 ,Dysthymic disorder,Mental disorders,30179,2866,1.56,1.079162e-98,1.5,1.62
648.23 ,"Anemia of mother, antepartum condition...","Complications of pregnancy, childbirth,...",5567,532,1.56,6.281271e-20,1.42,1.7
881.0 ,"Open wound of elbow, forearm,...",Injury and poisoning,2280,219,1.56,0.0000000027051831,1.35,1.8
535.0 ,Acute gastritis,Diseases of the digestive system,59049,5577,1.56,1.02922e-188,1.52,1.61
591 ,Hydronephrosis,Diseases of the genitourinary...,3989,382,1.56,0.000000000000006579566,1.4,1.73
386 ,Vertiginous syndromes and other...,Diseases of the nervous system,7300,700,1.56,3.344333e-26,1.44,1.69
614.3 ,Acute parametritis and pelvic...,Diseases of the genitourinary...,21941,2087,1.56,1.678848e-72,1.49,1.63
455.2 ,Internal hemorrhoids with other...,Diseases of the circulatory system,6821,648,1.55,2.403179e-23,1.42,1.68
643 ,Excessive vomiting in pregnancy,"Complications of pregnancy, childbirth,...",8202,782,1.55,2.463502e-28,1.44,1.67
643.00 ,"Mild hyperemesis gravidarum, unspecified...","Complications of pregnancy, childbirth,...",24569,2326,1.55,4.773981e-79,1.48,1.62
847.0 ,Sprain of neck,Injury and poisoning,19387,1838,1.55,5.540042e-63,1.48,1.63
300.9 ,Unspecified nonpsychotic mental...,Mental disorders,30740,2911,1.55,6.713134e-99,1.49,1.61
533.90 ,"Peptic ulcer of unspecified site,...",Diseases of the digestive system,76708,7155,1.55,4.48446e-230,1.51,1.59
883.1 ,"Open wound of finger(s), complicated",Injury and poisoning,4637,441,1.55,1.931532e-16,1.4,1.71
911.4 ,"Insect bite, nonvenomous of trunk,...",Injury and poisoning,2485,237,1.55,0.0000000012730979,1.35,1.78
590.9 ,"Infection of kidney, unspecified",Diseases of the genitourinary...,5604,532,1.55,2.303634e-19,1.41,1.69
698.8 ,Other specified pruritic conditions,Diseases of the skin and subcutaneous...,16788,1593,1.55,4.795532e-55,1.47,1.63
070.3 ,Viral hepatitis B without mention...,Infectious and parasitic diseases,4230,400,1.54,0.000000000000009010713,1.38,1.71
722.73 ,Intervertebral disc disorder with...,Diseases of the musculoskeletal...,2858,270,1.54,0.0000000002136741,1.35,1.74
723.0 ,Spinal stenosis in cervical region,Diseases of the musculoskeletal...,2287,216,1.54,0.000000013531169,1.33,1.77
723.4 ,"Brachial neuritis or radiculitis,...",Diseases of the musculoskeletal...,2541,241,1.54,0.0000000015074418,1.35,1.76
625.4 ,Premenstrual tension syndromes,Diseases of the genitourinary...,5688,539,1.54,1.594127e-19,1.41,1.69
788.3 ,Incontinence of urine,"Comorbidities, signs, and ill-defined...",3558,336,1.54,0.000000000001506706,1.37,1.72
634.11 ,"Spontaneous abortion, complicated...","Complications of pregnancy, childbirth,...",4862,460,1.54,1.050367e-16,1.4,1.7
478.5 ,Other diseases of vocal cords,Diseases of the respiratory system,57485,5359,1.54,3.47862e-170,1.49,1.58
279.4 ,Autoimmune disease not elsewhere...,"Endocrine, nutritional and metabolic...",2264,214,1.54,0.000000014731887,1.33,1.77
881.02 ,"Open wound of wrist, without mention...",Injury and poisoning,4065,384,1.54,0.00000000000004145309,1.38,1.71
535.00 ,"Acute gastritis, without mention...",Diseases of the digestive system,214336,19193,1.54,< 0.0001,1.51,1.56
656.50 ,"Poor fetal growth, affecting management...","Complications of pregnancy, childbirth,...",2428,230,1.54,0.0000000038676321,1.34,1.77
916.1 ,"Abrasion or friction burn of hip,...",Injury and poisoning,4045,382,1.54,0.00000000000004641014,1.38,1.71
578.9 ,Hemorrhage of gastrointestinal...,Diseases of the digestive system,8391,794,1.54,7.87644e-28,1.43,1.66
592.0 ,Calculus of kidney,Diseases of the genitourinary...,12056,1139,1.54,5.673553e-39,1.45,1.64
698.9 ,Unspecified pruritic disorder,Diseases of the skin and subcutaneous...,57291,5332,1.54,5.58186e-168,1.49,1.58
995.3 ,"Allergy, unspecified, not elsewhere...",Injury and poisoning,23333,2191,1.54,1.215643e-71,1.47,1.61
611.71 ,Mastodynia,Diseases of the genitourinary...,25822,2425,1.54,2.630929e-79,1.47,1.6
389.9 ,Unspecified hearing loss,Diseases of the nervous system,5168,485,1.53,6.081114e-17,1.39,1.68
427.9 ,"Cardiac dysrhythmia, unspecified",Diseases of the circulatory system,21946,2054,1.53,3.194493e-66,1.46,1.6
617.8 ,Endometriosis of other specified...,Diseases of the genitourinary...,2350,221,1.53,0.000000012948231,1.32,1.76
461.9 ,"Acute sinusitis, unspecified",Diseases of the respiratory system,552337,45460,1.53,< 0.0001,1.52,1.55
623.5 ,"Leukorrhea, not specified as infective",Diseases of the genitourinary...,87282,8050,1.53,4.41949e-246,1.5,1.57
477.0 ,Allergic rhinitis due to pollen,Diseases of the respiratory system,3553,334,1.53,0.000000000003064485,1.36,1.71
789 ,Other symptoms involving abdomen...,"Comorbidities, signs, and ill-defined...",15450,1448,1.53,2.426738e-47,1.45,1.61
799.9 ,Other unknown and unspecified...,"Comorbidities, signs, and ill-defined...",2871,271,1.53,0.0000000002323786,1.35,1.74
847 ,Sprains and strains of other and...,Injury and poisoning,1892,178,1.53,0.00000032514015,1.3,1.79
646.93 ,"Unspecified complication of pregnancy,...","Complications of pregnancy, childbirth,...",12659,1187,1.53,3.636282e-39,1.44,1.62
533 ,"Peptic ulcer, site unspecified",Diseases of the digestive system,19933,1867,1.53,1.873067e-60,1.46,1.6
349.9 ,Unspecified disorders of nervous...,Diseases of the nervous system,9270,870,1.53,3.3096e-29,1.42,1.64
354.0 ,Carpal tunnel syndrome,Diseases of the nervous system,7599,714,1.53,2.263566e-24,1.41,1.65
692.5 ,Contact dermatitis and other eczema...,Diseases of the skin and subcutaneous...,5395,508,1.53,5.874021e-18,1.4,1.68
611.6 ,Galactorrhea not associated with...,Diseases of the genitourinary...,2685,253,1.53,0.0000000009697469,1.34,1.74
714.0 ,Rheumatoid arthritis,Diseases of the musculoskeletal...,8083,757,1.52,2.343697e-25,1.41,1.64
715.16 ,"Osteoarthrosis, localized, primary,...",Diseases of the musculoskeletal...,2163,203,1.52,0.000000067299637,1.31,1.76
639.8 ,Other specified complications...,"Complications of pregnancy, childbirth,...",2095,196,1.52,0.00000011570289,1.3,1.76
311 ,"Depressive disorder, not elsewhere...",Mental disorders,6319,591,1.52,4.730294e-20,1.39,1.66
656.31 ,"Fetal distress, affecting management...","Complications of pregnancy, childbirth,...",2306,216,1.52,0.000000025656372,1.32,1.75
893.0 ,"Open wound of toe(s), without...",Injury and poisoning,6765,631,1.52,4.788572e-21,1.39,1.65
590.80 ,"Pyelonephritis, unspecified",Diseases of the genitourinary...,4211,393,1.52,0.0000000000001149238,1.36,1.68
625.9 ,Unspecified symptom associated...,Diseases of the genitourinary...,13252,1226,1.51,6.902978e-38,1.42,1.6
640.0 ,Threatened abortion,"Complications of pregnancy, childbirth,...",40354,3723,1.51,1.0701e-111,1.46,1.57
640.00 ,"Threatened abortion, unspecified...","Complications of pregnancy, childbirth,...",50283,4628,1.51,1.45999e-137,1.47,1.56
640.90 ,Unspecified hemorrhage in early...,"Complications of pregnancy, childbirth,...",13615,1263,1.51,1.587551e-39,1.42,1.6
528.2 ,Oral aphthae,Diseases of the digestive system,22206,2058,1.51,2.695298e-63,1.44,1.58
784.7 ,Epistaxis,"Comorbidities, signs, and ill-defined...",18623,1726,1.51,2.733194e-53,1.44,1.59
533.40 ,Chronic or unspecified peptic...,Diseases of the digestive system,5200,482,1.51,6.534966e-16,1.37,1.65
357.4 ,Polyneuropathy in other diseases...,Diseases of the nervous system,2097,195,1.51,0.00000019141315,1.3,1.75
659 ,Failed mechanical induction of...,"Complications of pregnancy, childbirth,...",3532,328,1.51,0.00000000001878886,1.34,1.69
590.10 ,Acute pyelonephritis without lesion...,Diseases of the genitourinary...,14855,1375,1.51,2.047529e-42,1.42,1.59
715.9 ,"Osteoarthrosis, unspecified whether...",Diseases of the musculoskeletal...,4430,410,1.5,0.0000000000001159164,1.35,1.66
078.89 ,Other specified diseases due to...,Infectious and parasitic diseases,2425,224,1.5,0.000000044576089,1.3,1.72
620.0 ,Follicular cyst of ovary,Diseases of the genitourinary...,6680,616,1.5,1.889426e-19,1.38,1.63
620.1 ,Corpus luteum cyst or hematoma,Diseases of the genitourinary...,5361,495,1.5,4.512958e-16,1.36,1.64
629.8 ,Other specified disorders of female...,Diseases of the genitourinary...,16486,1522,1.5,2.954659e-46,1.42,1.59
253.9 ,Unspecified disorder of the pituitary...,"Endocrine, nutritional and metabolic...",1943,180,1.5,0.00000075835851,1.28,1.75
272 ,Disorders of lipoid metabolism,"Endocrine, nutritional and metabolic...",2354,218,1.5,0.000000057214224,1.3,1.73
643.03 ,"Mild hyperemesis gravidarum, antepartum...","Complications of pregnancy, childbirth,...",15856,1464,1.5,1.537777e-44,1.42,1.59
353.9 ,Unspecified nerve root and plexus...,Diseases of the nervous system,2071,192,1.5,0.00000032540935,1.29,1.75
922 ,Contusion of trunk,Injury and poisoning,4879,450,1.5,0.0000000000000116647,1.36,1.65
922.1 ,Contusion of chest wall,Injury and poisoning,19591,1806,1.5,3.312194e-54,1.43,1.58
924.1 ,Contusion of knee and lower leg,Injury and poisoning,3375,312,1.5,0.00000000009271348,1.33,1.69
461.8 ,Other acute sinusitis,Diseases of the respiratory system,32652,2970,1.49,7.817686e-83,1.43,1.54
727.01 ,Synovitis and tenosynovitis in...,Diseases of the musculoskeletal...,2037,187,1.49,0.00000086017725,1.27,1.73
727.9 ,"Unspecified disorder of synovium,...",Diseases of the musculoskeletal...,3627,333,1.49,0.00000000005416033,1.33,1.67
272.4 ,Other and unspecified hyperlipidemia,"Endocrine, nutritional and metabolic...",15349,1402,1.49,1.649263e-40,1.4,1.57
841.9 ,Sprains and strains of unspecified...,Injury and poisoning,3032,279,1.49,0.0000000014414256,1.31,1.69
847.2 ,Sprain of lumbar,Injury and poisoning,26292,2406,1.49,2.740458e-69,1.43,1.56
528.9 ,Other and unspecified diseases...,Diseases of the digestive system,50290,4566,1.49,1.68278e-126,1.44,1.54
850.0 ,Concussion with no loss of consciousness,Injury and poisoning,13374,1226,1.49,2.95325e-36,1.4,1.58
560.1 ,Paralytic ileus,Diseases of the digestive system,4160,381,1.49,0.0000000000028614,1.33,1.65
682.7 ,"Cellulitis and abscess of foot,...",Diseases of the skin and subcutaneous...,2680,246,1.49,0.000000016857597,1.3,1.7
923 ,Contusion of upper limb,Injury and poisoning,4301,395,1.49,0.0000000000008466085,1.34,1.65
573.9 ,Unspecified disorder of liver,Diseases of the digestive system,6912,635,1.49,1.008981e-19,1.37,1.62
923.10 ,Contusion of forearm,Injury and poisoning,3063,281,1.49,0.0000000017379365,1.31,1.68
923.21 ,Contusion of wrist,Injury and poisoning,3829,351,1.49,0.0000000000187674,1.33,1.66
923.8 ,Contusion of multiple sites of...,Injury and poisoning,3753,345,1.49,0.0000000000189073,1.33,1.67
585 ,Chronic renal failure,Diseases of the genitourinary...,2938,270,1.49,0.0000000032096114,1.31,1.69
590 ,Infections of kidney,Diseases of the genitourinary...,2573,236,1.49,0.000000035026291,1.29,1.7
595 ,Cystitis,Diseases of the genitourinary...,20279,1861,1.49,1.390622e-54,1.42,1.57
009 ,Ill-defined intestinal infections,Infectious and parasitic diseases,6226,571,1.49,9.361899e-18,1.36,1.62
708 ,Urticaria,Diseases of the skin and subcutaneous...,16262,1489,1.49,1.828791e-43,1.41,1.57
615 ,"Inflammatory diseases of uterus,...",Diseases of the genitourinary...,9414,857,1.48,7.192005e-25,1.38,1.59
424.0 ,Mitral valve disorders,Diseases of the circulatory system,22432,2040,1.48,4.766924e-57,1.41,1.55
427 ,Cardiac dysrhythmias,Diseases of the circulatory system,4899,448,1.48,0.0000000000000520361,1.34,1.63
722 ,Intervertebral disc disorders,Diseases of the musculoskeletal...,3071,280,1.48,0.0000000035982858,1.3,1.67
722.0 ,Displacement of cervical intervertebral...,Diseases of the musculoskeletal...,5783,529,1.48,2.40288e-16,1.35,1.62
728 ,"Disorders of muscle, ligament,...",Diseases of the musculoskeletal...,8914,812,1.48,8.633486e-24,1.37,1.59
845.10 ,"Sprain of foot, unspecified site",Injury and poisoning,2817,257,1.48,0.000000015310697,1.3,1.68
674.90 ,"Unspecified complications of puerperium,...","Complications of pregnancy, childbirth,...",3414,312,1.48,0.0000000003681732,1.31,1.66
558.9 ,Other and unspecified noninfectious...,Diseases of the digestive system,545251,44048,1.48,< 0.0001,1.46,1.5
922.2 ,Contusion of abdominal wall,Injury and poisoning,4833,440,1.48,0.0000000000001706526,1.33,1.63
573.8 ,Other specified disorders of liver,Diseases of the digestive system,2119,194,1.48,0.00000070587276,1.27,1.72
692.2 ,Contact dermatitis and other eczema...,Diseases of the skin and subcutaneous...,2041,186,1.48,0.0000014115062,1.26,1.72
455.3 ,External hemorrhoids without mention...,Diseases of the circulatory system,4164,379,1.47,0.000000000007241413,1.32,1.64
244.9 ,Unspecified acquired hypothyroidism,"Endocrine, nutritional and metabolic...",7349,666,1.47,2.698642e-19,1.35,1.59
250.90 ,"Diabetes with unspecified complication,...","Endocrine, nutritional and metabolic...",3500,317,1.47,0.000000000614484,1.3,1.65
478.8 ,Upper respiratory tract hypersensitivity...,Diseases of the respiratory system,5005,454,1.47,0.0000000000001202361,1.33,1.62
280.0 ,Iron deficiency anemia secondary...,Diseases of the blood and blood-forming...,6075,550,1.47,4.215998e-16,1.34,1.6
285.9 ,"Anemia, unspecified",Diseases of the blood and blood-forming...,49139,4410,1.47,8.8939e-115,1.42,1.52
298.9 ,Unspecified psychosis,Mental disorders,2780,252,1.47,0.000000030994891,1.28,1.67
300.02 ,Generalized anxiety disorder,Mental disorders,8501,770,1.47,6.150815e-22,1.36,1.58
533.50 ,Chronic or unspecified peptic...,Diseases of the digestive system,2041,185,1.47,0.0000022099436,1.25,1.71
656.4 ,"Intrauterine death, affecting...","Complications of pregnancy, childbirth,...",1976,179,1.47,0.0000030444917,1.25,1.71
536.9 ,Unspecified functional disorder...,Diseases of the digestive system,254539,21815,1.47,< 0.0001,1.45,1.49
892.1 ,Open wound of foot except toe(s)...,Injury and poisoning,2913,264,1.47,0.000000017046212,1.29,1.67
571.41 ,Chronic persistent hepatitis,Diseases of the digestive system,4280,388,1.47,0.000000000007165052,1.32,1.63
571.8 ,Other chronic nonalcoholic liver...,Diseases of the digestive system,2966,269,1.47,0.000000011811601,1.29,1.67
924.4 ,Contusion of multiple sites of...,Injury and poisoning,5266,477,1.47,0.00000000000003704941,1.33,1.61
945.24 ,"Blisters, epidermal loss [second...",Injury and poisoning,2309,209,1.47,0.00000055357566,1.26,1.69
958.3 ,Posttraumatic wound infection...,Injury and poisoning,12966,1174,1.47,1.222897e-32,1.38,1.56
616.0 ,Cervicitis and endocervicitis,Diseases of the genitourinary...,97685,8648,1.46,2.53957e-213,1.43,1.5
616.3 ,Abscess of Bartholin's gland,Diseases of the genitourinary...,3217,290,1.46,0.0000000053194338,1.29,1.65
721.0 ,Cervical spondylosis without myelopathy,Diseases of the musculoskeletal...,7849,708,1.46,6.655603e-20,1.35,1.58
722.10 ,Displacement of lumbar intervertebral...,Diseases of the musculoskeletal...,16252,1460,1.46,1.250932e-38,1.38,1.54
726.0 ,Adhesive capsulitis of shoulder,Diseases of the musculoskeletal...,3069,276,1.46,0.000000016782213,1.28,1.65
628 ,"Infertility, female",Diseases of the genitourinary...,7702,693,1.46,2.62861e-19,1.35,1.58
253.8 ,Other disorders of the pituitary...,"Endocrine, nutritional and metabolic...",3113,280,1.46,0.000000011273222,1.28,1.65
728.85 ,Spasm of muscle,Diseases of the musculoskeletal...,9062,817,1.46,1.117468e-22,1.36,1.57
634.91 ,"Spontaneous abortion, without...","Complications of pregnancy, childbirth,...",6038,543,1.46,0.000000000000001980434,1.33,1.59
729.4 ,"Fasciitis, unspecified",Diseases of the musculoskeletal...,56583,5050,1.46,7.47577e-128,1.42,1.51
850 ,Concussion,Injury and poisoning,7190,646,1.46,5.608366e-18,1.34,1.58
569.3 ,Hemorrhage of rectum and anus,Diseases of the digestive system,4644,420,1.46,0.000000000001317049,1.32,1.62
922.8 ,Contusion of multiple sites of...,Injury and poisoning,4977,448,1.46,0.0000000000004813619,1.32,1.61
922.9 ,Contusion of unspecified part...,Injury and poisoning,10286,929,1.46,8.383255e-26,1.37,1.57
583.9 ,"Nephritis and nephropathy, not...",Diseases of the genitourinary...,4522,407,1.46,0.000000000005889017,1.31,1.61
927.3 ,Crushing injury of finger(s),Injury and poisoning,3351,303,1.46,0.0000000019198823,1.3,1.65
599 ,Other disorders of urethra and...,Diseases of the genitourinary...,8837,794,1.46,1.039617e-21,1.35,1.57
599.0 ,"Urinary tract infection, site...",Diseases of the genitourinary...,214263,18418,1.46,< 0.0001,1.43,1.48
008.5 ,"Bacterial enteritis, unspecified",Infectious and parasitic diseases,6461,583,1.46,1.078847e-16,1.34,1.59
614.6 ,"Pelvic peritoneal adhesions, female...",Diseases of the genitourinary...,6986,627,1.45,2.429502e-17,1.34,1.58
614.7 ,"Other chronic pelvic peritonitis,...",Diseases of the genitourinary...,4642,417,1.45,0.000000000003878584,1.31,1.61
721.3 ,Lumbosacral spondylosis without...,Diseases of the musculoskeletal...,15128,1356,1.45,1.496061e-35,1.37,1.54
722.1 ,Displacement of thoracic or lumbar...,Diseases of the musculoskeletal...,2345,210,1.45,0.0000010526367,1.25,1.67
242.0 ,Toxic diffuse goiter,"Endocrine, nutritional and metabolic...",3244,291,1.45,0.0000000076980891,1.28,1.64
250.00 ,Diabetes mellitus without mention...,"Endocrine, nutritional and metabolic...",15584,1397,1.45,1.228649e-36,1.38,1.54
842.10 ,"Sprain of hand, unspecified site",Injury and poisoning,2088,187,1.45,0.0000044450441,1.24,1.68
854.09 ,Intracranial injury of other and...,Injury and poisoning,3653,327,1.45,0.0000000011427505,1.29,1.62
306.9 ,Unspecified psychophysiological...,Mental disorders,13855,1236,1.45,1.016329e-31,1.36,1.53
917.0 ,Abrasion or friction burn of foot...,Injury and poisoning,7259,652,1.45,4.247986e-18,1.34,1.58
693.0 ,Dermatitis due to drugs and medicines...,Diseases of the skin and subcutaneous...,9486,851,1.45,5.352012e-23,1.35,1.56
382.3 ,Unspecified chronic suppurative...,Diseases of the nervous system,2015,181,1.45,0.0000046890552,1.24,1.69
614.4 ,Chronic or unspecified parametritis...,Diseases of the genitourinary...,8299,738,1.44,2.952917e-19,1.33,1.55
443.9 ,"Peripheral vascular disease, unspecified",Diseases of the circulatory system,2110,188,1.44,0.0000050519623,1.23,1.67
216.7 ,Benign neoplasm of skin of lower...,Neoplasms,2504,223,1.44,0.00000082199065,1.25,1.65
242.00 ,Toxic diffuse goiter without mention...,"Endocrine, nutritional and metabolic...",10765,955,1.44,3.52914e-24,1.34,1.54
646.8 ,Other specified complications...,"Complications of pregnancy, childbirth,...",2988,267,1.44,0.000000049198793,1.27,1.64
854.01 ,Intracranial injury of other and...,Injury and poisoning,7038,626,1.44,1.387609e-16,1.32,1.56
531.9 ,"Gastric ulcer, unspecified as...",Diseases of the digestive system,2406,214,1.44,0.0000014371212,1.24,1.65
307.4 ,Specific disorders of sleep of...,Mental disorders,2362,210,1.44,0.0000017596441,1.24,1.66
565.0 ,Anal fissure,Diseases of the digestive system,6950,617,1.44,3.76984e-16,1.32,1.56
372.71 ,Hyperemia of conjunctiva,Diseases of the nervous system,4403,393,1.44,0.00000000004057596,1.3,1.6
054 ,Herpes simplex,Infectious and parasitic diseases,2466,218,1.43,0.0000015876479,1.24,1.64
087.9 ,"Relapsing fever, unspecified",Infectious and parasitic diseases,1903,168,1.43,0.0000275674,1.21,1.67
218.1 ,Intramural leiomyoma of uterus,Neoplasms,2228,197,1.43,0.0000048756008,1.23,1.65
626.4 ,Irregular menstrual cycle,Diseases of the genitourinary...,492930,39439,1.43,< 0.0001,1.41,1.45
626.6 ,Metrorrhagia,Diseases of the genitourinary...,104804,9054,1.43,8.95127e-194,1.39,1.46
250 ,Diabetes mellitus,"Endocrine, nutritional and metabolic...",4477,397,1.43,0.00000000007235338,1.29,1.59
842.00 ,"Sprain of wrist, unspecified site",Injury and poisoning,5642,500,1.43,0.0000000000002655078,1.3,1.57
850.1 ,Concussion with brief loss of...,Injury and poisoning,1932,171,1.43,0.0000208751,1.21,1.67
530.8 ,Other specified disorders of esophagus,Diseases of the digestive system,2048,181,1.43,0.0000130062,1.22,1.66
571 ,Chronic liver disease and cirrhosis,Diseases of the digestive system,3916,346,1.43,0.0000000018232886,1.27,1.59
920 ,"Contusion of face, scalp, and...",Injury and poisoning,31239,2741,1.43,7.115681e-63,1.37,1.48
923.00 ,Contusion of shoulder region,Injury and poisoning,9012,797,1.43,4.578279e-20,1.33,1.54
574.20 ,Calculus of gallbladder without...,Diseases of the digestive system,6709,594,1.43,0.000000000000002054007,1.31,1.56
578.1 ,Blood in stool,Diseases of the digestive system,2351,208,1.43,0.0000025600665,1.23,1.65
995.2 ,Unspecified adverse effect od...,Injury and poisoning,3099,275,1.43,0.00000005670144,1.26,1.62
386.10 ,"Peripheral vertigo, unspecified",Diseases of the nervous system,8287,728,1.42,8.581143e-18,1.31,1.53
614.9 ,Unspecified inflammatory disease...,Diseases of the genitourinary...,226594,19069,1.42,< 0.0001,1.4,1.45
616.11 ,Vaginitis and vulvovaginitis in...,Diseases of the genitourinary...,57109,4980,1.42,2.26671e-110,1.38,1.47
617.0 ,Endometriosis of uterus,Diseases of the genitourinary...,11344,994,1.42,1.889247e-23,1.33,1.51
112.1 ,Candidiasis of vulva and vagina,Infectious and parasitic diseases,161684,13737,1.42,1.95774e-273,1.39,1.44
455.8 ,Unspecified hemorrhoids with other...,Diseases of the circulatory system,9987,877,1.42,3.892464e-21,1.32,1.52
625.3 ,Dysmenorrhea,Diseases of the genitourinary...,114657,9850,1.42,9.19581e-205,1.39,1.45
626.2 ,Excessive or frequent menstruation,Diseases of the genitourinary...,77688,6725,1.42,9.80108e-144,1.38,1.46
240 ,Simple and unspecified goiter,"Endocrine, nutritional and metabolic...",2157,190,1.42,0.0000096388199,1.22,1.65
278.0 ,Obesity,"Endocrine, nutritional and metabolic...",11523,1009,1.42,1.065722e-23,1.33,1.51
527.2 ,Sialoadenitis,Diseases of the digestive system,2663,234,1.42,0.0000011778284,1.23,1.62
892.0 ,Open wound of foot except toe(s)...,Injury and poisoning,16015,1407,1.42,4.559818e-33,1.35,1.5
564.9 ,Unspecified functional disorder...,Diseases of the digestive system,166184,14102,1.42,3.08979e-279,1.39,1.44
592.1 ,Calculus of ureter,Diseases of the genitourinary...,7790,684,1.42,8.573108e-17,1.31,1.54
698.2 ,Prurigo,Diseases of the skin and subcutaneous...,84172,7285,1.42,5.31955e-156,1.39,1.46
599.7 ,Hematuria,Diseases of the genitourinary...,22652,1983,1.42,3.798784e-45,1.35,1.49
706.9 ,Unspecified disease of sebaceous...,Diseases of the skin and subcutaneous...,2266,199,1.42,0.0000071292446,1.22,1.64
382.00 ,Acute suppurative otitis media...,Diseases of the nervous system,7103,625,1.42,0.000000000000001178448,1.31,1.54
616.50 ,"Ulceration of vulva, unspecified",Diseases of the genitourinary...,6938,607,1.41,0.000000000000008842131,1.3,1.54
133.0 ,Scabies,Infectious and parasitic diseases,9099,792,1.41,2.838517e-18,1.3,1.51
626.1 ,Scanty or infrequent menstruation,Diseases of the genitourinary...,29536,2562,1.41,6.094048e-55,1.35,1.47
280.9 ,"Iron deficiency anemia, unspecified",Diseases of the blood and blood-forming...,18365,1598,1.41,2.287864e-35,1.34,1.48
782.1 ,Rash and other nonspecific skin...,"Comorbidities, signs, and ill-defined...",15225,1325,1.41,1.376685e-29,1.33,1.49
850.9 ,"Concussion, unspecified",Injury and poisoning,13725,1199,1.41,1.579444e-27,1.33,1.5
881.01 ,"Open wound of elbow, without mention...",Injury and poisoning,3867,338,1.41,0.0000000088152917,1.26,1.58
882.0 ,Open wound of hand except finger(s)...,Injury and poisoning,17470,1525,1.41,1.942963e-34,1.34,1.49
535.01 ,"Acute gastritis, with hemorrhage",Diseases of the digestive system,4002,349,1.41,0.000000006010689,1.26,1.57
883.0 ,"Open wound of finger(s), without...",Injury and poisoning,28109,2446,1.41,1.540549e-53,1.35,1.47
910.0 ,"Abrasion or friction burn of face,...",Injury and poisoning,8145,713,1.41,3.949664e-17,1.31,1.53
913 ,"Superficial ilnjury of elbow,...",Injury and poisoning,2992,261,1.41,0.00000047851923,1.23,1.6
564.1 ,Irritable bowel syndrome,Diseases of the digestive system,67940,5861,1.41,4.197e-122,1.37,1.45
682.6 ,"Cellulitis and abscess of leg,...",Diseases of the skin and subcutaneous...,5235,458,1.41,0.00000000001637207,1.28,1.56
592.9 ,"Urinary calculus, unspecified",Diseases of the genitourinary...,14275,1242,1.41,9.164893e-28,1.33,1.49
595.9 ,"Cystitis, unspecified",Diseases of the genitourinary...,64199,5536,1.41,6.4462e-115,1.37,1.45
708.0 ,Allergic urticaria,Diseases of the skin and subcutaneous...,64995,5601,1.41,7.42902e-116,1.37,1.45
710.9 ,Unspecified diffuse connective...,Diseases of the musculoskeletal...,2516,218,1.4,0.0000065980189,1.21,1.61
388.3 ,Tinitus,Diseases of the nervous system,5568,482,1.4,0.00000000002160239,1.27,1.53
622.8 ,Other specified noninflammatory...,Diseases of the genitourinary...,3215,280,1.4,0.00000021772612,1.24,1.59
726 ,Peripheral enthesopathies and...,Diseases of the musculoskeletal...,2868,249,1.4,0.0000013301425,1.22,1.59
728.89 ,"Other disorders of muscle, ligament,...",Diseases of the musculoskeletal...,9338,812,1.4,1.397747e-18,1.3,1.51
840.9 ,Sprains and strains of unspecified...,Injury and poisoning,8277,718,1.4,2.202769e-16,1.29,1.51
295.90 ,"Unspecified schizophrenia, unspecified",Mental disorders,2579,224,1.4,0.0000039868701,1.22,1.61
360.89 ,Other disorders of globe,Diseases of the nervous system,3600,313,1.4,0.00000005125939,1.24,1.58
894.1 ,Multiple and unspecified open...,Injury and poisoning,2585,224,1.4,0.0000049451303,1.21,1.6
911.0 ,"Abrasion or friction burn of trunk,...",Injury and poisoning,4201,365,1.4,0.0000000037048777,1.26,1.56
916.9 ,Other and unspecified superficial...,Injury and poisoning,1984,172,1.4,0.0000599071,1.19,1.63
692 ,Contact dermatitis and other eczema,Diseases of the skin and subcutaneous...,41295,3550,1.4,6.067504e-72,1.35,1.45
595.0 ,Acute cystitis,Diseases of the genitourinary...,134159,11341,1.4,1.27276e-214,1.37,1.43
701.1 ,"Keratoderma, acquired",Diseases of the skin and subcutaneous...,12901,1119,1.4,9.913266e-25,1.32,1.49
381.01 ,Acute serous otitis media,Diseases of the nervous system,2730,237,1.4,0.000002360663,1.22,1.6
097.9 ,"Syphilis, unspecified",Infectious and parasitic diseases,2281,197,1.39,0.0000206831,1.2,1.61
724.7 ,Disorders of coccyx,Diseases of the musculoskeletal...,2038,176,1.39,0.000061957,1.19,1.63
726.32 ,Lateral epicondylitis,Diseases of the musculoskeletal...,5240,453,1.39,0.0000000001137251,1.26,1.54
727.03 ,Trigger finger (acquired),Diseases of the musculoskeletal...,2590,223,1.39,0.0000074521555,1.2,1.59
728.9 ,"Unspecified disorder of muscle,...",Diseases of the musculoskeletal...,20313,1743,1.39,2.219572e-35,1.32,1.46
640 ,Hemorrhage in early pregnancy,"Complications of pregnancy, childbirth,...",19540,1683,1.39,5.255395e-35,1.32,1.46
843.9 ,Sprains and strains of unspecified...,Injury and poisoning,3399,293,1.39,0.00000026623936,1.23,1.57
524.60 ,"Temporomandibular joint disorders,...",Diseases of the digestive system,4358,376,1.39,0.0000000048460082,1.25,1.55
656.3 ,Fetal distress affecting management...,"Complications of pregnancy, childbirth,...",3860,334,1.39,0.000000027362921,1.24,1.56
535.5 ,Unspecified gastritis & gastroduodenitis,Diseases of the digestive system,26480,2267,1.39,5.011861e-45,1.33,1.45
686.8 ,Other specified local infections...,Diseases of the skin and subcutaneous...,49391,4227,1.39,2.36459e-83,1.35,1.44
923.11 ,Contusion of elbow,Injury and poisoning,6363,549,1.39,0.000000000001620172,1.27,1.52
703.0 ,Ingrowing nail,Diseases of the skin and subcutaneous...,3254,280,1.39,0.00000055450276,1.22,1.57
382.9 ,Unspecified otitis media,Diseases of the nervous system,40249,3448,1.39,2.088948e-68,1.34,1.44
616.10 ,"Vaginitis and vulvovaginitis,...",Diseases of the genitourinary...,380942,30418,1.38,< 0.0001,1.36,1.4
716.90 ,"Arthropathy, unspecified, site...",Diseases of the musculoskeletal...,17065,1456,1.38,9.008696e-29,1.3,1.45
622.1 ,Dysplasia of cervix (uteri),Diseases of the genitourinary...,6606,564,1.38,0.000000000004178812,1.26,1.5
626.8 ,Other disorders of menstruation...,Diseases of the genitourinary...,239962,19702,1.38,< 0.0001,1.36,1.41
241.0 ,Nontoxic uninodular goiter,"Endocrine, nutritional and metabolic...",2038,175,1.38,0.0000907962,1.18,1.62
733.00 ,"Osteoporosis, unspecified",Diseases of the musculoskeletal...,2724,234,1.38,0.0000050159468,1.2,1.58
737.43 ,Scoliosis associated with other...,Diseases of the musculoskeletal...,2067,177,1.38,0.0000850901,1.17,1.61
641.90 ,"Unspecified antepartum hemorrhage,...","Complications of pregnancy, childbirth,...",4095,351,1.38,0.00000003313916,1.23,1.54
643.13 ,Hyperemesis gravidarum with metabolic...,"Complications of pregnancy, childbirth,...",74500,6318,1.38,2.27457e-118,1.35,1.42
847.9 ,Sprain of unspecified site of...,Injury and poisoning,7351,631,1.38,0.00000000000008663956,1.27,1.5
644.03 ,"Threatened premature labor, antepartum...","Complications of pregnancy, childbirth,...",41241,3501,1.38,1.58044e-65,1.33,1.43
880.03 ,"Open wound of upper arm, without...",Injury and poisoning,2749,236,1.38,0.0000054693212,1.2,1.58
345.90 ,"Epilepsy, unspecified, without...",Diseases of the nervous system,4068,349,1.38,0.000000030132918,1.23,1.54
883 ,Open wound of finger(s),Injury and poisoning,5066,433,1.38,0.0000000011099809,1.24,1.52
674.34 ,Other complications of obstetrical...,"Complications of pregnancy, childbirth,...",17297,1482,1.38,4.958262e-30,1.31,1.46
681.02 ,Onychia and paronychia of finger,Diseases of the skin and subcutaneous...,4932,422,1.38,0.0000000016475231,1.24,1.52
915.0 ,"Abrasion or friction burn of finger(s),...",Injury and poisoning,2758,236,1.38,0.0000068219278,1.2,1.58
922.3 ,Contusion of back,Injury and poisoning,19285,1649,1.38,7.978465e-33,1.31,1.45
692.1 ,Contact dermatitis and other eczema...,Diseases of the skin and subcutaneous...,5399,462,1.38,0.0000000002592711,1.25,1.52
694.0 ,Dermatitis herpetiformis,Diseases of the skin and subcutaneous...,2118,181,1.38,0.0000855626,1.17,1.6
382.4 ,Unspecified suppurative otitis...,Diseases of the nervous system,2582,221,1.38,0.0000126207,1.19,1.58
054.2 ,Herpetic gingivostomatitis,Infectious and parasitic diseases,4466,379,1.37,0.000000026151906,1.23,1.52
110.2 ,Dermatophytosis of hand,Infectious and parasitic diseases,2222,189,1.37,0.0000734107,1.17,1.59
620.2 ,Other and unspecified ovarian...,Diseases of the genitourinary...,48302,4085,1.37,1.186181e-74,1.33,1.42
720.0 ,Ankylosing spondylitis,Diseases of the musculoskeletal...,3835,327,1.37,0.00000015814543,1.22,1.54
220 ,Benign neoplasm of ovary,Neoplasms,80523,6765,1.37,2.14392e-119,1.34,1.41
628.9 ,"Infertility, female, of unspecified...",Diseases of the genitourinary...,40515,3418,1.37,1.831787e-61,1.32,1.42
634 ,Spontaneous abortion,"Complications of pregnancy, childbirth,...",2503,213,1.37,0.0000237081,1.18,1.58
256.8 ,Other ovarian dysfunction,"Endocrine, nutritional and metabolic...",6456,551,1.37,0.000000000008327732,1.26,1.5
637.90 ,"Unspecified abortion, without...","Complications of pregnancy, childbirth,...",9999,848,1.37,9.236731e-17,1.27,1.47
644.13 ,"Other threatened labor, antepartum...","Complications of pregnancy, childbirth,...",7736,656,1.37,0.0000000000002964645,1.26,1.48
891.1 ,"Open wound of knee, leg [except...",Injury and poisoning,6787,576,1.37,0.000000000006725472,1.25,1.49
923.20 ,Contusion of hand(s),Injury and poisoning,6764,574,1.37,0.000000000007388633,1.25,1.49
710.0 ,Systemic lupus erythematosus,Diseases of the musculoskeletal...,7171,607,1.36,0.000000000002709377,1.25,1.48
070 ,Viral hepatitis,Infectious and parasitic diseases,2444,207,1.36,0.0000465794,1.18,1.57
112.9 ,Candidiasis of unspecified site,Infectious and parasitic diseases,7354,620,1.36,0.000000000003546517,1.25,1.47
455 ,Hemorrhoids,Diseases of the circulatory system,9220,781,1.36,0.000000000000001883729,1.27,1.47
215.0 ,Other benign neoplasm of connective...,Neoplasms,4064,344,1.36,0.00000014916202,1.22,1.52
219.9 ,"Benign neoplasm of uterus, part...",Neoplasms,9109,771,1.36,0.00000000000000359199,1.26,1.47
727.00 ,"Synovitis and tenosynovitis, unspecified",Diseases of the musculoskeletal...,60190,5046,1.36,4.097901e-87,1.32,1.4
631 ,Other abnormal product of conception,"Complications of pregnancy, childbirth,...",23833,2008,1.36,3.861216e-36,1.3,1.42
633 ,Ectopic pregnancy,"Complications of pregnancy, childbirth,...",4970,421,1.36,0.0000000055402008,1.23,1.51
727.06 ,Tenosynovitis of foot and ankle,Diseases of the musculoskeletal...,2561,217,1.36,0.0000290185,1.18,1.57
805.6 ,Closed fracture of sacrum and...,Injury and poisoning,3113,263,1.36,0.0000049874498,1.19,1.54
277.9 ,Unspecified disorder of metabolism,"Endocrine, nutritional and metabolic...",2432,205,1.36,0.0000637916,1.17,1.56
842.09 ,Other sprains and strains of wrist,Injury and poisoning,4372,369,1.36,0.000000075982461,1.22,1.51
854.00 ,Intracranial injury of other and...,Injury and poisoning,14071,1185,1.36,7.683807e-22,1.28,1.44
873.0 ,"Open wound of scalp, without mention...",Injury and poisoning,10322,869,1.36,2.327325e-16,1.26,1.45
881 ,"Open wound of elbow, forearm,...",Injury and poisoning,3501,296,1.36,0.0000011718786,1.2,1.53
650 ,Normal delivery,"Complications of pregnancy, childbirth,...",10931,926,1.36,4.643679e-18,1.27,1.46
881.00 ,"Open wound of forearm, without...",Injury and poisoning,9197,779,1.36,0.000000000000002069121,1.27,1.47
356.9 ,Unspecified hereditary and idiopathic...,Diseases of the nervous system,4011,338,1.36,0.00000029627675,1.21,1.52
569.9 ,Unspecified disorder of intestine,Diseases of the digestive system,7900,668,1.36,0.0000000000003115285,1.26,1.47
945.00 ,Burn of unspecified degree of...,Injury and poisoning,3885,329,1.36,0.0000002710857,1.21,1.53
381.00 ,"Acute nonsuppurative otitis media,...",Diseases of the nervous system,5526,468,1.36,0.0000000008333277,1.24,1.5
381.60 ,"Obstruction of Eustachian tube,...",Diseases of the nervous system,2242,190,1.36,0.0000944277,1.17,1.58
614.2 ,Salpingitis and oophoritis not...,Diseases of the genitourinary...,30073,2527,1.36,1.897845e-44,1.3,1.41
616 ,"Inflammatory disease of cervix,...",Diseases of the genitourinary...,54276,4530,1.35,8.198135e-76,1.31,1.4
454.9 ,Asymptomatic varicose veins,Diseases of the circulatory system,1963,165,1.35,0.0003597821,1.14,1.59
455.6 ,Unspecified hemorrhoids without...,Diseases of the circulatory system,40718,3391,1.35,7.083408e-56,1.3,1.4
622.0 ,Erosion and ectropion of cervix,Diseases of the genitourinary...,85130,7066,1.35,7.15875e-115,1.32,1.39
216.6 ,Benign neoplasm of skin of upper...,Neoplasms,3469,291,1.35,0.0000029570332,1.19,1.52
626 ,Disorders of menstruation and...,Diseases of the genitourinary...,47652,3974,1.35,4.538381e-66,1.31,1.4
242.90 ,Thyrotoxicosis without mention...,"Endocrine, nutritional and metabolic...",24474,2053,1.35,6.827886e-36,1.29,1.42
829.0 ,"Fracture of unspecified bone,...",Injury and poisoning,2806,236,1.35,0.0000200181,1.18,1.55
842.01 ,Sprain of carpal (joint) of wrist,Injury and poisoning,2128,179,1.35,0.0002193697,1.15,1.58
845 ,Sprains and strains of ankle and...,Injury and poisoning,3365,283,1.35,0.0000029664618,1.19,1.53
785.6 ,Enlargement of lymph nodes,"Comorbidities, signs, and ill-defined...",9244,774,1.35,0.00000000000003055672,1.25,1.45
880.00 ,"Open wound of shoulder region,...",Injury and poisoning,2658,223,1.35,0.0000407279,1.17,1.55
666.14 ,"Other immediate postpartum hemorrhage,...","Complications of pregnancy, childbirth,...",5519,462,1.35,0.0000000045070512,1.22,1.48
558.1 ,Gastroenteritis and colitis due...,Diseases of the digestive system,2653,223,1.35,0.0000339059,1.17,1.55
682 ,Other cellulitis and abscess,Diseases of the skin and subcutaneous...,5783,484,1.35,0.0000000019792549,1.22,1.48
571.40 ,"Chronic hepatitis, unspecified",Diseases of the digestive system,65432,5446,1.35,1.284881e-89,1.31,1.39
923.9 ,Contusion of unspecified part...,Injury and poisoning,9138,769,1.35,0.00000000000001311107,1.26,1.46
372.53 ,Conjunctival xerosis,Diseases of the nervous system,3875,325,1.35,0.00000074157396,1.2,1.51
617 ,Endometriosis,Diseases of the genitourinary...,3292,275,1.34,0.0000076368316,1.18,1.52
447.6 ,"Arteritis, unspecified",Diseases of the circulatory system,3292,275,1.34,0.0000076368316,1.18,1.52
131.00 ,"Urogenital trichomoniasis, unspecified",Infectious and parasitic diseases,9511,792,1.34,0.00000000000005039933,1.24,1.44
216.4 ,Benign neoplasm of scalp and skin...,Neoplasms,2415,202,1.34,0.0001026224,1.16,1.55
626.0 ,Absence of menstruation,Diseases of the genitourinary...,310216,24541,1.34,6.7e-313,1.32,1.36
240.9 ,"Goiter, unspecified","Endocrine, nutritional and metabolic...",21677,1800,1.34,1.533361e-29,1.27,1.4
626.9 ,Unspecified disorders of menstruation...,Diseases of the genitourinary...,315274,24969,1.34,< 0.0001,1.32,1.36
245.2 ,Chronic lymphocytic thyroiditis,"Endocrine, nutritional and metabolic...",3460,289,1.34,0.0000040545581,1.19,1.51
633.9 ,Unspecified ectopic pregnancy,"Complications of pregnancy, childbirth,...",22166,1841,1.34,3.097123e-30,1.27,1.4
634.00 ,"Spontaneous abortion, complicated...","Complications of pregnancy, childbirth,...",2894,241,1.34,0.0000317022,1.17,1.53
826.0 ,Closed fracture of one or more...,Injury and poisoning,2031,169,1.34,0.0005336566,1.13,1.56
296.20 ,"Major depressive affective disorder,...",Mental disorders,4308,360,1.34,0.00000028413065,1.2,1.5
644 ,Early or threatened labor,"Complications of pregnancy, childbirth,...",6657,556,1.34,0.000000000183427,1.23,1.46
873.42 ,"Open wound of forehead, without...",Injury and poisoning,1988,166,1.34,0.0004671501,1.14,1.57
648.8 ,Abnormal glucose tolerance of...,"Complications of pregnancy, childbirth,...",2498,208,1.34,0.0001123797,1.15,1.54
345.9 ,"Epilepsy, unspecified",Diseases of the nervous system,1919,160,1.34,0.0006256894,1.13,1.58
692.8 ,"Contact dermatitis and other eczema,...",Diseases of the skin and subcutaneous...,7652,640,1.34,0.000000000005707419,1.24,1.46
924.01 ,Contusion of hip,Injury and poisoning,6289,526,1.34,0.0000000004224472,1.23,1.47
924.10 ,Contusion of lower leg,Injury and poisoning,8730,727,1.34,0.0000000000005185254,1.24,1.45
590.1 ,Acute pyelonephritis,Diseases of the genitourinary...,4748,396,1.34,0.00000008043128,1.21,1.49
708.1 ,Idiopathic urticaria,Diseases of the skin and subcutaneous...,12269,1024,1.34,5.45863e-18,1.26,1.43
715.90 ,"Osteoarthrosis, unspecified whether...",Diseases of the musculoskeletal...,14385,1189,1.33,2.270248e-19,1.25,1.41
616.9 ,Unspecified inflammatory disease...,Diseases of the genitourinary...,372621,29145,1.33,< 0.0001,1.32,1.35
722.93 ,"Other and unspecified disc disorder,...",Diseases of the musculoskeletal...,5270,435,1.33,0.000000064489054,1.2,1.46
218.9 ,"Leiomyoma of uterus, unspecified",Neoplasms,23248,1920,1.33,2.938332e-30,1.27,1.39
246.9 ,Unspecified disorder of thyroid,"Endocrine, nutritional and metabolic...",19195,1584,1.33,4.346807e-25,1.26,1.4
737.9 ,Unspecified curvature of spine,Diseases of the musculoskeletal...,1923,159,1.33,0.0010456237,1.12,1.56
780.8 ,Generalized hyperhidrosis,"Comorbidities, signs, and ill-defined...",8355,691,1.33,0.000000000006796597,1.23,1.44
845.00 ,"Sprain of ankle, unspecified site",Injury and poisoning,14237,1181,1.33,9.292668e-20,1.26,1.42
524.6 ,Temporomandibular joint disorders,Diseases of the digestive system,2202,183,1.33,0.0003324184,1.14,1.55
848.9 ,Unspecified site of sprain and...,Injury and poisoning,65057,5320,1.33,5.130585e-77,1.29,1.36
530.9 ,Unspecified disorder of esophagus,Diseases of the digestive system,3402,282,1.33,0.0000091959196,1.17,1.5
655.93 ,"Unspecified suspected fetal abnormality,...","Complications of pregnancy, childbirth,...",2534,210,1.33,0.0001269316,1.15,1.53
536 ,Disorders of function of stomach,Diseases of the digestive system,23344,1925,1.33,5.247879e-30,1.27,1.39
924.11 ,Contusion of knee,Injury and poisoning,22909,1886,1.33,4.104364e-29,1.26,1.39
924.2 ,"Contusion of ankle and foot, excluding...",Injury and poisoning,2250,186,1.33,0.0003853773,1.14,1.54
611.8 ,Other specified disorders of breast,Diseases of the genitourinary...,2838,235,1.33,0.0000608955,1.16,1.52
382.0 ,Acute suppurative otitis media,Diseases of the nervous system,2754,228,1.33,0.0000773527,1.16,1.52
710.2 ,Sicca syndrome,Diseases of the musculoskeletal...,5007,411,1.32,0.00000027614336,1.19,1.46
464.30 ,Acute epiglottitis without mention...,Diseases of the respiratory system,5864,481,1.32,0.000000027854038,1.2,1.45
632 ,Missed abortion,"Complications of pregnancy, childbirth,...",21410,1759,1.32,7.135899e-27,1.26,1.39
633.1 ,Tubal pregnancy,"Complications of pregnancy, childbirth,...",5312,436,1.32,0.0000001160751,1.19,1.45
640.03 ,"Threatened abortion, antepartum...","Complications of pregnancy, childbirth,...",132354,10696,1.32,1.64226e-145,1.3,1.35
282.4 ,Thalassemias,Diseases of the blood and blood-forming...,5749,472,1.32,0.000000032445364,1.2,1.45
784.2 ,"Swelling, mass, or lump in head...","Comorbidities, signs, and ill-defined...",8477,696,1.32,0.00000000002080493,1.22,1.42
681.11 ,Onychia and paronychia of toe,Diseases of the skin and subcutaneous...,12610,1038,1.32,1.172436e-16,1.24,1.41
370.40 ,"Keratoconjunctivitis, unspecified",Diseases of the nervous system,9755,801,1.32,0.0000000000005780209,1.22,1.42
684 ,Impetigo,Diseases of the skin and subcutaneous...,4786,395,1.32,0.00000024025666,1.19,1.47
923.03 ,Contusion of upper arm,Injury and poisoning,2132,176,1.32,0.0005287202,1.13,1.55
924 ,Contusion of lower limb and of...,Injury and poisoning,7279,600,1.32,0.0000000002736165,1.22,1.44
705.89 ,Other specified disorders of sweat...,Diseases of the skin and subcutaneous...,2679,220,1.32,0.0001639872,1.14,1.51
611.0 ,Inflammatory disease of breast,Diseases of the genitourinary...,24855,2044,1.32,3.173945e-31,1.26,1.39
716 ,Other and unspecified arthropathies,Diseases of the musculoskeletal...,2459,201,1.31,0.0003719539,1.13,1.51
720.1 ,Spinal enthesopathy,Diseases of the musculoskeletal...,1890,154,1.31,0.0021463812,1.1,1.54
722.91 ,"Other and unspecified disc disorder,...",Diseases of the musculoskeletal...,2007,164,1.31,0.0013403867,1.11,1.54
216.5 ,"Benign neoplasm of skin of trunk,...",Neoplasms,2854,234,1.31,0.0001041323,1.15,1.5
724.02 ,"Spinal stenosis, lumbar region,...",Diseases of the musculoskeletal...,2330,190,1.31,0.0006668274,1.12,1.52
627.2 ,Symptomatic menopausal or female...,Diseases of the genitourinary...,3930,320,1.31,0.0000098497036,1.16,1.46
628.0 ,"Infertility, female, associated...",Diseases of the genitourinary...,32353,2626,1.31,4.297539e-36,1.25,1.36
729.81 ,Swelling of limb,Diseases of the musculoskeletal...,1975,161,1.31,0.0016827479,1.1,1.54
285 ,Other and unspecified anemias,Diseases of the blood and blood-forming...,2515,206,1.31,0.0003144234,1.13,1.52
367.53 ,Spasm of accommodation,Diseases of the nervous system,4819,395,1.31,0.00000049171995,1.18,1.46
683 ,Acute lymphadenitis,Diseases of the skin and subcutaneous...,8022,656,1.31,0.0000000001509403,1.21,1.42
921.3 ,Contusion of eyeball,Injury and poisoning,2515,205,1.31,0.0003714046,1.13,1.51
571.5 ,Cirrhosis of liver without mention...,Diseases of the digestive system,2049,167,1.31,0.0012924066,1.11,1.53
582.9 ,Chronic glomerulonephritis with...,Diseases of the genitourinary...,5766,470,1.31,0.000000084397072,1.19,1.44
924.5 ,Contusion of unspecified part...,Injury and poisoning,10272,838,1.31,0.0000000000006712348,1.22,1.41
924.8 ,"Contusion of multiple sites, not...",Injury and poisoning,2969,242,1.31,0.0001212289,1.14,1.49
924.9 ,Contusion of unspecified site,Injury and poisoning,25193,2050,1.31,5.160108e-29,1.25,1.37
611.7 ,Signs and symptoms in breast,Diseases of the genitourinary...,2904,238,1.31,0.0001015764,1.15,1.5
008.6 ,"Virus Enteritis, specified",Infectious and parasitic diseases,3784,309,1.31,0.0000122282,1.16,1.47
386.12 ,Vestibular neuronitis,Diseases of the nervous system,5950,481,1.3,0.00000015459018,1.18,1.42
715.36 ,"Osteoarthrosis, localized, not...",Diseases of the musculoskeletal...,4751,385,1.3,0.0000021585211,1.17,1.44
242 ,Thyrotoxicosis with or without...,"Endocrine, nutritional and metabolic...",4619,374,1.3,0.0000032564814,1.16,1.44
628.2 ,"Infertility, female, of tubal...",Diseases of the genitourinary...,6940,562,1.3,0.000000010522304,1.19,1.42
727 ,"Other disorders of synovium tendon,...",Diseases of the musculoskeletal...,5109,415,1.3,0.00000066441552,1.17,1.44
250.0 ,Diabetes Mellitus w/m of complication,"Endocrine, nutritional and metabolic...",4286,347,1.3,0.0000072702383,1.16,1.45
790.6 ,Other abnormal blood chemistry,"Comorbidities, signs, and ill-defined...",2242,182,1.3,0.0009870514,1.11,1.51
791.0 ,Proteinuria,"Comorbidities, signs, and ill-defined...",4306,349,1.3,0.0000065754475,1.16,1.45
289.3 ,"Lymphadenitis, unspecified, except...",Diseases of the blood and blood-forming...,8582,698,1.3,0.00000000009133153,1.21,1.41
300 ,Neurotic disorders,Mental disorders,16845,1367,1.3,2.196499e-19,1.23,1.38
882.1 ,Open wound of hand except finger(s)...,Injury and poisoning,2310,188,1.3,0.0007402626,1.12,1.51
351.0 ,Bell's palsy,Diseases of the nervous system,3248,263,1.3,0.0000868213,1.14,1.47
560.39 ,Other impaction of intestine,Diseases of the digestive system,4043,329,1.3,0.0000083131307,1.16,1.46
571.49 ,Other chronic hepatitis,Diseases of the digestive system,7165,583,1.3,0.0000000031275116,1.2,1.42
610.3 ,Fibrosclerosis of breast,Diseases of the genitourinary...,2164,176,1.3,0.0010956525,1.11,1.52
226 ,Benign neoplasm of thyroid glands,Neoplasms,3619,292,1.29,0.0000488042,1.14,1.46
726.90 ,Enthesopathy of unspecified site,Diseases of the musculoskeletal...,35297,2831,1.29,1.901797e-35,1.24,1.34
727.04 ,Radial styloid tenosynovitis,Diseases of the musculoskeletal...,4261,344,1.29,0.0000105964,1.15,1.44
478.6 ,Edema of larynx,Diseases of the respiratory system,3929,316,1.29,0.00003176,1.14,1.45
259.9 ,Unspecified endocrine disorder,"Endocrine, nutritional and metabolic...",9813,789,1.29,0.00000000004679589,1.2,1.39
641.13 ,"Hemorrhage from placenta previa,...","Complications of pregnancy, childbirth,...",2336,188,1.29,0.0012487404,1.1,1.5
844.9 ,Sprains and strains of unspecified...,Injury and poisoning,9716,780,1.29,0.00000000007606711,1.19,1.38
533.9 ,"Peptic ulcer, site unspecified,...",Diseases of the digestive system,30731,2472,1.29,8.906645e-32,1.24,1.35
661.4 ,"Hypertonic, incoordinate, or prolonged...","Complications of pregnancy, childbirth,...",2066,166,1.29,0.0024916298,1.09,1.51
892 ,Open wound of foot except toe(s)...,Injury and poisoning,2821,227,1.29,0.0003788736,1.12,1.48
367.89 ,Other disorders of refraction...,Diseases of the nervous system,6864,552,1.29,0.000000036711237,1.18,1.41
682.8 ,Cellulitis and abscess of other...,Diseases of the skin and subcutaneous...,5975,482,1.29,0.00000018960049,1.17,1.42
571.4 ,Chronic hepatitis,Diseases of the digestive system,33421,2681,1.29,1.13143e-33,1.24,1.34
692.89 ,Contact dermatitis and other eczema...,Diseases of the skin and subcutaneous...,42734,3417,1.29,1.450137e-41,1.24,1.33
924.20 ,Contusion of foot,Injury and poisoning,9887,797,1.29,0.00000000002376805,1.2,1.39
702.1 ,Seborrheic keratosis,Diseases of the skin and subcutaneous...,3055,247,1.29,0.0001754951,1.13,1.48
705.1 ,Prickly heat,Diseases of the skin and subcutaneous...,6539,527,1.29,0.000000054340652,1.18,1.41
009.1 ,"Colitis, enteritis, and gastroenteritis...",Infectious and parasitic diseases,32499,2608,1.29,7.292941e-33,1.24,1.34
615.9 ,Unspecified inflammatory disease...,Diseases of the genitourinary...,101148,8003,1.28,6.058933e-90,1.25,1.32
724.79 ,Other disorders of coccyx,Diseases of the musculoskeletal...,3832,307,1.28,0.0000520942,1.14,1.44
229.9 ,Benign neoplasm of unspecified...,Neoplasms,2484,199,1.28,0.0011394882,1.1,1.48
726.71 ,Achilles bursitis or tendinitis,Diseases of the musculoskeletal...,2179,174,1.28,0.0027875273,1.09,1.49
256.4 ,Polycystic ovaries,"Endocrine, nutritional and metabolic...",24490,1959,1.28,2.276075e-24,1.23,1.35
845.19 ,Other sprain of foot,Injury and poisoning,2683,215,1.28,0.0006592659,1.11,1.47
656.30 ,"Fetal distress, affecting management...","Complications of pregnancy, childbirth,...",1931,155,1.28,0.0037794426,1.08,1.51
891.0 ,"Open wound of knee, leg [except...",Injury and poisoning,34225,2725,1.28,3.543812e-32,1.23,1.33
910 ,"Superficial injury of face, neck,...",Injury and poisoning,2556,204,1.28,0.0011636986,1.1,1.47
680.0 ,Carbuncle and furuncle of face,Diseases of the skin and subcutaneous...,8006,641,1.28,0.0000000054195457,1.18,1.39
913.0 ,"Abrasion or friction burn of elbow,...",Injury and poisoning,14232,1134,1.28,0.00000000000003108174,1.2,1.36
692.9 ,"Contact dermatitis and other eczema,...",Diseases of the skin and subcutaneous...,460660,34671,1.28,2.08861e-298,1.27,1.3
053.9 ,Herpes zoster without mention...,Infectious and parasitic diseases,12993,1027,1.27,0.000000000002817323,1.19,1.35
621.5 ,Intrauterine synechiae,Diseases of the genitourinary...,2726,216,1.27,0.0012649643,1.1,1.46
215.2 ,Other benign neoplasm of connective...,Neoplasms,2012,160,1.27,0.0045635162,1.08,1.5
626.5 ,Ovulation bleeding,Diseases of the genitourinary...,6051,482,1.27,0.00000078791918,1.16,1.4
242.9 ,Thyrotoxicosis w/m of goiter or...,"Endocrine, nutritional and metabolic...",11130,884,1.27,0.00000000003845991,1.19,1.36
727.89 ,"Other disorders of synovium, tendon,...",Diseases of the musculoskeletal...,2433,193,1.27,0.0020791037,1.09,1.47
253.1 ,Other and unspecified anterior...,"Endocrine, nutritional and metabolic...",11786,934,1.27,0.00000000001725117,1.19,1.36
256.3 ,Other ovarian failure,"Endocrine, nutritional and metabolic...",2903,230,1.27,0.000805437,1.1,1.45
825.25 ,Closed fracture of metatarsal...,Injury and poisoning,2249,178,1.27,0.0032712108,1.08,1.48
656.5 ,Poor fetal growth affecting management...,"Complications of pregnancy, childbirth,...",2781,221,1.27,0.000937825,1.1,1.46
372.00 ,"Acute conjunctivitis, unspecified",Diseases of the nervous system,191409,14842,1.27,3.00444e-145,1.25,1.3
372.30 ,"Conjunctivitis, unspecified",Diseases of the nervous system,219742,16969,1.27,3.34281e-162,1.25,1.29
374.05 ,Trichiasis of eyelid without entropion,Diseases of the nervous system,12036,956,1.27,0.000000000005875701,1.19,1.36
380.1 ,Infective otitis externa,Diseases of the nervous system,4917,391,1.27,0.0000097880365,1.14,1.41
034.0 ,Streptococcal sore throat,Infectious and parasitic diseases,6122,487,1.27,0.00000079796608,1.16,1.4
070.30 ,Viral hepatitis B without mention...,Infectious and parasitic diseases,26001,2038,1.26,2.026283e-21,1.2,1.31
077.1 ,Epidemic keratoconjunctivitis,Infectious and parasitic diseases,26460,2085,1.26,7.402059e-23,1.21,1.32
079.9 ,Unspecified viral and chlamydial...,Infectious and parasitic diseases,7508,591,1.26,0.00000020670417,1.15,1.37
617.9 ,"Endometriosis, site unspecified",Diseases of the genitourinary...,19606,1540,1.26,8.853484e-17,1.19,1.33
637.91 ,"Unspecified abortion, without...","Complications of pregnancy, childbirth,...",27886,2185,1.26,8.730776e-23,1.2,1.31
640.93 ,Unspecified hemorrhage in early...,"Complications of pregnancy, childbirth,...",8439,666,1.26,0.000000025293492,1.16,1.37
281.9 ,Unspecified deficiency anemia,Diseases of the blood and blood-forming...,4681,370,1.26,0.0000302134,1.13,1.41
306.8 ,Other specified psychophysiological...,Mental disorders,4333,342,1.26,0.0000653682,1.13,1.41
879.6 ,Open wound of other and unspecified...,Injury and poisoning,2224,176,1.26,0.0035576326,1.08,1.48
310.2 ,Postconcussion syndrome,Mental disorders,4583,360,1.26,0.0000623947,1.12,1.4
916.0 ,"Abrasion or friction burn of hip,...",Injury and poisoning,30514,2398,1.26,1.589701e-25,1.21,1.31
682.9 ,Cellulitis and abscess of unspecified...,Diseases of the skin and subcutaneous...,49851,3898,1.26,3.965699e-39,1.22,1.3
686.0 ,Pyoderma,Diseases of the skin and subcutaneous...,20035,1580,1.26,9.43331e-18,1.2,1.33
692.3 ,Contact dermatitis and other eczema...,Diseases of the skin and subcutaneous...,13387,1051,1.26,0.00000000000747663,1.18,1.34
581.9 ,Nephrotic syndrome with unspecified...,Diseases of the genitourinary...,2434,192,1.26,0.0027465965,1.08,1.46
461 ,Acute sinusitis,Diseases of the respiratory system,37492,2932,1.25,1.148514e-29,1.21,1.3
256.9 ,Unspecified ovarian dysfunction,"Endocrine, nutritional and metabolic...",27166,2114,1.25,8.700968e-21,1.19,1.3
641.93 ,"Unspecified antepartum hemorrhage,...","Complications of pregnancy, childbirth,...",28387,2215,1.25,2.935759e-22,1.2,1.31
540 ,Acute appendicitis,Diseases of the digestive system,3005,236,1.25,0.0011273354,1.09,1.43
367.20 ,"Astigmatism, unspecified",Diseases of the nervous system,3422,268,1.25,0.0006646845,1.1,1.42
914.0 ,Abrasion or friction burn of hand(s)...,Injury and poisoning,6369,498,1.25,0.0000036272428,1.14,1.37
919.0 ,"Abrasion or friction burn of other,...",Injury and poisoning,23043,1795,1.25,5.341623e-18,1.19,1.31
686.9 ,Unspecified local infection of...,Diseases of the skin and subcutaneous...,116854,9017,1.25,6.84353e-81,1.22,1.28
372.0 ,Acute conjunctivitis,Diseases of the nervous system,24519,1907,1.25,8.081979e-19,1.19,1.31
691 ,Atopic dermatitis and related...,Diseases of the skin and subcutaneous...,2534,199,1.25,0.0029174567,1.08,1.45
372.12 ,Chronic follicular conjunctivitis,Diseases of the nervous system,5662,442,1.25,0.000016157,1.13,1.37
696.1 ,Other psoriasis,Diseases of the skin and subcutaneous...,5668,442,1.25,0.0000164161,1.13,1.37
380.10 ,"Infective otitis externa, unspecified",Diseases of the nervous system,93723,7266,1.25,1.318992e-67,1.22,1.28
074.0 ,Herpangina,Infectious and parasitic diseases,3361,261,1.24,0.0011327033,1.09,1.41
621.3 ,Endometrial cystic hyperplasia,Diseases of the genitourinary...,5548,430,1.24,0.0000399369,1.12,1.37
728.8 ,"Other disorders of muscle, ligament...",Diseases of the musculoskeletal...,2579,200,1.24,0.0046881717,1.07,1.43
296.30 ,"Major depressive affective disorder,...",Mental disorders,2802,217,1.24,0.0036410049,1.07,1.42
870.0 ,Laceration of skin of eyelid and...,Injury and poisoning,2257,175,1.24,0.0084240903,1.05,1.44
686 ,Other local infections of skin...,Diseases of the skin and subcutaneous...,13906,1076,1.24,0.0000000001063399,1.16,1.32
372.20 ,"Blepharoconjunctivitis, unspecified",Diseases of the nervous system,13050,1010,1.24,0.0000000003653664,1.16,1.32
924.3 ,Contusion of toe,Injury and poisoning,2660,207,1.24,0.0036745405,1.07,1.43
380.2 ,Other otitis externa,Diseases of the nervous system,3662,284,1.24,0.0007861573,1.09,1.4
622.7 ,Mucous polyp of cervix,Diseases of the genitourinary...,4856,375,1.23,0.0001625351,1.11,1.37
239.8 ,"Neoplasms of unspecified nature,...",Neoplasms,2204,170,1.23,0.011257692,1.05,1.44
296 ,Disorganized type,Mental disorders,3606,279,1.23,0.0010333428,1.09,1.4
873.49 ,Open wound of other and multiple...,Injury and poisoning,2898,223,1.23,0.0042514389,1.07,1.41
884 ,Multiple and unspecified open...,Injury and poisoning,3520,271,1.23,0.0016437614,1.08,1.39
912.0 ,Abrasion or friction burn of shoulder...,Injury and poisoning,3308,255,1.23,0.0019170399,1.08,1.4
919 ,"Superficial injury of other, multiple,...",Injury and poisoning,2837,218,1.23,0.0049225104,1.06,1.41
924.00 ,Contusion of thigh,Injury and poisoning,5430,419,1.23,0.0000678256,1.11,1.36
989.5 ,Toxic effect of venom,Injury and poisoning,8509,656,1.23,0.00000075874246,1.13,1.33
708.9 ,"Urticaria, unspecified",Diseases of the skin and subcutaneous...,178348,13463,1.23,7.566046e-99,1.21,1.25
716.98 ,"Arthropathy, unspecified, other...",Diseases of the musculoskeletal...,1949,149,1.22,0.0228296231,1.02,1.44
295 ,Schizophrenic disorders,Mental disorders,2894,222,1.22,0.0047773294,1.06,1.4
854 ,Intracranial injury of other and...,Injury and poisoning,3338,255,1.22,0.0032003815,1.07,1.38
882 ,Open wound of hand except finger(s)...,Injury and poisoning,3410,260,1.22,0.0031642174,1.07,1.38
680.9 ,Carbuncle and furuncle of unspecified...,Diseases of the skin and subcutaneous...,42894,3265,1.22,1.826106e-25,1.17,1.26
681.00 ,"Cellulitis and abscess of finger,...",Diseases of the skin and subcutaneous...,2011,154,1.22,0.0196714307,1.03,1.44
570 ,Acute and subacute necrosis of...,Diseases of the digestive system,2149,164,1.22,0.0189883416,1.03,1.43
919.9 ,Other and unspecified superficial...,Injury and poisoning,3101,237,1.22,0.0045461807,1.06,1.39
372.54 ,Conjunctival concretions,Diseases of the nervous system,21290,1630,1.22,0.00000000000004444056,1.16,1.29
933.1 ,Foreign body in larynx,Injury and poisoning,8868,678,1.22,0.0000014168229,1.13,1.32
706 ,Diseases of sebaceous glands,Diseases of the skin and subcutaneous...,2869,220,1.22,0.0051705947,1.06,1.4
707.9 ,Chronic ulcer of unspecified site,Diseases of the skin and subcutaneous...,2089,160,1.22,0.0173867567,1.03,1.44
717.9 ,Unspecified internal derangement...,Diseases of the musculoskeletal...,3315,252,1.21,0.0043566519,1.06,1.38
110.3 ,Dermatophytosis of groin and perianal...,Infectious and parasitic diseases,8249,626,1.21,0.0000083532589,1.11,1.31
437.9 ,Unspecified cerebrovascular disease,Diseases of the circulatory system,1995,152,1.21,0.0244268606,1.02,1.43
111.9 ,"Dermatomycosis, unspecified",Infectious and parasitic diseases,6241,474,1.21,0.0000968982,1.1,1.33
621.9 ,Unspecified disorder of uterus,Diseases of the genitourinary...,3502,265,1.21,0.0044618509,1.06,1.37
722.2 ,Displacement of intervertebral...,Diseases of the musculoskeletal...,9624,733,1.21,0.00000085357434,1.12,1.31
727.42 ,Ganglion of tendon sheath,Diseases of the musculoskeletal...,3011,229,1.21,0.0063438213,1.05,1.39
637.92 ,"Unspecified abortion, without...","Complications of pregnancy, childbirth,...",5456,413,1.21,0.0003740827,1.09,1.33
639.9 ,Unspecified complication following...,"Complications of pregnancy, childbirth,...",7570,574,1.21,0.0000214621,1.11,1.32
845.09 ,Other sprains and strains of ankle,Injury and poisoning,9303,708,1.21,0.0000014721844,1.12,1.31
884.0 ,Multiple and unspecified open...,Injury and poisoning,36118,2731,1.21,4.543096e-20,1.16,1.26
681.9 ,Cellulitis and abscess of unspecified...,Diseases of the skin and subcutaneous...,11726,887,1.21,0.00000019551125,1.12,1.29
372 ,Disorders of conjunctiva,Diseases of the nervous system,9203,700,1.21,0.0000017853767,1.12,1.31
930.0 ,Corneal foreign body,Injury and poisoning,26815,2032,1.21,0.000000000000001421413,1.16,1.27
380.22 ,Other acute otitis externa,Diseases of the nervous system,25437,1928,1.21,0.00000000000000658726,1.15,1.27
706.0 ,Acne varioliformis,Diseases of the skin and subcutaneous...,71206,5383,1.21,1.255331e-38,1.18,1.25
009.0 ,"Infectious colitis, enteritis,...",Infectious and parasitic diseases,85675,6456,1.21,9.010808e-45,1.18,1.24
215.9 ,Other benign neoplasm of connective...,Neoplasms,5581,422,1.2,0.0003532826,1.09,1.33
634.90 ,"Spontaneous abortion, without...","Complications of pregnancy, childbirth,...",12625,954,1.2,0.000000081417458,1.13,1.29
648.0 ,Diabetes mellitus in the mother...,"Complications of pregnancy, childbirth,...",7920,598,1.2,0.0000239681,1.1,1.31
670.04 ,"Major puerperal infection, postpartum...","Complications of pregnancy, childbirth,...",2151,162,1.2,0.0301985663,1.01,1.41
367.2 ,Astigmatism,Diseases of the nervous system,2470,186,1.2,0.0207870477,1.03,1.39
916 ,"Superficial injury of hip, thigh,...",Injury and poisoning,6057,457,1.2,0.0002220464,1.09,1.32
370.23 ,Filamentary keratitis,Diseases of the nervous system,2573,194,1.2,0.0170156399,1.03,1.39
695.89 ,Other specified erythematous conditions,Diseases of the skin and subcutaneous...,3108,234,1.2,0.0089895723,1.04,1.37
933.0 ,Foreign body in pharynx,Injury and poisoning,11601,872,1.2,0.00000062775363,1.12,1.28
611.72 ,Lump or mass in breast,Diseases of the genitourinary...,32545,2440,1.2,1.664083e-16,1.15,1.25
388.8 ,Other disorders of ear,Diseases of the nervous system,3172,238,1.19,0.0097185571,1.04,1.36
716.9 ,"Arthropathy, unspecified",Diseases of the musculoskeletal...,9782,732,1.19,0.0000087329594,1.1,1.29
110.9 ,Dermatophytosis of unspecified...,Infectious and parasitic diseases,36229,2699,1.19,6.569825e-17,1.14,1.24
296.2 ,"Major depressive disorder, single...",Mental disorders,4239,317,1.19,0.0037318309,1.06,1.33
848 ,Other and ill-defined sprains...,Injury and poisoning,1894,142,1.19,0.0477377298,1,1.42
919.8 ,Other and unspecified superficial...,Injury and poisoning,4926,367,1.19,0.0021412768,1.06,1.32
372.05 ,Acute atopic conjunctivitis,Diseases of the nervous system,4876,364,1.19,0.0020276097,1.06,1.32
003.0 ,Salmonella gastroenteritis,Infectious and parasitic diseases,3465,260,1.19,0.0072715612,1.05,1.36
706.8 ,Other specified diseases of sebaceous...,Diseases of the skin and subcutaneous...,4671,348,1.19,0.0029488703,1.06,1.32
611.9 ,Unspecified breast disorder,Diseases of the genitourinary...,39424,2944,1.19,7.872812e-19,1.15,1.24
110.4 ,Dermatophytosis of foot,Infectious and parasitic diseases,73647,5423,1.18,1.171703e-28,1.15,1.21
214.9 ,"Lipoma, unspecified site",Neoplasms,2137,158,1.18,0.0563760747,0.99,1.38
721.90 ,"Spondylosis of unspecified site,...",Diseases of the musculoskeletal...,4964,369,1.18,0.002450367,1.06,1.32
218 ,Uterine leiomyoma,Neoplasms,3106,231,1.18,0.0167138173,1.03,1.35
239.2 ,Neoplasm of unspecified nature...,Neoplasms,4922,365,1.18,0.0031282396,1.06,1.31
891 ,"Open wound of knee, leg (except...",Injury and poisoning,6618,491,1.18,0.0005457831,1.07,1.29
680.8 ,Carbuncle and furuncle of other...,Diseases of the skin and subcutaneous...,3734,278,1.18,0.0079861291,1.04,1.34
696.5 ,Other and unspecified pityriasis,Diseases of the skin and subcutaneous...,5005,370,1.18,0.003391755,1.05,1.31
930.1 ,Foreign body in conjunctival sac,Injury and poisoning,40303,2972,1.18,2.05287e-16,1.13,1.22
700 ,Corns and callosities,Diseases of the skin and subcutaneous...,10387,769,1.18,0.0000208721,1.09,1.27
610.1 ,Diffuse cystic mastopathy,Diseases of the genitourinary...,14492,1071,1.18,0.00000065615057,1.1,1.25
381.81 ,Dysfunction of Eustachian tube,Diseases of the nervous system,22014,1631,1.18,0.0000000004362182,1.12,1.24
215 ,Other benign neoplasm of connective...,Neoplasms,2043,150,1.17,0.0767375803,0.98,1.38
810.00 ,"Closed fracture of clavicle, unspecified...",Injury and poisoning,2413,177,1.17,0.0547554103,0.99,1.36
848.8 ,Other specified sites of sprains...,Injury and poisoning,6522,479,1.17,0.0014829988,1.06,1.28
528.5 ,Diseases of lips,Diseases of the digestive system,9206,679,1.17,0.000097179,1.08,1.27
873.4 ,"Facial laceration, without mention...",Injury and poisoning,8551,627,1.17,0.0003195873,1.07,1.26
571.9 ,Unspecified chronic liver disease...,Diseases of the digestive system,9592,706,1.17,0.0000872788,1.08,1.26
574.2 ,Calculus of gallbladder without...,Diseases of the digestive system,2716,200,1.17,0.0369514621,1.01,1.35
701.4 ,Keloid scar,Diseases of the skin and subcutaneous...,24496,1799,1.17,0.0000000005778473,1.11,1.23
704.9 ,Unspecified disease of hair and...,Diseases of the skin and subcutaneous...,2814,207,1.17,0.0334624268,1.01,1.35
380.13 ,Other acute infections of external...,Diseases of the nervous system,2480,182,1.17,0.0481643333,1,1.36
380.4 ,Impacted cerumen,Diseases of the nervous system,32246,2362,1.17,0.000000000002746878,1.12,1.22
708.8 ,Other specified urticaria,Diseases of the skin and subcutaneous...,22735,1668,1.17,0.0000000031699771,1.11,1.23
717.7 ,Chondromalacia of patella,Diseases of the musculoskeletal...,7041,516,1.16,0.0011351439,1.06,1.27
216.8 ,Benign neoplasm of other specified...,Neoplasms,7058,514,1.16,0.0019087474,1.05,1.27
640.01 ,"Threatened abortion, delivered,...","Complications of pregnancy, childbirth,...",3417,249,1.16,0.0295683545,1.01,1.32
532.9 ,"Duodenal ulcer, unspecified as...",Diseases of the digestive system,3485,254,1.16,0.0285628722,1.01,1.32
894.0 ,Multiple and unspecified open...,Injury and poisoning,44552,3239,1.16,0.000000000000007427439,1.12,1.2
918.1 ,Superficial injury of cornea,Injury and poisoning,31541,2294,1.16,0.000000000060513,1.11,1.21
691.8 ,Other atopic dermatitis and related...,Diseases of the skin and subcutaneous...,51632,3752,1.16,6.042735e-17,1.12,1.2
373.11 ,Hordeolum externum,Diseases of the nervous system,95992,6952,1.16,2.410461e-29,1.13,1.19
698.3 ,Lichenification and lichen simplex...,Diseases of the skin and subcutaneous...,33648,2451,1.16,0.000000000007617915,1.11,1.21
931 ,Foreign body in ear,Injury and poisoning,6452,471,1.16,0.0023598476,1.05,1.27
610.2 ,Fibroadenosis of breast,Diseases of the genitourinary...,8502,622,1.16,0.0003974753,1.07,1.26
052.9 ,Varicella without mention of complication,Infectious and parasitic diseases,15827,1150,1.15,0.0000046276873,1.09,1.23
716.10 ,"Traumatic arthropathy, site unspecified",Diseases of the musculoskeletal...,2604,189,1.15,0.0645032647,0.99,1.34
845.0 ,Sprains and strains of ankle,Injury and poisoning,4206,304,1.15,0.0227880223,1.02,1.29
854.0 ,Intracranial injury of other and...,Injury and poisoning,4188,304,1.15,0.0189927588,1.02,1.3
879.8 ,Open wound(s) (multiple) of unspecified...,Injury and poisoning,18504,1335,1.15,0.0000028846621,1.08,1.21
680.2 ,Carbuncle and furuncle of trunk,Diseases of the skin and subcutaneous...,1912,139,1.15,0.1107475852,0.96,1.37
372.2 ,Blepharoconjunctivitis,Diseases of the nervous system,3266,236,1.15,0.0445362274,1,1.31
381.4 ,"Nonsuppurative otitis media, not...",Diseases of the nervous system,4220,307,1.15,0.0164091464,1.02,1.3
611.79 ,Other signs and symptoms in breast,Diseases of the genitourinary...,2839,206,1.15,0.0542806137,0.99,1.33
709.2 ,Scar conditions and fibrosis of...,Diseases of the skin and subcutaneous...,10628,765,1.14,0.0005227153,1.06,1.23
616.2 ,Cyst of Bartholin's gland,Diseases of the genitourinary...,5221,374,1.14,0.0198605208,1.02,1.26
617.1 ,Endometriosis of ovary,Diseases of the genitourinary...,9537,688,1.14,0.0008220512,1.06,1.24
623.9 ,Unspecified noninflammatory disorder...,Diseases of the genitourinary...,2271,163,1.14,0.1115390335,0.96,1.34
217 ,Benign neoplasm of breast,Neoplasms,57391,4121,1.14,0.000000000000001174282,1.11,1.18
873.40 ,"Open wound of face, unspecified...",Injury and poisoning,17726,1274,1.14,0.0000090464179,1.08,1.21
890.0 ,"Open wound of hip and thigh, without...",Injury and poisoning,4711,338,1.14,0.0249456796,1.02,1.27
919.1 ,"Abrasion or friction burn of other,...",Injury and poisoning,3063,221,1.14,0.0587133569,0.99,1.31
372.72 ,Conjunctival hemorrhage,Diseases of the nervous system,17408,1255,1.14,0.0000064757249,1.08,1.21
373.12 ,Hordeolum internum,Diseases of the nervous system,102613,7317,1.14,1.991805e-24,1.11,1.17
706.3 ,Seborrhea,Diseases of the skin and subcutaneous...,18533,1327,1.14,0.0000114596,1.07,1.2
008.8 ,Intestinal infection due to other...,Infectious and parasitic diseases,3150,227,1.14,0.0573535035,0.99,1.31
709.0 ,Dyschromia,Diseases of the skin and subcutaneous...,26903,1924,1.14,0.00000015326258,1.08,1.19
629 ,Other disorders of female genital...,Diseases of the genitourinary...,21788,1551,1.13,0.0000060465842,1.07,1.19
253.4 ,Other anterior pituitary disorders,"Endocrine, nutritional and metabolic...",3689,264,1.13,0.0501759071,1,1.29
635.90 ,"Legally induced abortion, without...","Complications of pregnancy, childbirth,...",12574,893,1.13,0.000792349,1.05,1.21
873 ,Other open wound of head,Injury and poisoning,4279,305,1.13,0.0415586959,1,1.27
873.8 ,Other and unspecified open wound...,Injury and poisoning,4504,320,1.13,0.043636199,1,1.26
368.13 ,Visual discomfort,Diseases of the nervous system,53802,3812,1.13,0.000000000007247644,1.09,1.16
690 ,Erythematosquamous dermatosis,Diseases of the skin and subcutaneous...,32907,2342,1.13,0.000000026498486,1.08,1.18
373.0 ,Blepharitis,Diseases of the nervous system,6812,487,1.13,0.0090041238,1.03,1.24
373.00 ,"Blepharitis, unspecified",Diseases of the nervous system,29409,2093,1.13,0.00000015011318,1.08,1.18
704.01 ,Alopecia areata,Diseases of the skin and subcutaneous...,5098,362,1.13,0.0334387663,1.01,1.25
611 ,Other disorders of breast,Diseases of the genitourinary...,5646,404,1.13,0.0162334873,1.02,1.26
216.3 ,Benign neoplasm of skin of other...,Neoplasms,8590,609,1.12,0.0064173234,1.03,1.22
519.8 ,Other diseases of respiratory...,Diseases of the respiratory system,4550,323,1.12,0.0446970243,1,1.26
648.03 ,"Diabetes mellitus of mother, complicating...","Complications of pregnancy, childbirth,...",2456,174,1.12,0.1475105944,0.96,1.31
372.14 ,Other chronic allergic conjunctivitis,Diseases of the nervous system,190863,13324,1.12,7.891541e-31,1.1,1.14
373.1 ,Hordeolum and other deep inflammation...,Diseases of the nervous system,31528,2226,1.12,0.0000004636304,1.07,1.17
949.0 ,"Burn of unspecified site, unspecified...",Injury and poisoning,11644,823,1.12,0.0020303914,1.04,1.2
704.00 ,"Alopecia, unspecified",Diseases of the skin and subcutaneous...,4591,325,1.12,0.0490586924,1,1.26
709 ,Other disorders of skin and subcutaneous...,Diseases of the skin and subcutaneous...,5579,393,1.12,0.0393402322,1,1.24
078.1 ,Viral warts,Infectious and parasitic diseases,69408,4864,1.11,0.000000000002775422,1.08,1.15
110.1 ,Dermatophytosis of nail,Infectious and parasitic diseases,24799,1734,1.11,0.0000546242,1.05,1.16
718.40 ,"Contracture of joint, site unspecified",Diseases of the musculoskeletal...,2077,146,1.11,0.2080588078,0.93,1.32
349 ,Other and unspecified disorders...,Diseases of the nervous system,2229,156,1.11,0.2239006552,0.93,1.3
362.6 ,Peripheral retinal degeneration,Diseases of the nervous system,3848,269,1.11,0.1125032554,0.97,1.25
919.4 ,"Insect bite, nonvenomous, of other,...",Injury and poisoning,47011,3296,1.11,0.0000000091516569,1.07,1.15
371.24 ,Corneal edema due to wearing of...,Diseases of the nervous system,6817,478,1.11,0.0305280157,1.01,1.22
692.4 ,Contact dermatitis and other eczema...,Diseases of the skin and subcutaneous...,36677,2563,1.11,0.0000010304176,1.06,1.15
583 ,"Nephritis and nephropathy, not...",Diseases of the genitourinary...,1930,135,1.11,0.2625675015,0.92,1.32
693.9 ,Dermatitis due to unspecified...,Diseases of the skin and subcutaneous...,21419,1504,1.11,0.0000903111,1.05,1.17
924.21 ,Contusion of ankle,Injury and poisoning,7564,531,1.11,0.0206886812,1.02,1.21
704.8 ,Other specified diseases of hair...,Diseases of the skin and subcutaneous...,48949,3421,1.11,0.000000014166497,1.07,1.15
705.81 ,Dyshidrosis,Diseases of the skin and subcutaneous...,62671,4365,1.11,0.0000000005700075,1.07,1.14
216.9 ,"Benign neoplasm of skin, site...",Neoplasms,43929,3049,1.1,0.00000071075204,1.06,1.14
799.8 ,Other ill-defined conditions,"Comorbidities, signs, and ill-defined...",4873,340,1.1,0.0828855147,0.99,1.23
285.8 ,Other specified anemias,Diseases of the blood and blood-forming...,4100,284,1.1,0.1406137448,0.97,1.24
367.1 ,Myopia,Diseases of the nervous system,51037,3546,1.1,0.000000059807398,1.06,1.14
054.9 ,Herpes simplex without mention...,Infectious and parasitic diseases,39367,2702,1.09,0.0000487422,1.04,1.13
111.0 ,Pityriasis versicolor,Infectious and parasitic diseases,27166,1870,1.09,0.0004748245,1.04,1.14
239.3 ,Neoplasm of unspecified nature...,Neoplasms,6908,475,1.09,0.083828373,0.99,1.19
241.9 ,Unspecified nontoxic nodular goiter,"Endocrine, nutritional and metabolic...",5240,360,1.09,0.1330761722,0.97,1.21
519 ,Other diseases of respiratory...,Diseases of the respiratory system,2196,152,1.09,0.2743537042,0.92,1.29
300.3 ,Obsessive-compulsive disorders,Mental disorders,1951,134,1.09,0.3533679088,0.9,1.29
370.2 ,Other superficial keratitis without...,Diseases of the nervous system,3485,241,1.09,0.1867331828,0.96,1.25
370.49 ,Other keratoconjunctivitis,Diseases of the nervous system,8516,588,1.09,0.0428494104,1,1.19
370.9 ,Unspecified keratitis,Diseases of the nervous system,10673,733,1.09,0.0333362511,1.01,1.17
375.15 ,"Tear film insufficiency, unspecified",Diseases of the nervous system,22598,1552,1.09,0.0019393361,1.03,1.14
110.5 ,Dermatophytosis of the body,Infectious and parasitic diseases,16221,1107,1.08,0.0167799569,1.01,1.15
726.9 ,Unspecified enthesopathy,Diseases of the musculoskeletal...,5814,398,1.08,0.1318346571,0.97,1.2
727.43 ,"Ganglion, unspecified",Diseases of the musculoskeletal...,5986,409,1.08,0.1374761928,0.97,1.19
816.00 ,Closed fracture of phalanx or...,Injury and poisoning,2334,159,1.08,0.3727897103,0.91,1.26
844.2 ,Sprain of cruciate ligament of...,Injury and poisoning,2231,153,1.08,0.3395458538,0.91,1.28
372.02 ,Acute follicular conjunctivitis,Diseases of the nervous system,10378,712,1.08,0.039659354,1,1.17
372.13 ,Vernal conjunctivitis,Diseases of the nervous system,6936,475,1.08,0.0986904933,0.98,1.19
216 ,Benign neoplasm of skin,Neoplasms,9932,671,1.07,0.1079236283,0.98,1.15
296.3 ,"Major depressive disorder, recurrent...",Mental disorders,2614,177,1.07,0.3996112484,0.91,1.25
316 ,Psychic factors associated with...,Mental disorders,2086,141,1.07,0.445586223,0.89,1.27
365.9 ,Unspecified glaucoma,Diseases of the nervous system,3388,229,1.07,0.3415117503,0.93,1.22
370 ,Keratitis,Diseases of the nervous system,5777,392,1.07,0.1859672145,0.96,1.19
372.11 ,Simple chronic conjunctivitis,Diseases of the nervous system,45919,3120,1.07,0.0001466466,1.04,1.12
373.02 ,Squamous blepharitis,Diseases of the nervous system,1894,128,1.07,0.4797561498,0.88,1.28
373.13 ,Abscess of eyelid,Diseases of the nervous system,16709,1135,1.07,0.0237545466,1.01,1.14
373.2 ,Chalazion,Diseases of the nervous system,28550,1939,1.07,0.0030985243,1.02,1.12
370.0 ,Corneal ulcer,Diseases of the nervous system,2717,182,1.06,0.4788462708,0.9,1.23
370.21 ,Punctate keratitis,Diseases of the nervous system,57215,3834,1.06,0.00085611,1.02,1.09
372.10 ,"Chronic conjunctivitis, unspecified",Diseases of the nervous system,215740,14380,1.06,0.0000000011464367,1.04,1.08
580 ,Acute glomerulonephritis,Diseases of the genitourinary...,1971,133,1.06,0.4884215748,0.89,1.27
374.00 ,"Entropion, unspecified",Diseases of the nervous system,2060,139,1.06,0.4698464591,0.89,1.27
379.90 ,"Disorder of eye, unspecified",Diseases of the nervous system,4970,333,1.06,0.3226106581,0.94,1.18
709.8 ,Other specified disorders of skin,Diseases of the skin and subcutaneous...,20837,1384,1.05,0.0977736576,0.99,1.11
709.9 ,Unspecified disorder of skin and...,Diseases of the skin and subcutaneous...,116444,7703,1.05,0.0002945841,1.02,1.07
624.9 ,Unspecified noninflammatory disorder...,Diseases of the genitourinary...,2988,199,1.05,0.4995707712,0.9,1.21
652.93 ,"Unspecified malposition or malpresentation,...","Complications of pregnancy, childbirth,...",2652,177,1.05,0.4986433836,0.9,1.23
370.20 ,"Superficial keratitis, unspecified",Diseases of the nervous system,20229,1352,1.05,0.061690116,1,1.11
372.1 ,Chronic conjunctivitis,Diseases of the nervous system,59943,4003,1.05,0.0014565969,1.02,1.09
959.7 ,"Knee, leg, ankle, and foot injury",Injury and poisoning,5516,366,1.05,0.4072192398,0.94,1.16
706.2 ,Sebaceous cyst,Diseases of the skin and subcutaneous...,19140,1277,1.05,0.0815434241,0.99,1.11
373.33 ,Xeroderma of eyelid,Diseases of the nervous system,2414,160,1.04,0.5874916671,0.88,1.23
379.24 ,Other vitreous opacities,Diseases of the nervous system,17087,1128,1.04,0.2021401057,0.98,1.11
894 ,Multiple and unspecified open...,Injury and poisoning,4875,320,1.03,0.5568369438,0.92,1.16
362.63 ,Lattice degeneration,Diseases of the nervous system,3907,256,1.03,0.6226028183,0.91,1.17
914.6 ,Superficial foreign body (splinter)...,Injury and poisoning,2618,172,1.03,0.6593567154,0.88,1.21
692.71 ,Sunburn,Diseases of the skin and subcutaneous...,1892,124,1.03,0.7063693704,0.85,1.24
696.3 ,Pityriasis rosea,Diseases of the skin and subcutaneous...,12838,836,1.03,0.4905060434,0.95,1.1
698.4 ,Dermatitis factitia [artefacta],Diseases of the skin and subcutaneous...,13179,861,1.03,0.4202914191,0.96,1.1
379.99 ,Other ill-defined disorders of...,Diseases of the nervous system,4070,267,1.03,0.6069581515,0.91,1.17
839.8 ,"Closed dislocation, multiple and...",Injury and poisoning,5067,328,1.02,0.7512112548,0.91,1.14
362.10 ,"Background retinopathy, unspecified",Diseases of the nervous system,2402,156,1.02,0.7697630651,0.86,1.2
692.81 ,Dermatitis due to cosmetics,Diseases of the skin and subcutaneous...,3963,257,1.02,0.7445984971,0.9,1.16
246 ,Other disorders of thyroid,"Endocrine, nutritional and metabolic...",4775,308,1.01,0.7893897957,0.9,1.14
737.30 ,"Scoliosis [and kyphoscoliosis],...",Diseases of the musculoskeletal...,8060,520,1.01,0.7316246123,0.93,1.11
656.53 ,"Poor fetal growth, affecting management...","Complications of pregnancy, childbirth,...",7617,490,1.01,0.7958451349,0.92,1.11
367.9 ,Unspecified disorder of refraction...,Diseases of the nervous system,29421,1886,1.01,0.7359909275,0.96,1.06
692.79 ,Other dermatitis due to solar...,Diseases of the skin and subcutaneous...,11185,719,1.01,0.7707213446,0.94,1.09
229.8 ,Benign neoplasm of other specified...,Neoplasms,6903,439,1,1,0.9,1.1
370.33 ,"Keratoconjunctivitis sicca, not...",Diseases of the nervous system,2665,170,1,0.968317065,0.85,1.17
372.3 ,Other and unspecified conjunctivitis,Diseases of the nervous system,13053,828,1,0.9426183897,0.93,1.07
959.9 ,Unspecified site injury,Injury and poisoning,2678,171,1,0.9368787874,0.85,1.17
448.1 ,"Nevus, non-neoplastic",Diseases of the circulatory system,2535,160,0.99,0.9675149116,0.84,1.16
798.0 ,Sudden infant death syndrome,"Comorbidities, signs, and ill-defined...",3586,227,0.99,0.9726822178,0.87,1.14
658.03 ,"Oligohydramnios, antepartum condition...","Complications of pregnancy, childbirth,...",3490,220,0.99,0.9170751276,0.86,1.14
692.0 ,Contact dermatitis and other eczema...,Diseases of the skin and subcutaneous...,61042,3859,0.99,0.6731582511,0.96,1.03
478.22 ,Parapharyngeal abscess,Diseases of the respiratory system,2362,148,0.98,0.899282751,0.83,1.16
656.33 ,"Fetal distress, affecting management...","Complications of pregnancy, childbirth,...",3811,239,0.98,0.8420512845,0.86,1.12
706.1 ,Other acne,Diseases of the skin and subcutaneous...,371329,23229,0.98,0.0024424465,0.96,0.99
360.21 ,Progressive high (degenerative)...,Diseases of the nervous system,6117,377,0.97,0.5461833923,0.87,1.07
362.60 ,"Peripheral retinal degeneration,...",Diseases of the nervous system,6830,422,0.97,0.551156779,0.88,1.07
610.0 ,Solitary cyst of breast,Diseases of the genitourinary...,3083,190,0.97,0.6845791467,0.83,1.12
617.3 ,Endometriosis of pelvic peritoneum,Diseases of the genitourinary...,2829,174,0.96,0.6716230318,0.82,1.12
646.83 ,Other specified complications...,"Complications of pregnancy, childbirth,...",5329,328,0.96,0.5550729685,0.86,1.08
535.51 ,"Unspecified gastritis and gastroduodenitis,...",Diseases of the digestive system,2690,165,0.96,0.6636733166,0.82,1.13
897.0 ,Traumatic amputation of leg(s)...,Injury and poisoning,2544,156,0.96,0.684333173,0.81,1.13
367 ,"Infantile, juvenile, and presenile...",Diseases of the nervous system,4209,259,0.96,0.6129423626,0.85,1.09
371.89 ,Other corneal disorders,Diseases of the nervous system,3175,195,0.96,0.6362226092,0.83,1.11
372.8 ,Other disorders of conjunctiva,Diseases of the nervous system,3262,200,0.96,0.6152588942,0.83,1.11
737.3 ,Kyphoscoliosis and scoliosis,Diseases of the musculoskeletal...,2322,141,0.95,0.6096181289,0.8,1.13
371.20 ,"Corneal edema, unspecified",Diseases of the nervous system,4014,243,0.95,0.437311207,0.83,1.08
692.70 ,Unspecified dermatitis due to...,Diseases of the skin and subcutaneous...,6572,400,0.95,0.3755553281,0.86,1.06
372.21 ,Angular blepharoconjunctivitis,Diseases of the nervous system,2172,132,0.95,0.6284418015,0.79,1.14
372.39 ,Other conjunctivitis,Diseases of the nervous system,8849,535,0.95,0.2298456601,0.87,1.03
269.2 ,Unspecified vitamin deficiency,"Endocrine, nutritional and metabolic...",2564,154,0.94,0.491215488,0.79,1.11
656.63 ,"Excessive fetal growth, affecting...","Complications of pregnancy, childbirth,...",3897,233,0.94,0.340751594,0.82,1.07
361.30 ,"Retinal defect, unspecified",Diseases of the nervous system,2945,177,0.94,0.4500224962,0.8,1.1
266.9 ,Unspecified vitamin B deficiency,"Endocrine, nutritional and metabolic...",2020,119,0.92,0.4116579963,0.76,1.11
634.01 ,"Spontaneous abortion, complicated...","Complications of pregnancy, childbirth,...",7813,453,0.91,0.0409304765,0.82,1
370.00 ,"Corneal ulcer, unspecified",Diseases of the nervous system,11238,653,0.91,0.015389315,0.84,0.98
695.0 ,Toxic erythema,Diseases of the skin and subcutaneous...,5090,295,0.91,0.1011468901,0.8,1.02
372.9 ,Unspecified disorder of conjunctiva,Diseases of the nervous system,4853,283,0.91,0.1331292721,0.8,1.03
610 ,Benign mammary dysplasias,Diseases of the genitourinary...,4878,283,0.91,0.1126652339,0.8,1.02
695.3 ,Rosacea,Diseases of the skin and subcutaneous...,9426,542,0.9,0.0141131966,0.82,0.98
648.83 ,Abnormal glucose tolerance of...,"Complications of pregnancy, childbirth,...",8704,498,0.89,0.0136756793,0.81,0.98
637 ,Unspecified abortion,"Complications of pregnancy, childbirth,...",7198,407,0.88,0.0127033162,0.8,0.97
379.21 ,Vitreous degeneration,Diseases of the nervous system,6335,357,0.88,0.0164913679,0.79,0.98
238.3 ,Neoplasm of uncertain behavior...,Neoplasms,2093,117,0.87,0.1517291693,0.72,1.05
757.39 ,Other specified anomalies of skin,Congenital anomalies,5406,297,0.86,0.0080181278,0.76,0.96
533.10 ,Acute peptic ulcer of unspecified...,Diseases of the digestive system,1888,104,0.86,0.1312642082,0.7,1.05
830 ,Dislocation of jaw,Injury and poisoning,3711,203,0.85,0.0262260815,0.74,0.98
686.1 ,Pyogenic granuloma of skin and...,Diseases of the skin and subcutaneous...,2186,118,0.84,0.0654866982,0.69,1.01
371.42 ,Recurrent erosion of cornea,Diseases of the nervous system,6746,359,0.83,0.0003503606,0.74,0.92
360.9 ,Unspecified disorder of globe,Diseases of the nervous system,2608,138,0.82,0.024491494,0.69,0.98
372.56 ,Conjunctival deposits,Diseases of the nervous system,2386,124,0.81,0.0186972355,0.67,0.97
379.91 ,Pain in or around eye,Diseases of the nervous system,3303,173,0.81,0.0074165166,0.69,0.95
693.8 ,Dermatitis due to other specified...,Diseases of the skin and subcutaneous...,15103,761,0.78,0.000000000004570398,0.72,0.84
003.9 ,"Salmonella infection, unspecified",Infectious and parasitic diseases,2922,146,0.77,0.0021024859,0.65,0.91
362.9 ,Unspecified retinal disorder,Diseases of the nervous system,2756,131,0.73,0.0003731374,0.61,0.88
379.8 ,Other specified disorders of eye...,Diseases of the nervous system,6773,321,0.73,0.000000012475461,0.65,0.82
374.89 ,Other disorders of eyelid,Diseases of the nervous system,2127,96,0.7,0.0003102415,0.56,0.85
372.15 ,Parasitic conjunctivitis,Diseases of the nervous system,2688,103,0.59,0.000000011055226,0.48,0.71
