disease_2,disease_name,category,count,co_occurrence,odds_ratio,p_value,95_ci_lower,95_ci_upper
374.89 ,Other disorders of eyelid,Diseases of the nervous system,2127,137,25.76,1.23096e-135,21.46,30.71
372.15 ,Parasitic conjunctivitis,Diseases of the nervous system,2688,129,18.82,1.29013e-111,15.61,22.53
372.9 ,Unspecified disorder of conjunctiva,Diseases of the nervous system,4853,182,14.7,2.35664e-138,12.57,17.09
372.21 ,Angular blepharoconjunctivitis,Diseases of the nervous system,2172,66,11.55,2.07732e-45,8.89,14.79
373.33 ,Xeroderma of eyelid,Diseases of the nervous system,2414,59,9.22,1.179546e-35,6.99,11.95
362.9 ,Unspecified retinal disorder,Diseases of the nervous system,2756,61,8.33,1.881017e-34,6.35,10.75
367 ,"Infantile, juvenile, and presenile...",Diseases of the nervous system,4209,92,8.27,1.045277e-50,6.64,10.19
370.49 ,Other keratoconjunctivitis,Diseases of the nervous system,8516,158,7.08,3.249274e-76,5.99,8.31
646.91 ,"Unspecified complication of pregnancy,...","Complications of pregnancy, childbirth,...",3026,55,6.81,4.281992e-27,5.11,8.9
570 ,Acute and subacute necrosis of...,Diseases of the digestive system,2149,38,6.6,7.99806e-19,4.65,9.1
367.9 ,Unspecified disorder of refraction...,Diseases of the nervous system,29421,463,6.33,9.51708e-196,5.73,6.97
669.91 ,Unspecified complication of labor...,"Complications of pregnancy, childbirth,...",3513,58,6.17,2.048908e-26,4.67,8.01
372.02 ,Acute follicular conjunctivitis,Diseases of the nervous system,10378,148,5.4,3.535696e-57,4.55,6.37
646.01 ,"Papyraceous fetus, delivered,...","Complications of pregnancy, childbirth,...",4566,60,4.9,2.348049e-22,3.72,6.33
367.53 ,Spasm of accommodation,Diseases of the nervous system,4819,63,4.87,2.79114e-23,3.73,6.26
372.20 ,"Blepharoconjunctivitis, unspecified",Diseases of the nervous system,13050,166,4.82,2.59245e-57,4.1,5.63
371.20 ,"Corneal edema, unspecified",Diseases of the nervous system,4014,51,4.72,1.207725e-18,3.51,6.23
640.91 ,Unspecified hemorrhage in early...,"Complications of pregnancy, childbirth,...",3942,44,4.14,0.00000000000002305992,3,5.57
373.13 ,Abscess of eyelid,Diseases of the nervous system,16709,178,4.03,1.044197e-50,3.45,4.69
372 ,Disorders of conjunctiva,Diseases of the nervous system,9203,99,4.02,3.887784e-29,3.26,4.91
710.9 ,Unspecified diffuse connective...,Diseases of the musculoskeletal...,2516,27,3.97,0.0000000047287282,2.61,5.79
003.0 ,Salmonella gastroenteritis,Infectious and parasitic diseases,3465,37,3.95,0.000000000008796272,2.77,5.47
643.91 ,"Unspecified vomiting of pregnancy,...","Complications of pregnancy, childbirth,...",2528,27,3.95,0.0000000052149168,2.59,5.76
537.89 ,Other specified disorders of stomach...,Diseases of the digestive system,2056,22,3.95,0.00000012561377,2.47,6.01
370 ,Keratitis,Diseases of the nervous system,5777,60,3.86,1.372142e-17,2.93,4.98
374.00 ,"Entropion, unspecified",Diseases of the nervous system,2060,20,3.58,0.0000019808523,2.18,5.55
372.56 ,Conjunctival deposits,Diseases of the nervous system,2386,23,3.56,0.00000039914114,2.25,5.35
474.0 ,Chronic tonsillitis,Diseases of the respiratory system,9381,86,3.41,4.072642e-21,2.72,4.23
362.60 ,"Peripheral retinal degeneration,...",Diseases of the nervous system,6830,62,3.37,0.000000000000001791919,2.57,4.33
370.20 ,"Superficial keratitis, unspecified",Diseases of the nervous system,20229,180,3.36,5.849468e-41,2.87,3.9
656.31 ,"Fetal distress, affecting management...","Complications of pregnancy, childbirth,...",2306,21,3.36,0.0000029778223,2.07,5.15
372.12 ,Chronic follicular conjunctivitis,Diseases of the nervous system,5662,51,3.33,0.000000000000696547,2.48,4.4
380.23 ,Other chronic otitis externa,Diseases of the nervous system,3563,31,3.21,0.000000042467177,2.17,4.57
372.00 ,"Acute conjunctivitis, unspecified",Diseases of the nervous system,191409,1350,3.19,1.29856e-235,3,3.4
372.54 ,Conjunctival concretions,Diseases of the nervous system,21290,175,3.09,1.133252e-35,2.64,3.6
455.9 ,Residual hemorrhoidal skin tags,Diseases of the circulatory system,3248,27,3.06,0.00000071790842,2.01,4.47
705.89 ,Other specified disorders of sweat...,Diseases of the skin and subcutaneous...,2679,22,3.02,0.0000087604096,1.89,4.59
519 ,Other diseases of respiratory...,Diseases of the respiratory system,2196,18,3.02,0.0000561407,1.78,4.78
930.1 ,Foreign body in conjunctival sac,Injury and poisoning,40303,308,2.93,1.281166e-55,2.6,3.29
372.2 ,Blepharoconjunctivitis,Diseases of the nervous system,3266,26,2.93,0.0000024635435,1.91,4.31
372.0 ,Acute conjunctivitis,Diseases of the nervous system,24519,189,2.9,6.808694e-35,2.49,3.36
372.13 ,Vernal conjunctivitis,Diseases of the nervous system,6936,54,2.88,0.00000000003362782,2.16,3.77
368.13 ,Visual discomfort,Diseases of the nervous system,53802,395,2.84,6.305286e-67,2.56,3.15
373.00 ,"Blepharitis, unspecified",Diseases of the nervous system,29409,220,2.83,1.452371e-38,2.46,3.24
375.15 ,"Tear film insufficiency, unspecified",Diseases of the nervous system,22598,169,2.81,7.04072e-30,2.39,3.27
372.14 ,Other chronic allergic conjunctivitis,Diseases of the nervous system,190863,1212,2.77,3.60073e-171,2.59,2.95
728.9 ,"Unspecified disorder of muscle,...",Diseases of the musculoskeletal...,20313,150,2.76,3.875256e-26,2.33,3.25
995.3 ,"Allergy, unspecified, not elsewhere...",Injury and poisoning,23333,171,2.75,3.010146e-29,2.35,3.2
726.8 ,Other peripheral enthesopathies,Diseases of the musculoskeletal...,2279,17,2.74,0.0002647637,1.59,4.41
276.9 ,Electrolyte and fluid disorders...,"Endocrine, nutritional and metabolic...",3232,24,2.73,0.0000179101,1.75,4.08
799.8 ,Other ill-defined conditions,"Comorbidities, signs, and ill-defined...",4873,36,2.72,0.00000019654329,1.9,3.78
365.9 ,Unspecified glaucoma,Diseases of the nervous system,3388,25,2.72,0.0000134647,1.75,4.02
789.9 ,Other symptoms involving abdomen...,"Comorbidities, signs, and ill-defined...",9503,69,2.69,0.000000000001605822,2.09,3.41
780.59 ,Other sleep disturbances,"Comorbidities, signs, and ill-defined...",3716,27,2.67,0.000008195351,1.76,3.9
722.1 ,Displacement of thoracic or lumbar...,Diseases of the musculoskeletal...,2345,17,2.66,0.0003648798,1.55,4.28
374.05 ,Trichiasis of eyelid without entropion,Diseases of the nervous system,12036,86,2.65,0.00000000000001174513,2.11,3.28
708.1 ,Idiopathic urticaria,Diseases of the skin and subcutaneous...,12269,87,2.63,0.00000000000001027521,2.1,3.25
381.00 ,"Acute nonsuppurative otitis media,...",Diseases of the nervous system,5526,39,2.6,0.00000019659685,1.84,3.56
786.59 ,Other chest pain,"Comorbidities, signs, and ill-defined...",11585,81,2.59,0.0000000000001506074,2.05,3.23
842.01 ,Sprain of carpal (joint) of wrist,Injury and poisoning,2128,15,2.59,0.0010321403,1.45,4.28
918.1 ,Superficial injury of cornea,Injury and poisoning,31541,215,2.57,3.374509e-32,2.23,2.95
574.2 ,Calculus of gallbladder without...,Diseases of the digestive system,2716,19,2.57,0.0002648683,1.54,4.03
621.5 ,Intrauterine synechiae,Diseases of the genitourinary...,2726,19,2.56,0.0002769803,1.54,4.01
723.3 ,Cervicobrachial syndrome (diffuse),Diseases of the musculoskeletal...,3019,21,2.56,0.0001405416,1.58,3.92
372.53 ,Conjunctival xerosis,Diseases of the nervous system,3875,27,2.56,0.0000169009,1.69,3.74
493.91 ,"Asthma, unspecified type, with...",Diseases of the respiratory system,3665,25,2.51,0.0000473558,1.62,3.71
461.0 ,Acute maxillary sinusitis,Diseases of the respiratory system,25653,171,2.5,9.220385e-25,2.13,2.91
646.8 ,Other specified complications...,"Complications of pregnancy, childbirth,...",2988,20,2.46,0.0003243319,1.5,3.81
614.2 ,Salpingitis and oophoritis not...,Diseases of the genitourinary...,30073,196,2.45,4.073081e-27,2.11,2.82
614.1 ,Chronic salpingitis and oophoritis,Diseases of the genitourinary...,2408,16,2.44,0.0013086804,1.39,3.97
639.9 ,Unspecified complication following...,"Complications of pregnancy, childbirth,...",7570,50,2.44,0.00000005230799,1.8,3.22
637.90 ,"Unspecified abortion, without...","Complications of pregnancy, childbirth,...",9999,65,2.4,0.0000000006177246,1.85,3.07
360.9 ,Unspecified disorder of globe,Diseases of the nervous system,2608,17,2.39,0.0011546338,1.39,3.84
372.10 ,"Chronic conjunctivitis, unspecified",Diseases of the nervous system,215740,1199,2.37,1.00067e-126,2.22,2.53
787.7 ,Abnormal feces,"Comorbidities, signs, and ill-defined...",4681,30,2.36,0.0000305299,1.59,3.37
595.89 ,Other specified types of cystitis,Diseases of the genitourinary...,2022,13,2.36,0.0046239919,1.25,4.05
571.8 ,Other chronic nonalcoholic liver...,Diseases of the digestive system,2966,19,2.35,0.0010446068,1.41,3.68
519.8 ,Other diseases of respiratory...,Diseases of the respiratory system,4550,29,2.34,0.0000450571,1.57,3.37
272 ,Disorders of lipoid metabolism,"Endocrine, nutritional and metabolic...",2354,15,2.34,0.0042502979,1.31,3.87
372.30 ,"Conjunctivitis, unspecified",Diseases of the nervous system,219742,1205,2.34,2.07267e-123,2.19,2.5
370.9 ,Unspecified keratitis,Diseases of the nervous system,10673,67,2.32,0.0000000013562737,1.79,2.95
087.9 ,"Relapsing fever, unspecified",Infectious and parasitic diseases,1903,12,2.31,0.0073272931,1.19,4.06
789 ,Other symptoms involving abdomen...,"Comorbidities, signs, and ill-defined...",15450,96,2.3,0.000000000001147898,1.86,2.82
573.9 ,Unspecified disorder of liver,Diseases of the digestive system,6912,43,2.29,0.0000014085708,1.65,3.09
719.44 ,"Pain in joint, hand",Diseases of the musculoskeletal...,2100,13,2.27,0.0093976778,1.21,3.9
477.0 ,Allergic rhinitis due to pollen,Diseases of the respiratory system,3553,22,2.27,0.0005347709,1.42,3.45
995.2 ,Unspecified adverse effect od...,Injury and poisoning,3099,19,2.25,0.00144472,1.35,3.52
532.30 ,Acute duodenal ulcer without mention...,Diseases of the digestive system,2287,14,2.25,0.0070168255,1.23,3.78
693.1 ,Dermatitis due to food taken internally,Diseases of the skin and subcutaneous...,3770,23,2.24,0.0004720353,1.42,3.37
629.9 ,Unspecified disorder of female...,Diseases of the genitourinary...,36357,216,2.23,9.698142e-25,1.94,2.56
370.21 ,Punctate keratitis,Diseases of the nervous system,57215,333,2.21,4.881081e-36,1.97,2.48
483 ,Pneumonia due to other specified...,Diseases of the respiratory system,2010,12,2.19,0.0149386407,1.13,3.84
883 ,Open wound of finger(s),Injury and poisoning,5066,30,2.18,0.0001246665,1.46,3.11
596.5 ,Other functional disorders of...,Diseases of the genitourinary...,5942,35,2.17,0.0000475766,1.51,3.02
367.1 ,Myopia,Diseases of the nervous system,51037,292,2.16,1.700556e-30,1.92,2.44
353.2 ,"Cervical root lesions, not elsewhere...",Diseases of the nervous system,3760,22,2.15,0.0013547106,1.34,3.26
535.10 ,"Atrophic gastritis, without mention...",Diseases of the digestive system,2576,15,2.14,0.0068676722,1.19,3.53
389.10 ,"Sensorineural hearing loss, unspecified",Diseases of the nervous system,2408,14,2.13,0.0092181596,1.16,3.59
250 ,Diabetes mellitus,"Endocrine, nutritional and metabolic...",4477,26,2.13,0.0004671146,1.39,3.13
532.90 ,"Duodenal ulcer, unspecified as...",Diseases of the digestive system,11470,66,2.12,0.000000048567633,1.64,2.71
656.33 ,"Fetal distress, affecting management...","Complications of pregnancy, childbirth,...",3811,22,2.12,0.0014892677,1.33,3.22
300.9 ,Unspecified nonpsychotic mental...,Mental disorders,30740,175,2.12,1.73406e-18,1.82,2.47
591 ,Hydronephrosis,Diseases of the genitourinary...,3989,23,2.12,0.0011356849,1.34,3.18
379.24 ,Other vitreous opacities,Diseases of the nervous system,17087,98,2.12,0.0000000000465834,1.72,2.59
720.0 ,Ankylosing spondylitis,Diseases of the musculoskeletal...,3835,22,2.11,0.0015637552,1.32,3.2
726.4 ,Enthesopathy of wrist and carpus,Diseases of the musculoskeletal...,3124,18,2.11,0.0049515675,1.25,3.35
842.10 ,"Sprain of hand, unspecified site",Injury and poisoning,2088,12,2.11,0.0175405139,1.09,3.69
238.3 ,Neoplasm of uncertain behavior...,Neoplasms,2093,12,2.1,0.0177370318,1.08,3.68
372.1 ,Chronic conjunctivitis,Diseases of the nervous system,59943,332,2.1,5.066866e-32,1.87,2.35
041.9 ,"Bacterial infection, unspecified,...",Infectious and parasitic diseases,16678,94,2.08,0.0000000002290521,1.68,2.56
380.13 ,Other acute infections of external...,Diseases of the nervous system,2480,14,2.07,0.0110818816,1.13,3.48
527.2 ,Sialoadenitis,Diseases of the digestive system,2663,15,2.07,0.0086713677,1.15,3.42
370.33 ,"Keratoconjunctivitis sicca, not...",Diseases of the nervous system,2665,15,2.06,0.0087187793,1.15,3.41
571 ,Chronic liver disease and cirrhosis,Diseases of the digestive system,3916,22,2.06,0.0018722989,1.29,3.13
719.47 ,"Pain in joint, ankle and foot",Diseases of the musculoskeletal...,2681,15,2.05,0.0138031533,1.15,3.39
454.9 ,Asymptomatic varicose veins,Diseases of the circulatory system,1963,11,2.05,0.0262621836,1.02,3.69
930.0 ,Corneal foreign body,Injury and poisoning,26815,148,2.05,0.000000000000008792934,1.73,2.42
216.7 ,Benign neoplasm of skin of lower...,Neoplasms,2504,14,2.05,0.0118035836,1.12,3.45
729.9 ,Other and unspecified disorders...,Diseases of the musculoskeletal...,5767,32,2.04,0.0003183889,1.39,2.88
702.1 ,Seborrheic keratosis,Diseases of the skin and subcutaneous...,3055,17,2.04,0.0077492757,1.19,3.28
524.62 ,"Temporomandibular joint disorders,...",Diseases of the digestive system,2716,15,2.03,0.0143446038,1.13,3.35
786.3 ,Hemoptysis,"Comorbidities, signs, and ill-defined...",3976,22,2.03,0.0021629484,1.27,3.08
560.9 ,Unspecified intestinal obstruction,Diseases of the digestive system,4723,26,2.02,0.0011011869,1.32,2.97
530.2 ,Ulcer of esophagus,Diseases of the digestive system,3104,17,2.01,0.008409079,1.17,3.22
715.90 ,"Osteoarthrosis, unspecified whether...",Diseases of the musculoskeletal...,14385,78,2,0.000000036411332,1.58,2.5
239.8 ,"Neoplasms of unspecified nature,...",Neoplasms,2204,12,2,0.0230729012,1.03,3.5
372.39 ,Other conjunctivitis,Diseases of the nervous system,8849,48,2,0.0000146152,1.47,2.65
386.19 ,Other peripheral vertigo,Diseases of the nervous system,2767,15,1.99,0.0153508791,1.11,3.29
537.9 ,Unspecified disorder of stomach...,Diseases of the digestive system,4049,22,1.99,0.003517642,1.25,3.03
923.9 ,Contusion of unspecified part...,Injury and poisoning,9138,49,1.97,0.0000189589,1.46,2.61
009.3 ,Diarrhea of presumed infectious...,Infectious and parasitic diseases,16722,89,1.97,0.000000010676431,1.57,2.43
054.2 ,Herpetic gingivostomatitis,Infectious and parasitic diseases,4466,24,1.97,0.0022461059,1.26,2.94
477 ,Allergic rhinitis,Diseases of the respiratory system,30568,162,1.97,0.00000000000001345079,1.67,2.31
215.9 ,Other benign neoplasm of connective...,Neoplasms,5581,30,1.97,0.0007034625,1.33,2.82
558.2 ,Toxic gastroenteritis and colitis,Diseases of the digestive system,4089,22,1.97,0.0037168827,1.23,3
692.1 ,Contact dermatitis and other eczema...,Diseases of the skin and subcutaneous...,5399,29,1.97,0.0009132816,1.32,2.84
307.40 ,"Nonorganic sleep disorder, unspecified",Mental disorders,3346,18,1.97,0.0072739798,1.17,3.13
610.1 ,Diffuse cystic mastopathy,Diseases of the genitourinary...,14492,77,1.96,0.00000010152573,1.54,2.46
490 ,"Bronchitis, not specified as acute...",Diseases of the respiratory system,43827,229,1.96,2.539436e-19,1.71,2.24
610.2 ,Fibroadenosis of breast,Diseases of the genitourinary...,8502,45,1.95,0.0000607608,1.42,2.61
386.11 ,Benign paroxysmal positional vertigo,Diseases of the nervous system,4526,24,1.95,0.0025265134,1.24,2.9
367.2 ,Astigmatism,Diseases of the nervous system,2470,13,1.93,0.0299483268,1.02,3.31
726.90 ,Enthesopathy of unspecified site,Diseases of the musculoskeletal...,35297,183,1.93,0.000000000000001875029,1.66,2.24
097.9 ,"Syphilis, unspecified",Infectious and parasitic diseases,2281,12,1.93,0.0399103484,0.99,3.38
493.90 ,"Asthma, unspecified type, unspecified",Diseases of the respiratory system,36997,191,1.93,6.830807e-16,1.66,2.23
693.9 ,Dermatitis due to unspecified...,Diseases of the skin and subcutaneous...,21419,111,1.92,0.0000000006618575,1.57,2.32
388.3 ,Tinitus,Diseases of the nervous system,5568,29,1.91,0.0017526307,1.28,2.75
737.9 ,Unspecified curvature of spine,Diseases of the musculoskeletal...,1923,10,1.91,0.0473841596,0.91,3.51
535.51 ,"Unspecified gastritis and gastroduodenitis,...",Diseases of the digestive system,2690,14,1.91,0.0239075794,1.04,3.21
540.9 ,Acute appendicitis without mention...,Diseases of the digestive system,10183,53,1.91,0.0000226222,1.43,2.51
590.9 ,"Infection of kidney, unspecified",Diseases of the genitourinary...,5604,29,1.9,0.0018083784,1.27,2.73
371.24 ,Corneal edema due to wearing of...,Diseases of the nervous system,6817,35,1.89,0.0006408381,1.31,2.63
921.3 ,Contusion of eyeball,Injury and poisoning,2515,13,1.89,0.0318852554,1.01,3.25
381.01 ,Acute serous otitis media,Diseases of the nervous system,2730,14,1.88,0.0255941281,1.03,3.16
780.50 ,"Sleep disturbance, unspecified","Comorbidities, signs, and ill-defined...",16071,82,1.88,0.00000028154233,1.49,2.34
641.13 ,"Hemorrhage from placenta previa,...","Complications of pregnancy, childbirth,...",2336,12,1.88,0.0425645638,0.97,3.3
272.2 ,Mixed hyperlipidemia,"Endocrine, nutritional and metabolic...",7612,39,1.88,0.0003648059,1.34,2.58
691 ,Atopic dermatitis and related...,Diseases of the skin and subcutaneous...,2534,13,1.88,0.032812247,1,3.22
670.04 ,"Major puerperal infection, postpartum...","Complications of pregnancy, childbirth,...",2151,11,1.87,0.0568828834,0.93,3.36
915.0 ,"Abrasion or friction burn of finger(s),...",Injury and poisoning,2758,14,1.86,0.026909782,1.01,3.13
386.2 ,Vertigo of central origin,Diseases of the nervous system,4720,24,1.86,0.0047137933,1.19,2.78
300.02 ,Generalized anxiety disorder,Mental disorders,8501,43,1.86,0.0002273626,1.34,2.51
370.40 ,"Keratoconjunctivitis, unspecified",Diseases of the nervous system,9755,49,1.85,0.0000865987,1.36,2.45
847.0 ,Sprain of neck,Injury and poisoning,19387,97,1.85,0.00000005214479,1.49,2.26
571.49 ,Other chronic hepatitis,Diseases of the digestive system,7165,36,1.84,0.0008769272,1.29,2.56
571.9 ,Unspecified chronic liver disease...,Diseases of the digestive system,9592,48,1.84,0.0001132253,1.35,2.44
719.46 ,"Pain in joint, lower leg",Diseases of the musculoskeletal...,5014,25,1.83,0.0060297672,1.18,2.71
721.3 ,Lumbosacral spondylosis without...,Diseases of the musculoskeletal...,15128,75,1.83,0.000002200549,1.43,2.3
466.1 ,Acute bronchiolitis,Diseases of the respiratory system,99542,476,1.83,7.224532e-31,1.66,2.01
491.8 ,Other chronic bronchitis,Diseases of the respiratory system,2808,14,1.83,0.0295413759,1,3.07
704.9 ,Unspecified disease of hair and...,Diseases of the skin and subcutaneous...,2814,14,1.82,0.0431119258,0.99,3.07
724.79 ,Other disorders of coccyx,Diseases of the musculoskeletal...,3832,19,1.82,0.0183551715,1.09,2.85
477.9 ,"Allergic rhinitis, cause unspecified",Diseases of the respiratory system,202709,924,1.82,1.975764e-53,1.7,1.96
117.9 ,Other and unspecified mycoses,Infectious and parasitic diseases,9673,48,1.82,0.0001267571,1.34,2.42
487.0 ,Influenza with pneumonia,Diseases of the respiratory system,7041,35,1.82,0.0011964523,1.27,2.54
532 ,Duodenal ulcer,Diseases of the digestive system,5861,29,1.82,0.0035237176,1.21,2.61
788.0 ,Renal colic,"Comorbidities, signs, and ill-defined...",6034,30,1.82,0.0026890177,1.23,2.61
845.10 ,"Sprain of foot, unspecified site",Injury and poisoning,2817,14,1.82,0.0432036042,0.99,3.06
300.01 ,Panic disorder without agoraphobia,Mental disorders,2820,14,1.82,0.0432970805,0.99,3.06
592 ,Calculus of kidney and ureter,Diseases of the genitourinary...,3213,16,1.82,0.0253984018,1.04,2.97
924.9 ,Contusion of unspecified site,Injury and poisoning,25193,123,1.81,0.0000000028786043,1.5,2.16
362.6 ,Peripheral retinal degeneration,Diseases of the nervous system,3848,19,1.81,0.018582096,1.09,2.83
727.01 ,Synovitis and tenosynovitis in...,Diseases of the musculoskeletal...,2037,10,1.8,0.0822974336,0.86,3.32
373.2 ,Chalazion,Diseases of the nervous system,28550,139,1.8,0.0000000003469309,1.51,2.14
701.1 ,"Keratoderma, acquired",Diseases of the skin and subcutaneous...,12901,63,1.8,0.0000202734,1.38,2.3
528.9 ,Other and unspecified diseases...,Diseases of the digestive system,50290,241,1.79,4.898233e-16,1.57,2.04
702.8 ,Other specified dermatoses,Diseases of the skin and subcutaneous...,7168,35,1.79,0.001379304,1.25,2.5
470 ,Deviated nasal septum,Diseases of the respiratory system,15544,75,1.78,0.0000064413436,1.39,2.23
386.9 ,Unspecified vertiginous syndromes...,Diseases of the nervous system,14389,69,1.77,0.0000184278,1.37,2.24
623.9 ,Unspecified noninflammatory disorder...,Diseases of the genitourinary...,2271,11,1.77,0.0662816589,0.88,3.18
473 ,Chronic sinusitis,Diseases of the respiratory system,3108,15,1.77,0.0365297652,0.99,2.92
353.4 ,"Lumbosacral root lesions, not...",Diseases of the nervous system,2271,11,1.77,0.0662816589,0.88,3.18
353.9 ,Unspecified nerve root and plexus...,Diseases of the nervous system,2071,10,1.77,0.0856292336,0.85,3.26
700 ,Corns and callosities,Diseases of the skin and subcutaneous...,10387,50,1.77,0.0002108293,1.31,2.34
079.9 ,Unspecified viral and chlamydial...,Infectious and parasitic diseases,7508,36,1.76,0.0017472078,1.23,2.44
531 ,Gastric ulcer,Diseases of the digestive system,5423,26,1.76,0.0083910407,1.15,2.58
597.89 ,Other urethritis,Diseases of the genitourinary...,4796,23,1.76,0.0117091624,1.11,2.64
370.0 ,Corneal ulcer,Diseases of the nervous system,2717,13,1.75,0.0612352325,0.93,3
533.10 ,Acute peptic ulcer of unspecified...,Diseases of the digestive system,1888,9,1.75,0.11427945,0.8,3.32
788.3 ,Incontinence of urine,"Comorbidities, signs, and ill-defined...",3558,17,1.75,0.0339590046,1.02,2.81
289.3 ,"Lymphadenitis, unspecified, except...",Diseases of the blood and blood-forming...,8582,41,1.75,0.0008432188,1.26,2.39
008.6 ,"Virus Enteritis, specified",Infectious and parasitic diseases,3784,18,1.74,0.0270990381,1.03,2.76
788.4 ,Frequency of urination and polyuria,"Comorbidities, signs, and ill-defined...",25273,119,1.74,0.000000038683697,1.44,2.09
798.0 ,Sudden infant death syndrome,"Comorbidities, signs, and ill-defined...",3586,17,1.74,0.034735644,1.01,2.79
719.45 ,"Pain in joint, pelvic region and...",Diseases of the musculoskeletal...,1902,9,1.73,0.1159630052,0.79,3.3
477.8 ,Allergic rhinitis due to other...,Diseases of the respiratory system,12084,57,1.73,0.0001511316,1.31,2.25
300.09 ,Other anxiety states,Mental disorders,5735,27,1.73,0.0074752083,1.14,2.52
916.1 ,"Abrasion or friction burn of hip,...",Injury and poisoning,4045,19,1.72,0.0231702297,1.03,2.69
345.9 ,"Epilepsy, unspecified",Diseases of the nervous system,1919,9,1.72,0.1181307538,0.78,3.27
373.0 ,Blepharitis,Diseases of the nervous system,6812,32,1.72,0.0048332782,1.18,2.44
910 ,"Superficial injury of face, neck,...",Injury and poisoning,2556,12,1.72,0.082406467,0.89,3.01
531.90 ,"Gastric ulcer, unspecified as...",Diseases of the digestive system,15515,72,1.71,0.0000277312,1.33,2.16
578.1 ,Blood in stool,Diseases of the digestive system,2351,11,1.71,0.0749116238,0.85,3.07
923.3 ,Contusion of finger,Injury and poisoning,3447,16,1.7,0.0469525793,0.97,2.77
229.8 ,Benign neoplasm of other specified...,Neoplasms,6903,32,1.7,0.0051873776,1.16,2.41
530.1 ,Esophagitis,Diseases of the digestive system,23411,108,1.7,0.00000040248403,1.39,2.06
461.8 ,Other acute sinusitis,Diseases of the respiratory system,32652,149,1.69,0.0000000047534048,1.43,1.99
472.0 ,Chronic rhinitis,Diseases of the respiratory system,86269,385,1.69,6.355425e-20,1.52,1.87
219.9 ,"Benign neoplasm of uterus, part...",Neoplasms,9109,42,1.69,0.001666982,1.22,2.29
727.05 ,Other tenosynovitis of hand and...,Diseases of the musculoskeletal...,5451,25,1.68,0.0132681648,1.09,2.49
684 ,Impetigo,Diseases of the skin and subcutaneous...,4786,22,1.68,0.0249210752,1.05,2.56
599.9 ,Unspecified disorder of urethra...,Diseases of the genitourinary...,6592,30,1.67,0.0087649526,1.12,2.39
370.00 ,"Corneal ulcer, unspecified",Diseases of the nervous system,11238,51,1.67,0.0007363857,1.24,2.2
726.0 ,Adhesive capsulitis of shoulder,Diseases of the musculoskeletal...,3069,14,1.67,0.0792736668,0.91,2.81
473.9 ,Unspecified sinusitis (chronic),Diseases of the respiratory system,33525,151,1.67,0.0000000098991538,1.41,1.96
242 ,Thyrotoxicosis with or without...,"Endocrine, nutritional and metabolic...",4619,21,1.67,0.032409449,1.03,2.55
250.90 ,"Diabetes with unspecified complication,...","Endocrine, nutritional and metabolic...",3500,16,1.67,0.0492870549,0.96,2.73
078.89 ,Other specified diseases due to...,Infectious and parasitic diseases,2425,11,1.66,0.113132961,0.83,2.98
799.9 ,Other unknown and unspecified...,"Comorbidities, signs, and ill-defined...",2871,13,1.66,0.0722147849,0.88,2.84
666.14 ,"Other immediate postpartum hemorrhage,...","Complications of pregnancy, childbirth,...",5519,25,1.66,0.0189088138,1.07,2.46
307.41 ,Transient disorder of initiating...,Mental disorders,3085,14,1.66,0.0799825629,0.91,2.79
380.22 ,Other acute otitis externa,Diseases of the nervous system,25437,114,1.65,0.00000084503798,1.36,1.99
413.9 ,Other and unspecified angina pectoris,Diseases of the circulatory system,4225,19,1.65,0.0373790712,0.99,2.58
009 ,Ill-defined intestinal infections,Infectious and parasitic diseases,6226,28,1.65,0.0141321641,1.09,2.39
112.9 ,Candidiasis of unspecified site,Infectious and parasitic diseases,7354,33,1.65,0.0069422449,1.13,2.32
573.3 ,"Hepatitis, unspecified",Diseases of the digestive system,14702,66,1.65,0.0001764985,1.27,2.11
582.9 ,Chronic glomerulonephritis with...,Diseases of the genitourinary...,5766,26,1.65,0.0156033256,1.08,2.43
611.6 ,Galactorrhea not associated with...,Diseases of the genitourinary...,2685,12,1.64,0.093048025,0.84,2.87
239.2 ,Neoplasm of unspecified nature...,Neoplasms,4922,22,1.64,0.0275862145,1.02,2.49
597.8 ,Other urethritis,Diseases of the genitourinary...,2010,9,1.64,0.1319613249,0.75,3.12
381.60 ,"Obstruction of Eustachian tube,...",Diseases of the nervous system,2242,10,1.63,0.1491880946,0.78,3.01
427.9 ,"Cardiac dysrhythmia, unspecified",Diseases of the circulatory system,21946,97,1.63,0.0000089203273,1.32,1.99
924.20 ,Contusion of foot,Injury and poisoning,9887,44,1.63,0.002572288,1.18,2.2
478.1 ,Other diseases of nasal cavity...,Diseases of the respiratory system,42771,188,1.63,0.0000000009310888,1.4,1.89
491.9 ,Unspecified chronic bronchitis,Diseases of the respiratory system,22636,100,1.63,0.000006681727,1.32,1.99
533 ,"Peptic ulcer, site unspecified",Diseases of the digestive system,19933,88,1.63,0.0000287748,1.3,2.01
825.25 ,Closed fracture of metatarsal...,Injury and poisoning,2249,10,1.63,0.1498353689,0.78,3
847.2 ,Sprain of lumbar,Injury and poisoning,26292,116,1.63,0.0000012996619,1.34,1.96
571.41 ,Chronic persistent hepatitis,Diseases of the digestive system,4280,19,1.63,0.0395603891,0.98,2.54
465.9 ,Acute upper respiratory infections...,Diseases of the respiratory system,1408969,4192,1.62,1.23452e-34,1.49,1.75
782.3 ,Edema,"Comorbidities, signs, and ill-defined...",13822,61,1.62,0.0004173049,1.24,2.09
241.0 ,Nontoxic uninodular goiter,"Endocrine, nutritional and metabolic...",2038,9,1.62,0.1369428136,0.74,3.08
845.09 ,Other sprains and strains of ankle,Injury and poisoning,9303,41,1.62,0.0037443857,1.16,2.2
682.0 ,Cellulitis and abscess of face,Diseases of the skin and subcutaneous...,4072,18,1.62,0.0490667538,0.96,2.56
692.9 ,"Contact dermatitis and other eczema,...",Diseases of the skin and subcutaneous...,460660,1760,1.62,9.132736e-56,1.53,1.72
373.12 ,Hordeolum internum,Diseases of the nervous system,102613,438,1.62,3.050191e-19,1.46,1.78
715 ,Osteoarthrosis and allied disorders,Diseases of the musculoskeletal...,5675,25,1.61,0.0214885262,1.04,2.39
933.1 ,Foreign body in larynx,Injury and poisoning,8868,39,1.61,0.0055713057,1.14,2.21
726.19 ,Other specified disorders of bursae...,Diseases of the musculoskeletal...,2276,10,1.61,0.1525425291,0.77,2.97
215 ,Other benign neoplasm of connective...,Neoplasms,2043,9,1.61,0.1378669753,0.74,3.07
523.0 ,Acute gingivitis,Diseases of the digestive system,5679,25,1.61,0.0215741753,1.04,2.39
276.5 ,Volume depletion,"Endocrine, nutritional and metabolic...",11434,50,1.61,0.0016164038,1.19,2.12
692.2 ,Contact dermatitis and other eczema...,Diseases of the skin and subcutaneous...,2041,9,1.61,0.1374960644,0.74,3.07
597 ,"Urethritis, not sexually transmitted,...",Diseases of the genitourinary...,2733,12,1.61,0.0982870072,0.83,2.81
644 ,Early or threatened labor,"Complications of pregnancy, childbirth,...",6657,29,1.6,0.0178268461,1.07,2.3
784.2 ,"Swelling, mass, or lump in head...","Comorbidities, signs, and ill-defined...",8477,37,1.6,0.0065663403,1.12,2.21
913 ,"Superficial ilnjury of elbow,...",Injury and poisoning,2992,13,1.59,0.11005122,0.85,2.73
380.15 ,Chronic mycotic otitis externa,Diseases of the nervous system,7624,33,1.59,0.0112797755,1.09,2.23
716.90 ,"Arthropathy, unspecified, site...",Diseases of the musculoskeletal...,17065,74,1.59,0.0002139669,1.25,2.01
493 ,Asthma,Diseases of the respiratory system,8748,38,1.59,0.0072375173,1.13,2.19
531.30 ,Acute gastric ulcer without mention...,Diseases of the digestive system,4390,19,1.58,0.0574532497,0.95,2.48
280.9 ,"Iron deficiency anemia, unspecified",Diseases of the blood and blood-forming...,18365,79,1.58,0.0001555306,1.25,1.98
565.0 ,Anal fissure,Diseases of the digestive system,6950,30,1.58,0.0203909306,1.07,2.26
300.00 ,"Anxiety state, unspecified",Mental disorders,53554,227,1.58,0.0000000003385204,1.37,1.8
911.0 ,"Abrasion or friction burn of trunk,...",Injury and poisoning,4201,18,1.57,0.0728662777,0.93,2.49
380.4 ,Impacted cerumen,Diseases of the nervous system,32246,137,1.57,0.0000011612641,1.31,1.86
611.71 ,Mastodynia,Diseases of the genitourinary...,25822,110,1.57,0.0000110215,1.29,1.9
381.81 ,Dysfunction of Eustachian tube,Diseases of the nervous system,22014,94,1.57,0.0000524738,1.27,1.93
922.9 ,Contusion of unspecified part...,Injury and poisoning,10286,44,1.57,0.005738506,1.14,2.11
625.2 ,Mittelschmerz,Diseases of the genitourinary...,4893,21,1.57,0.0526936101,0.97,2.41
724.02 ,"Spinal stenosis, lumbar region,...",Diseases of the musculoskeletal...,2330,10,1.57,0.1589359214,0.75,2.9
009.2 ,Infectious diarrhea,Infectious and parasitic diseases,33523,142,1.57,0.00000083105953,1.31,1.85
726.10 ,Disorders of bursae and tendons...,Diseases of the musculoskeletal...,4201,18,1.57,0.0728662777,0.93,2.49
639.8 ,Other specified complications...,"Complications of pregnancy, childbirth,...",2095,9,1.57,0.2008746999,0.72,2.99
595.9 ,"Cystitis, unspecified",Diseases of the genitourinary...,64199,270,1.57,0.0000000000141698,1.38,1.77
615 ,"Inflammatory diseases of uterus,...",Diseases of the genitourinary...,9414,40,1.56,0.0074420707,1.11,2.13
455.2 ,Internal hemorrhoids with other...,Diseases of the circulatory system,6821,29,1.56,0.0261722052,1.04,2.24
472.1 ,Chronic pharyngitis,Diseases of the respiratory system,29841,126,1.56,0.0000041998645,1.29,1.86
274.9 ,"Gout, unspecified","Endocrine, nutritional and metabolic...",8928,38,1.56,0.0105825069,1.1,2.15
695.3 ,Rosacea,Diseases of the skin and subcutaneous...,9426,40,1.56,0.0096919886,1.11,2.12
379.21 ,Vitreous degeneration,Diseases of the nervous system,6335,27,1.56,0.0288626686,1.03,2.28
382.00 ,Acute suppurative otitis media...,Diseases of the nervous system,7103,30,1.55,0.0221927751,1.04,2.21
616.9 ,Unspecified inflammatory disease...,Diseases of the genitourinary...,372621,1417,1.55,4.960416e-41,1.46,1.65
478.9 ,Other and unspecified diseases...,Diseases of the respiratory system,19942,84,1.55,0.0001699902,1.23,1.92
691.8 ,Other atopic dermatitis and related...,Diseases of the skin and subcutaneous...,51632,215,1.55,0.0000000042140607,1.34,1.77
914.6 ,Superficial foreign body (splinter)...,Injury and poisoning,2618,11,1.54,0.1835139432,0.77,2.76
131.00 ,"Urogenital trichomoniasis, unspecified",Infectious and parasitic diseases,9511,40,1.54,0.0100548815,1.1,2.1
241.9 ,Unspecified nontoxic nodular goiter,"Endocrine, nutritional and metabolic...",5240,22,1.54,0.0614560669,0.96,2.33
788.1 ,Dysuria,"Comorbidities, signs, and ill-defined...",8328,35,1.54,0.0150953527,1.07,2.15
272.0 ,Pure hypercholesterolemia,"Endocrine, nutritional and metabolic...",3331,14,1.54,0.1303493059,0.84,2.59
240 ,Simple and unspecified goiter,"Endocrine, nutritional and metabolic...",2157,9,1.53,0.2088531548,0.7,2.91
564.1 ,Irritable bowel syndrome,Diseases of the digestive system,67940,279,1.53,0.00000000008040521,1.35,1.73
617.0 ,Endometriosis of uterus,Diseases of the genitourinary...,11344,47,1.52,0.0066088165,1.11,2.03
531.9 ,"Gastric ulcer, unspecified as...",Diseases of the digestive system,2406,10,1.52,0.1700463075,0.73,2.8
656.3 ,Fetal distress affecting management...,"Complications of pregnancy, childbirth,...",3860,16,1.52,0.1189920471,0.87,2.47
682 ,Other cellulitis and abscess,Diseases of the skin and subcutaneous...,5783,24,1.52,0.0566111699,0.97,2.27
873.49 ,Open wound of other and multiple...,Injury and poisoning,2898,12,1.52,0.1509033405,0.78,2.65
372.72 ,Conjunctival hemorrhage,Diseases of the nervous system,17408,72,1.52,0.0009822089,1.19,1.92
722.10 ,Displacement of lumbar intervertebral...,Diseases of the musculoskeletal...,16252,67,1.51,0.0014652575,1.17,1.93
528.2 ,Oral aphthae,Diseases of the digestive system,22206,91,1.51,0.0002788076,1.21,1.86
646.9 ,Unspecified complication of pregnancy,"Complications of pregnancy, childbirth,...",5564,23,1.51,0.0529187707,0.96,2.28
372.11 ,Simple chronic conjunctivitis,Diseases of the nervous system,45919,187,1.51,0.00000022625879,1.3,1.75
464.21 ,Acute laryngotracheitis with obstruction,Diseases of the respiratory system,6356,26,1.5,0.0525404907,0.98,2.2
464.4 ,Croup,Diseases of the respiratory system,3670,15,1.5,0.1137363583,0.84,2.47
034.0 ,Streptococcal sore throat,Infectious and parasitic diseases,6122,25,1.5,0.0493407201,0.97,2.21
729.2 ,"Neuralgia, neuritis, and radiculitis,...",Diseases of the musculoskeletal...,33305,135,1.5,0.0000133348,1.25,1.78
643.9 ,Unspecified vomiting of pregnancy,"Complications of pregnancy, childbirth,...",5116,21,1.5,0.0788606275,0.93,2.3
535.4 ,Other specified gastritis,Diseases of the digestive system,9996,41,1.5,0.0123375838,1.08,2.04
719.40 ,"Pain in joint, site unspecified",Diseases of the musculoskeletal...,20780,84,1.49,0.0006349447,1.18,1.84
460 ,Acute nasopharyngitis [common...,Diseases of the respiratory system,722846,2462,1.49,3.354912e-44,1.41,1.58
110.5 ,Dermatophytosis of the body,Infectious and parasitic diseases,16221,66,1.49,0.0024212723,1.15,1.91
253.1 ,Other and unspecified anterior...,"Endocrine, nutritional and metabolic...",11786,48,1.49,0.0078421116,1.1,1.98
300.0 ,Anxiety states,Mental disorders,23444,95,1.49,0.0002532512,1.2,1.83
879.8 ,Open wound(s) (multiple) of unspecified...,Injury and poisoning,18504,75,1.49,0.0011102359,1.17,1.87
592.9 ,"Urinary calculus, unspecified",Diseases of the genitourinary...,14275,58,1.49,0.0037313466,1.13,1.93
617.9 ,"Endometriosis, site unspecified",Diseases of the genitourinary...,19606,79,1.48,0.0009510344,1.17,1.85
625.8 ,Other specified symptoms associated...,Diseases of the genitourinary...,2970,12,1.48,0.1598313297,0.76,2.59
729.1 ,"Myalgia and myositis, unspecified",Diseases of the musculoskeletal...,115933,454,1.48,0.00000000000006825362,1.34,1.63
780.5 ,Sleep disturbance,"Comorbidities, signs, and ill-defined...",15167,61,1.48,0.0038026593,1.13,1.9
845.0 ,Sprains and strains of ankle,Injury and poisoning,4206,17,1.48,0.1039245747,0.86,2.37
306.9 ,Unspecified psychophysiological...,Mental disorders,13855,56,1.48,0.0053292712,1.12,1.93
924.10 ,Contusion of lower leg,Injury and poisoning,8730,35,1.47,0.0302042278,1.02,2.05
455 ,Hemorrhoids,Diseases of the circulatory system,9220,37,1.47,0.0270475023,1.03,2.03
110.1 ,Dermatophytosis of nail,Infectious and parasitic diseases,24799,99,1.47,0.0003676096,1.19,1.79
246.9 ,Unspecified disorder of thyroid,"Endocrine, nutritional and metabolic...",19195,77,1.47,0.0013483725,1.16,1.85
698.3 ,Lichenification and lichen simplex...,Diseases of the skin and subcutaneous...,33648,134,1.47,0.0000305175,1.23,1.74
379.90 ,"Disorder of eye, unspecified",Diseases of the nervous system,4970,20,1.47,0.0999124056,0.9,2.28
626.2 ,Excessive or frequent menstruation,Diseases of the genitourinary...,77688,304,1.46,0.0000000014238113,1.29,1.64
077.1 ,Epidemic keratoconjunctivitis,Infectious and parasitic diseases,26460,105,1.46,0.000285792,1.19,1.77
729.5 ,Pain in limb,Diseases of the musculoskeletal...,8773,35,1.46,0.0308213717,1.02,2.04
641.9 ,Unspecified antepartum hemorrhage,"Complications of pregnancy, childbirth,...",3756,15,1.46,0.1553352273,0.82,2.42
533.90 ,"Peptic ulcer of unspecified site,...",Diseases of the digestive system,76708,300,1.46,0.0000000021561053,1.29,1.64
703.0 ,Ingrowing nail,Diseases of the skin and subcutaneous...,3254,13,1.46,0.1750734325,0.78,2.51
379.93 ,Redness or discharge of eye,Diseases of the nervous system,2016,8,1.45,0.2795048763,0.63,2.87
706.9 ,Unspecified disease of sebaceous...,Diseases of the skin and subcutaneous...,2266,9,1.45,0.2274758912,0.66,2.76
382.3 ,Unspecified chronic suppurative...,Diseases of the nervous system,2015,8,1.45,0.2793312144,0.63,2.87
621.3 ,Endometrial cystic hyperplasia,Diseases of the genitourinary...,5548,22,1.45,0.0920904318,0.91,2.2
461.9 ,"Acute sinusitis, unspecified",Diseases of the respiratory system,552337,1925,1.45,7.596449e-36,1.37,1.54
623.8 ,Other specified noninflammatory...,Diseases of the genitourinary...,3540,14,1.45,0.1929021294,0.79,2.43
216.9 ,"Benign neoplasm of skin, site...",Neoplasms,43929,172,1.45,0.0000068786654,1.23,1.69
681.00 ,"Cellulitis and abscess of finger,...",Diseases of the skin and subcutaneous...,2011,8,1.45,0.2786420105,0.63,2.87
708.8 ,Other specified urticaria,Diseases of the skin and subcutaneous...,22735,89,1.44,0.0013522779,1.15,1.78
388.30 ,"Tinnitus, unspecified",Diseases of the nervous system,16793,66,1.44,0.0046897542,1.11,1.84
724.3 ,Sciatica,Diseases of the musculoskeletal...,27625,108,1.44,0.000385341,1.18,1.74
465.0 ,Acute laryngopharyngitis,Diseases of the respiratory system,449464,1595,1.44,1.841979e-31,1.36,1.53
626.7 ,Postcoital bleeding,Diseases of the genitourinary...,3313,13,1.44,0.1813533539,0.76,2.46
486 ,"Pneumonia, organism unspecified",Diseases of the respiratory system,22399,88,1.44,0.0012441892,1.16,1.78
242.90 ,Thyrotoxicosis without mention...,"Endocrine, nutritional and metabolic...",24474,96,1.44,0.0006870736,1.17,1.77
569.9 ,Unspecified disorder of intestine,Diseases of the digestive system,7900,31,1.44,0.0510937491,0.97,2.04
578.9 ,Hemorrhage of gastrointestinal...,Diseases of the digestive system,8391,33,1.44,0.0454755612,0.99,2.03
345.90 ,"Epilepsy, unspecified, without...",Diseases of the nervous system,4068,16,1.44,0.1723156506,0.82,2.34
599.7 ,Hematuria,Diseases of the genitourinary...,22652,88,1.43,0.0016591298,1.14,1.76
455.5 ,External hemorrhoids with other...,Diseases of the circulatory system,2562,10,1.43,0.2512987481,0.68,2.63
722 ,Intervertebral disc disorders,Diseases of the musculoskeletal...,3071,12,1.43,0.221343188,0.74,2.5
622.7 ,Mucous polyp of cervix,Diseases of the genitourinary...,4856,19,1.43,0.1276247877,0.86,2.24
011.90 ,"Pulmonary tuberculosis, unspecified,...",Infectious and parasitic diseases,3327,13,1.43,0.1830073523,0.76,2.45
628.0 ,"Infertility, female, associated...",Diseases of the genitourinary...,32353,126,1.43,0.0001342115,1.19,1.71
640.93 ,Unspecified hemorrhage in early...,"Complications of pregnancy, childbirth,...",8439,33,1.43,0.0463659555,0.98,2.02
242.00 ,Toxic diffuse goiter without mention...,"Endocrine, nutritional and metabolic...",10765,42,1.43,0.0259131102,1.03,1.94
346.9 ,"Migraine, unspecified",Diseases of the nervous system,25782,100,1.43,0.0007593978,1.16,1.74
599.0 ,"Urinary tract infection, site...",Diseases of the genitourinary...,214263,791,1.42,7.033352e-18,1.31,1.53
757.39 ,Other specified anomalies of skin,Congenital anomalies,5406,21,1.42,0.1155458388,0.88,2.18
784.7 ,Epistaxis,"Comorbidities, signs, and ill-defined...",18623,72,1.42,0.0047018302,1.11,1.79
644.03 ,"Threatened premature labor, antepartum...","Complications of pregnancy, childbirth,...",41241,159,1.42,0.0000320931,1.21,1.67
785.1 ,Palpitations,"Comorbidities, signs, and ill-defined...",28149,109,1.42,0.0005401328,1.17,1.72
535.50 ,"Unspecified gastritis and gastroduodenitis,...",Diseases of the digestive system,175562,655,1.42,0.000000000000001459636,1.31,1.54
683 ,Acute lymphadenitis,Diseases of the skin and subcutaneous...,8022,31,1.42,0.0671363469,0.96,2.01
349.89 ,Other specified disorders of nervous...,Diseases of the nervous system,2054,8,1.42,0.2864985544,0.61,2.81
919.8 ,Other and unspecified superficial...,Injury and poisoning,4926,19,1.41,0.131946999,0.85,2.21
709.2 ,Scar conditions and fibrosis of...,Diseases of the skin and subcutaneous...,10628,41,1.41,0.0318497045,1.01,1.92
922.3 ,Contusion of back,Injury and poisoning,19285,74,1.41,0.0054268946,1.1,1.77
626.9 ,Unspecified disorders of menstruation...,Diseases of the genitourinary...,315274,1135,1.41,8.491516e-23,1.32,1.51
633.9 ,Unspecified ectopic pregnancy,"Complications of pregnancy, childbirth,...",22166,85,1.41,0.0028456757,1.12,1.75
728.89 ,"Other disorders of muscle, ligament,...",Diseases of the musculoskeletal...,9338,36,1.41,0.0461730885,0.99,1.96
253.8 ,Other disorders of the pituitary...,"Endocrine, nutritional and metabolic...",3113,12,1.41,0.2259095731,0.73,2.47
692.79 ,Other dermatitis due to solar...,Diseases of the skin and subcutaneous...,11185,43,1.41,0.0291224626,1.02,1.9
380.10 ,"Infective otitis externa, unspecified",Diseases of the nervous system,93723,351,1.4,0.0000000084124667,1.25,1.56
922.8 ,Contusion of multiple sites of...,Injury and poisoning,4977,19,1.4,0.1710640683,0.84,2.19
726.32 ,Lateral epicondylitis,Diseases of the musculoskeletal...,5240,20,1.4,0.142862094,0.85,2.16
478.6 ,Edema of larynx,Diseases of the respiratory system,3929,15,1.4,0.2170693038,0.78,2.31
729.4 ,"Fasciitis, unspecified",Diseases of the musculoskeletal...,56583,214,1.4,0.00000447355,1.21,1.61
780.6 ,Fever,"Comorbidities, signs, and ill-defined...",125123,466,1.4,0.00000000004742813,1.27,1.54
278.0 ,Obesity,"Endocrine, nutritional and metabolic...",11523,44,1.4,0.0313880137,1.01,1.88
854.09 ,Intracranial injury of other and...,Injury and poisoning,3653,14,1.4,0.2018637578,0.77,2.36
372.3 ,Other and unspecified conjunctivitis,Diseases of the nervous system,13053,50,1.4,0.0226830662,1.04,1.86
592.0 ,Calculus of kidney,Diseases of the genitourinary...,12056,46,1.4,0.0283690467,1.02,1.87
362.63 ,Lattice degeneration,Diseases of the nervous system,3907,15,1.4,0.2157984712,0.78,2.32
472.2 ,Chronic nasopharyngitis,Diseases of the respiratory system,34653,131,1.39,0.000335393,1.16,1.66
640.01 ,"Threatened abortion, delivered,...","Complications of pregnancy, childbirth,...",3417,13,1.39,0.2464513333,0.74,2.38
280.0 ,Iron deficiency anemia secondary...,Diseases of the blood and blood-forming...,6075,23,1.39,0.1373846302,0.88,2.08
300.4 ,Dysthymic disorder,Mental disorders,30179,114,1.39,0.0008450484,1.14,1.67
357.4 ,Polyneuropathy in other diseases...,Diseases of the nervous system,2097,8,1.39,0.2952997922,0.6,2.76
708.9 ,"Urticaria, unspecified",Diseases of the skin and subcutaneous...,178348,649,1.38,0.0000000000002038006,1.27,1.5
386.00 ,"Minihre's disease, unspecified",Diseases of the nervous system,11168,42,1.38,0.0449897126,0.99,1.87
463 ,Acute tonsillitis,Diseases of the respiratory system,713881,2343,1.38,2.866298e-29,1.31,1.46
053.9 ,Herpes zoster without mention...,Infectious and parasitic diseases,12993,49,1.38,0.0281889845,1.02,1.83
494 ,Bronchiectasis,Diseases of the respiratory system,2907,11,1.38,0.2812766154,0.69,2.48
239.3 ,Neoplasm of unspecified nature...,Neoplasms,6908,26,1.38,0.1054065049,0.9,2.02
533.30 ,Acute peptic ulcer of unspecified...,Diseases of the digestive system,6889,26,1.38,0.1046031357,0.9,2.03
274.0 ,"Gouty arthropathy, unspecified","Endocrine, nutritional and metabolic...",7140,27,1.38,0.1100576932,0.91,2.02
571.4 ,Chronic hepatitis,Diseases of the digestive system,33421,125,1.38,0.0007064547,1.14,1.64
692.89 ,Contact dermatitis and other eczema...,Diseases of the skin and subcutaneous...,42734,160,1.38,0.0001191414,1.17,1.62
583.9 ,"Nephritis and nephropathy, not...",Diseases of the genitourinary...,4522,17,1.38,0.1964426289,0.8,2.21
694.0 ,Dermatitis herpetiformis,Diseases of the skin and subcutaneous...,2118,8,1.38,0.2999212815,0.6,2.73
360.21 ,Progressive high (degenerative)...,Diseases of the nervous system,6117,23,1.38,0.1389324812,0.87,2.07
704.8 ,Other specified diseases of hair...,Diseases of the skin and subcutaneous...,48949,182,1.37,0.0000635145,1.18,1.59
924.3 ,Contusion of toe,Injury and poisoning,2660,10,1.37,0.2668864136,0.66,2.53
722.2 ,Displacement of intervertebral...,Diseases of the musculoskeletal...,9624,36,1.37,0.0628577239,0.96,1.9
959.9 ,Unspecified site injury,Injury and poisoning,2678,10,1.37,0.3486641161,0.65,2.52
727.04 ,Radial styloid tenosynovitis,Diseases of the musculoskeletal...,4261,16,1.37,0.186711171,0.78,2.24
782.1 ,Rash and other nonspecific skin...,"Comorbidities, signs, and ill-defined...",15225,57,1.37,0.0234229383,1.04,1.78
241.1 ,Nontoxic multinodular goiter,"Endocrine, nutritional and metabolic...",2664,10,1.37,0.3474811777,0.66,2.53
536 ,Disorders of function of stomach,Diseases of the digestive system,23344,87,1.37,0.0054250146,1.09,1.69
285.9 ,"Anemia, unspecified",Diseases of the blood and blood-forming...,49139,182,1.37,0.0000788442,1.17,1.59
681.9 ,Cellulitis and abscess of unspecified...,Diseases of the skin and subcutaneous...,11726,44,1.37,0.040904805,1,1.85
873.40 ,"Open wound of face, unspecified...",Injury and poisoning,17726,66,1.37,0.0167961679,1.05,1.74
695.0 ,Toxic erythema,Diseases of the skin and subcutaneous...,5090,19,1.37,0.1768818219,0.82,2.14
362.10 ,"Background retinopathy, unspecified",Diseases of the nervous system,2402,9,1.37,0.323618832,0.63,2.61
370.2 ,Other superficial keratitis without...,Diseases of the nervous system,3485,13,1.36,0.2528142153,0.73,2.34
708.0 ,Allergic urticaria,Diseases of the skin and subcutaneous...,64995,238,1.36,0.000012586,1.18,1.54
462 ,Acute pharyngitis,Diseases of the respiratory system,534798,1797,1.36,2.279028e-24,1.28,1.44
977.9 ,Poisoning by unspecified drug...,Injury and poisoning,5649,21,1.36,0.1590800581,0.84,2.08
466.0 ,Acute bronchitis,Diseases of the respiratory system,621707,2052,1.36,4.071573e-25,1.28,1.44
070.30 ,Viral hepatitis B without mention...,Infectious and parasitic diseases,26001,96,1.36,0.0048511534,1.1,1.66
216.3 ,Benign neoplasm of skin of other...,Neoplasms,8590,32,1.36,0.0960881916,0.93,1.93
780.7 ,Malaise and fatigue,"Comorbidities, signs, and ill-defined...",50560,186,1.36,0.0000836669,1.17,1.57
218.9 ,"Leiomyoma of uterus, unspecified",Neoplasms,23248,86,1.36,0.0065213796,1.08,1.68
785.0 ,"Tachycardia, unspecified","Comorbidities, signs, and ill-defined...",2426,9,1.36,0.3273862492,0.62,2.58
791.0 ,Proteinuria,"Comorbidities, signs, and ill-defined...",4306,16,1.36,0.2388201783,0.78,2.21
564.0 ,Constipation,Diseases of the digestive system,153791,556,1.36,0.0000000000420571,1.24,1.49
682.7 ,"Cellulitis and abscess of foot,...",Diseases of the skin and subcutaneous...,2680,10,1.36,0.3488404718,0.65,2.52
692.5 ,Contact dermatitis and other eczema...,Diseases of the skin and subcutaneous...,5395,20,1.36,0.1889161933,0.83,2.1
386 ,Vertiginous syndromes and other...,Diseases of the nervous system,7300,27,1.35,0.115646747,0.89,1.97
717.7 ,Chondromalacia of patella,Diseases of the musculoskeletal...,7041,26,1.35,0.1354542973,0.88,1.98
455.0 ,Internal hemorrhoids without mention...,Diseases of the circulatory system,7328,27,1.35,0.1169714201,0.89,1.97
727.89 ,"Other disorders of synovium, tendon,...",Diseases of the musculoskeletal...,2433,9,1.35,0.3285344064,0.62,2.57
536.9 ,Unspecified functional disorder...,Diseases of the digestive system,254539,896,1.35,0.000000000000003867857,1.25,1.45
564 ,"Functional digestive disorders,...",Diseases of the digestive system,31559,116,1.35,0.0022857837,1.11,1.63
692.71 ,Sunburn,Diseases of the skin and subcutaneous...,1892,7,1.35,0.3743686747,0.54,2.79
581.9 ,Nephrotic syndrome with unspecified...,Diseases of the genitourinary...,2434,9,1.35,0.3287002192,0.62,2.57
389.9 ,Unspecified hearing loss,Diseases of the nervous system,5168,19,1.34,0.1825413601,0.81,2.1
625.3 ,Dysmenorrhea,Diseases of the genitourinary...,114657,411,1.34,0.000000053014803,1.21,1.48
726.71 ,Achilles bursitis or tendinitis,Diseases of the musculoskeletal...,2179,8,1.34,0.4049256879,0.58,2.65
070.9 ,Unspecified viral hepatitis without...,Infectious and parasitic diseases,6575,24,1.34,0.1549375292,0.85,1.99
733.00 ,"Osteoporosis, unspecified",Diseases of the musculoskeletal...,2724,10,1.34,0.3531763199,0.64,2.47
640.0 ,Threatened abortion,"Complications of pregnancy, childbirth,...",40354,147,1.34,0.0007317406,1.13,1.58
487.8 ,Influenza with other manifestations,Diseases of the respiratory system,38762,141,1.34,0.0009803469,1.12,1.58
842.09 ,Other sprains and strains of wrist,Injury and poisoning,4372,16,1.34,0.2432651355,0.76,2.18
848.9 ,Unspecified site of sprain and...,Injury and poisoning,65057,235,1.34,0.0000303397,1.17,1.52
307.81 ,Tension headache,Mental disorders,28448,104,1.34,0.0041709925,1.09,1.63
597.80 ,"Urethritis, unspecified",Diseases of the genitourinary...,24356,89,1.34,0.0078490418,1.07,1.66
706.3 ,Seborrhea,Diseases of the skin and subcutaneous...,18533,67,1.33,0.0280717418,1.03,1.69
724.4 ,Thoracic or lumbosacral neuritis...,Diseases of the musculoskeletal...,3579,13,1.33,0.3321305943,0.71,2.28
625.9 ,Unspecified symptom associated...,Diseases of the genitourinary...,13252,48,1.33,0.0547310719,0.98,1.76
465.8 ,Acute upper respiratory infections...,Diseases of the respiratory system,190515,669,1.33,0.00000000004880578,1.22,1.44
473.8 ,Other chronic sinusitis,Diseases of the respiratory system,2205,8,1.33,0.4084153451,0.57,2.62
491 ,Chronic bronchitis,Diseases of the respiratory system,5791,21,1.33,0.2051833502,0.82,2.03
780.2 ,Syncope and collapse,"Comorbidities, signs, and ill-defined...",11843,43,1.33,0.0765796924,0.96,1.79
784.0 ,Headache,"Comorbidities, signs, and ill-defined...",295966,1019,1.33,0.000000000000007617829,1.24,1.42
854.00 ,Intracranial injury of other and...,Injury and poisoning,14071,51,1.33,0.0512545578,0.99,1.75
698.1 ,Pruritus of genital organs,Diseases of the skin and subcutaneous...,63875,230,1.33,0.0000500588,1.16,1.52
386.10 ,"Peripheral vertigo, unspecified",Diseases of the nervous system,8287,30,1.32,0.1383541651,0.89,1.9
715.9 ,"Osteoarthrosis, unspecified whether...",Diseases of the musculoskeletal...,4430,16,1.32,0.2481618711,0.75,2.15
626.8 ,Other disorders of menstruation...,Diseases of the genitourinary...,239962,830,1.32,0.000000000002182012,1.22,1.42
110.2 ,Dermatophytosis of hand,Infectious and parasitic diseases,2222,8,1.32,0.4108797238,0.57,2.6
478.5 ,Other diseases of vocal cords,Diseases of the respiratory system,57485,206,1.32,0.0001577021,1.14,1.52
737.30 ,"Scoliosis [and kyphoscoliosis],...",Diseases of the musculoskeletal...,8060,29,1.32,0.1346899145,0.88,1.89
229.9 ,Benign neoplasm of unspecified...,Neoplasms,2484,9,1.32,0.3375452245,0.6,2.52
296.90 ,Unspecified episodic mood disorder,Mental disorders,2773,10,1.32,0.358995906,0.63,2.43
614.6 ,"Pelvic peritoneal adhesions, female...",Diseases of the genitourinary...,6986,25,1.31,0.1686668369,0.85,1.94
714.0 ,Rheumatoid arthritis,Diseases of the musculoskeletal...,8083,29,1.31,0.1635294528,0.88,1.89
626 ,Disorders of menstruation and...,Diseases of the genitourinary...,47652,169,1.31,0.0009931984,1.11,1.52
491.0 ,Simple chronic bronchitis,Diseases of the respiratory system,5882,21,1.31,0.2105552262,0.81,2
493.00 ,"Extrinsic asthma, unspecified",Diseases of the respiratory system,4744,17,1.31,0.2629229958,0.76,2.1
786.51 ,Precordial pain,"Comorbidities, signs, and ill-defined...",4472,16,1.31,0.2522656847,0.75,2.13
536.8 ,Dyspepsia and other specified...,Diseases of the digestive system,123064,432,1.31,0.00000025770369,1.18,1.45
285 ,Other and unspecified anemias,Diseases of the blood and blood-forming...,2515,9,1.31,0.4390471855,0.6,2.49
881.00 ,"Open wound of forearm, without...",Injury and poisoning,9197,33,1.31,0.1318403218,0.9,1.85
698.8 ,Other specified pruritic conditions,Diseases of the skin and subcutaneous...,16788,60,1.31,0.0445878047,1,1.69
381.4 ,"Nonsuppurative otitis media, not...",Diseases of the nervous system,4220,15,1.3,0.299119738,0.73,2.15
709.0 ,Dyschromia,Diseases of the skin and subcutaneous...,26903,95,1.3,0.0157517525,1.05,1.59
923.20 ,Contusion of hand(s),Injury and poisoning,6764,24,1.3,0.1984307758,0.83,1.94
620.1 ,Corpus luteum cyst or hematoma,Diseases of the genitourinary...,5361,19,1.3,0.2384871926,0.78,2.03
622.0 ,Erosion and ectropion of cervix,Diseases of the genitourinary...,85130,298,1.3,0.0000261046,1.15,1.46
723.1 ,Cervicalgia,Diseases of the musculoskeletal...,16569,59,1.3,0.0515127957,0.99,1.69
780.4 ,Dizziness and giddiness,"Comorbidities, signs, and ill-defined...",193042,664,1.3,0.0000000016721343,1.19,1.41
644.1 ,Other threatened labor,"Complications of pregnancy, childbirth,...",1972,7,1.3,0.5109539822,0.52,2.68
787.0 ,Nausea and vomiting,"Comorbidities, signs, and ill-defined...",83804,293,1.3,0.0000353545,1.15,1.46
790.6 ,Other abnormal blood chemistry,"Comorbidities, signs, and ill-defined...",2242,8,1.3,0.4139577983,0.56,2.58
535.00 ,"Acute gastritis, without mention...",Diseases of the digestive system,214336,738,1.3,0.0000000001183271,1.2,1.41
564.9 ,Unspecified functional disorder...,Diseases of the digestive system,166184,574,1.3,0.000000015895699,1.19,1.42
873.8 ,Other and unspecified open wound...,Injury and poisoning,4504,16,1.3,0.3139366474,0.74,2.11
614.3 ,Acute parametritis and pelvic...,Diseases of the genitourinary...,21941,77,1.29,0.0317628326,1.01,1.61
386.12 ,Vestibular neuronitis,Diseases of the nervous system,5950,21,1.29,0.2605987373,0.8,1.98
616.1 ,Vaginitis and vulvovaginitis,Diseases of the genitourinary...,96717,337,1.29,0.000010716,1.15,1.45
724.2 ,Lumbago,Diseases of the musculoskeletal...,136079,470,1.29,0.00000038021356,1.17,1.42
625.6 ,"Stress incontinence, female",Diseases of the genitourinary...,2544,9,1.29,0.4418425203,0.59,2.46
626.1 ,Scanty or infrequent menstruation,Diseases of the genitourinary...,29536,104,1.29,0.0114687118,1.05,1.57
054.9 ,Herpes simplex without mention...,Infectious and parasitic diseases,39367,138,1.29,0.0046129347,1.08,1.53
728.85 ,Spasm of muscle,Diseases of the musculoskeletal...,9062,32,1.29,0.1567451519,0.88,1.83
110.4 ,Dermatophytosis of foot,Infectious and parasitic diseases,73647,257,1.29,0.0001322979,1.13,1.46
133.0 ,Scabies,Infectious and parasitic diseases,9099,32,1.29,0.1579483349,0.88,1.82
217 ,Benign neoplasm of breast,Neoplasms,57391,201,1.29,0.0006372054,1.12,1.49
786.09 ,Other respiratory abnormalities,"Comorbidities, signs, and ill-defined...",9923,35,1.29,0.146918899,0.9,1.8
556 ,Idiopathic proctocolitis,Diseases of the digestive system,3961,14,1.29,0.3570221881,0.71,2.17
296.2 ,"Major depressive disorder, single...",Mental disorders,4239,15,1.29,0.3007954021,0.72,2.14
367.20 ,"Astigmatism, unspecified",Diseases of the nervous system,3422,12,1.28,0.4084720073,0.66,2.24
414.9 ,"Chronic ischemic heart disease,...",Diseases of the circulatory system,5726,20,1.28,0.2538756671,0.78,1.98
719.4 ,Pain in joint,Diseases of the musculoskeletal...,7171,25,1.28,0.2125646828,0.82,1.89
723.0 ,Spinal stenosis in cervical region,Diseases of the musculoskeletal...,2287,8,1.28,0.4215584748,0.55,2.53
009.0 ,"Infectious colitis, enteritis,...",Infectious and parasitic diseases,85675,296,1.28,0.0000754903,1.13,1.44
240.0 ,"Goiter, specified as simple","Endocrine, nutritional and metabolic...",4862,17,1.28,0.3327330926,0.74,2.05
844.9 ,Sprains and strains of unspecified...,Injury and poisoning,9716,34,1.28,0.1443638079,0.89,1.79
611.0 ,Inflammatory disease of breast,Diseases of the genitourinary...,24855,86,1.27,0.0322307351,1.01,1.57
382.4 ,Unspecified suppurative otitis...,Diseases of the nervous system,2582,9,1.27,0.4460652836,0.58,2.42
722.91 ,"Other and unspecified disc disorder,...",Diseases of the musculoskeletal...,2007,7,1.27,0.5148539479,0.51,2.63
728 ,"Disorders of muscle, ligament,...",Diseases of the musculoskeletal...,8914,31,1.27,0.1851346317,0.86,1.81
215.2 ,Other benign neoplasm of connective...,Neoplasms,2012,7,1.27,0.5154615899,0.51,2.63
533.9 ,"Peptic ulcer, site unspecified,...",Diseases of the digestive system,30731,106,1.27,0.0205405636,1.03,1.54
282.4 ,Thalassemias,Diseases of the blood and blood-forming...,5749,20,1.27,0.255661398,0.78,1.97
698.9 ,Unspecified pruritic disorder,Diseases of the skin and subcutaneous...,57291,197,1.27,0.0017317411,1.09,1.46
919.0 ,"Abrasion or friction burn of other,...",Injury and poisoning,23043,79,1.26,0.0488882563,0.99,1.57
616.2 ,Cyst of Bartholin's gland,Diseases of the genitourinary...,5221,18,1.26,0.2896199126,0.75,2
726.9 ,Unspecified enthesopathy,Diseases of the musculoskeletal...,5814,20,1.26,0.311923994,0.77,1.95
493.9 ,"Asthma, unspecified",Diseases of the respiratory system,9310,32,1.26,0.1951184855,0.86,1.78
780.52 ,"Insomnia, unspecified","Comorbidities, signs, and ill-defined...",50709,173,1.26,0.0043954816,1.07,1.46
644.10 ,"Other threatened labor, unspecified...","Complications of pregnancy, childbirth,...",3775,13,1.26,0.3508637575,0.67,2.16
532.9 ,"Duodenal ulcer, unspecified as...",Diseases of the digestive system,3485,12,1.26,0.4134053642,0.65,2.2
787.3 ,"Flatulence, eructation, and gas...","Comorbidities, signs, and ill-defined...",52612,180,1.26,0.0034395953,1.08,1.46
256.3 ,Other ovarian failure,"Endocrine, nutritional and metabolic...",2903,10,1.26,0.47222069,0.6,2.32
826.0 ,Closed fracture of one or more...,Injury and poisoning,2031,7,1.26,0.5178818858,0.51,2.6
558.9 ,Other and unspecified noninfectious...,Diseases of the digestive system,545251,1742,1.26,0.00000000000002641014,1.19,1.34
690 ,Erythematosquamous dermatosis,Diseases of the skin and subcutaneous...,32907,113,1.26,0.01896247,1.04,1.52
346.0 ,Classical migraine,Diseases of the nervous system,2909,10,1.26,0.472724874,0.6,2.32
611.72 ,Lump or mass in breast,Diseases of the genitourinary...,32545,111,1.25,0.0243412931,1.03,1.51
614.9 ,Unspecified inflammatory disease...,Diseases of the genitourinary...,226594,749,1.25,0.00000007338033,1.15,1.35
455.6 ,Unspecified hemorrhoids without...,Diseases of the circulatory system,40718,139,1.25,0.0109031808,1.05,1.49
722.93 ,"Other and unspecified disc disorder,...",Diseases of the musculoskeletal...,5270,18,1.25,0.3525226496,0.74,1.98
631 ,Other abnormal product of conception,"Complications of pregnancy, childbirth,...",23833,81,1.25,0.0529319729,0.99,1.55
729.0 ,"Rheumatism, unspecified and fibrositis",Diseases of the musculoskeletal...,4979,17,1.25,0.3400598079,0.73,2
643 ,Excessive vomiting in pregnancy,"Complications of pregnancy, childbirth,...",8202,28,1.25,0.2424491639,0.83,1.81
528.0 ,Stomatitis,Diseases of the digestive system,23529,80,1.25,0.0591201198,0.99,1.55
784.1 ,Throat pain,"Comorbidities, signs, and ill-defined...",30409,104,1.25,0.0266072383,1.02,1.52
530.8 ,Other specified disorders of esophagus,Diseases of the digestive system,2048,7,1.25,0.5201930762,0.5,2.58
535.40 ,"Other specified gastritis, without...",Diseases of the digestive system,31323,107,1.25,0.0251098197,1.02,1.52
281.9 ,Unspecified deficiency anemia,Diseases of the blood and blood-forming...,4681,16,1.25,0.3279123625,0.71,2.03
571.40 ,"Chronic hepatitis, unspecified",Diseases of the digestive system,65432,222,1.25,0.0015459579,1.09,1.43
706.1 ,Other acne,Diseases of the skin and subcutaneous...,371329,1197,1.24,0.0000000005053053,1.16,1.32
611.9 ,Unspecified breast disorder,Diseases of the genitourinary...,39424,133,1.24,0.0168938461,1.03,1.47
424.0 ,Mitral valve disorders,Diseases of the circulatory system,22432,76,1.24,0.0713031561,0.98,1.56
466 ,Acute bvronchitis and bronchiolitis,Diseases of the respiratory system,42773,144,1.24,0.0147685847,1.04,1.46
473.0 ,Chronic maxillary sinusitis,Diseases of the respiratory system,3249,11,1.24,0.497335664,0.62,2.22
633.1 ,Tubal pregnancy,"Complications of pregnancy, childbirth,...",5312,18,1.24,0.3549764808,0.73,1.96
634.10 ,"Spontaneous abortion, complicated...","Complications of pregnancy, childbirth,...",2068,7,1.24,0.5230821927,0.5,2.55
519.9 ,Unspecified disease of respiratory...,Diseases of the respiratory system,6761,23,1.24,0.2921370306,0.79,1.87
840.9 ,Sprains and strains of unspecified...,Injury and poisoning,8277,28,1.24,0.2458896793,0.82,1.79
346.1 ,Common migraine,Diseases of the nervous system,5586,19,1.24,0.3056844265,0.75,1.95
585 ,Chronic renal failure,Diseases of the genitourinary...,2938,10,1.24,0.4753534052,0.6,2.29
595.0 ,Acute cystitis,Diseases of the genitourinary...,134159,447,1.24,0.0000282618,1.12,1.37
379.8 ,Other specified disorders of eye...,Diseases of the nervous system,6773,23,1.24,0.2927592179,0.79,1.87
461 ,Acute sinusitis,Diseases of the respiratory system,37492,126,1.23,0.0244229678,1.03,1.47
070.51 ,Acute hepatitis C without mention...,Infectious and parasitic diseases,3280,11,1.23,0.4994689598,0.61,2.2
786.00 ,"Respiratory abnormality, unspecified","Comorbidities, signs, and ill-defined...",3555,12,1.23,0.4204367238,0.64,2.16
680.9 ,Carbuncle and furuncle of unspecified...,Diseases of the skin and subcutaneous...,42894,144,1.23,0.0149917067,1.04,1.46
316 ,Psychic factors associated with...,Mental disorders,2086,7,1.23,0.5258340794,0.49,2.53
912.0 ,Abrasion or friction burn of shoulder...,Injury and poisoning,3308,11,1.22,0.5016689171,0.61,2.18
708 ,Urticaria,Diseases of the skin and subcutaneous...,16262,54,1.22,0.1518746511,0.91,1.59
710.0 ,Systemic lupus erythematosus,Diseases of the musculoskeletal...,7171,24,1.22,0.3071880393,0.78,1.82
620.2 ,Other and unspecified ovarian...,Diseases of the genitourinary...,48302,160,1.22,0.0170565968,1.03,1.43
721.1 ,Cervical spondylosis with myelopathy,Diseases of the musculoskeletal...,2685,9,1.22,0.4604638344,0.56,2.33
621.4 ,Hematometra,Diseases of the genitourinary...,3007,10,1.22,0.4828319533,0.58,2.24
786.01 ,Hyperventilation,"Comorbidities, signs, and ill-defined...",7809,26,1.22,0.3267103717,0.79,1.79
540 ,Acute appendicitis,Diseases of the digestive system,3005,10,1.22,0.4825918938,0.58,2.24
555 ,Regional enteritis,Diseases of the digestive system,2089,7,1.22,0.5263063185,0.49,2.53
682.9 ,Cellulitis and abscess of unspecified...,Diseases of the skin and subcutaneous...,49851,165,1.22,0.016706886,1.03,1.42
686.9 ,Unspecified local infection of...,Diseases of the skin and subcutaneous...,116854,384,1.22,0.0003266854,1.09,1.35
854.0 ,Intracranial injury of other and...,Injury and poisoning,4188,14,1.22,0.4558313192,0.67,2.05
592.1 ,Calculus of ureter,Diseases of the genitourinary...,7790,26,1.22,0.3260868297,0.8,1.79
698 ,Pruritus and related conditions,Diseases of the skin and subcutaneous...,6003,20,1.22,0.3840046477,0.74,1.88
916 ,"Superficial injury of hip, thigh,...",Injury and poisoning,6057,20,1.21,0.3867645802,0.74,1.87
427.89 ,Other specified cardiac dysrhythmias,Diseases of the circulatory system,3617,12,1.21,0.5204870219,0.63,2.12
721.0 ,Cervical spondylosis without myelopathy,Diseases of the musculoskeletal...,7849,26,1.21,0.3282181307,0.79,1.78
627.2 ,Symptomatic menopausal or female...,Diseases of the genitourinary...,3930,13,1.21,0.4439264091,0.64,2.07
070.3 ,Viral hepatitis B without mention...,Infectious and parasitic diseases,4230,14,1.21,0.4586468683,0.66,2.03
727.9 ,"Unspecified disorder of synovium,...",Diseases of the musculoskeletal...,3627,12,1.21,0.521055736,0.62,2.12
216.4 ,Benign neoplasm of scalp and skin...,Neoplasms,2415,8,1.21,0.5545376876,0.52,2.39
226 ,Benign neoplasm of thyroid glands,Neoplasms,3619,12,1.21,0.5205983831,0.63,2.12
789.0 ,Abdominal pain,"Comorbidities, signs, and ill-defined...",718383,2193,1.21,0.00000000006249994,1.14,1.28
535 ,Gastritis and duodenitis,Diseases of the digestive system,39210,129,1.21,0.0399370597,1.01,1.44
845.00 ,"Sprain of ankle, unspecified site",Injury and poisoning,14237,47,1.21,0.1970074556,0.89,1.61
922 ,Contusion of trunk,Injury and poisoning,4879,16,1.2,0.4114366862,0.68,1.95
933.0 ,Foreign body in pharynx,Injury and poisoning,11601,38,1.2,0.2834561687,0.85,1.65
724.5 ,"Backache, unspecified",Diseases of the musculoskeletal...,87984,286,1.2,0.0035821253,1.06,1.35
478.0 ,Hypertrophy of nasal turbinates,Diseases of the respiratory system,17377,57,1.2,0.165710327,0.91,1.56
256.9 ,Unspecified ovarian dysfunction,"Endocrine, nutritional and metabolic...",27166,89,1.2,0.0896691494,0.96,1.48
574 ,Cholelithiasis,Diseases of the digestive system,2132,7,1.2,0.5334832169,0.48,2.48
354.0 ,Carpal tunnel syndrome,Diseases of the nervous system,7599,25,1.2,0.3227844612,0.78,1.78
701.4 ,Keloid scar,Diseases of the skin and subcutaneous...,24496,80,1.2,0.1232424642,0.95,1.49
706.0 ,Acne varioliformis,Diseases of the skin and subcutaneous...,71206,230,1.19,0.01276564,1.04,1.36
616.0 ,Cervicitis and endocervicitis,Diseases of the genitourinary...,97685,316,1.19,0.0027701955,1.06,1.34
427 ,Cardiac dysrhythmias,Diseases of the circulatory system,4899,16,1.19,0.4908970932,0.68,1.94
464.0 ,Acute laryngitis,Diseases of the respiratory system,300561,952,1.19,0.0000013899011,1.11,1.28
478 ,Other diseases of upper respiratory...,Diseases of the respiratory system,4602,15,1.19,0.4776883605,0.67,1.97
780.9 ,Other general symptoms,"Comorbidities, signs, and ill-defined...",18708,61,1.19,0.1806785399,0.91,1.54
643.93 ,"Unspecified vomiting of pregnancy,...","Complications of pregnancy, childbirth,...",2466,8,1.19,0.5607121413,0.51,2.34
786.2 ,Cough,"Comorbidities, signs, and ill-defined...",113278,364,1.19,0.0020276097,1.06,1.32
682.6 ,"Cellulitis and abscess of leg,...",Diseases of the skin and subcutaneous...,5235,17,1.19,0.4272369074,0.69,1.9
847.9 ,Sprain of unspecified site of...,Injury and poisoning,7351,24,1.19,0.369742651,0.76,1.78
693.8 ,Dermatitis due to other specified...,Diseases of the skin and subcutaneous...,15103,49,1.19,0.2398660287,0.88,1.57
698.4 ,Dermatitis factitia [artefacta],Diseases of the skin and subcutaneous...,13179,43,1.19,0.2410278951,0.86,1.61
894.0 ,Multiple and unspecified open...,Injury and poisoning,44552,144,1.19,0.0481940016,1,1.4
705.81 ,Dyshidrosis,Diseases of the skin and subcutaneous...,62671,202,1.18,0.0215937897,1.02,1.36
919.4 ,"Insect bite, nonvenomous, of other,...",Injury and poisoning,47011,151,1.18,0.0490414994,1,1.39
382.9 ,Unspecified otitis media,Diseases of the nervous system,40249,129,1.18,0.0741051144,0.98,1.4
709 ,Other disorders of skin and subcutaneous...,Diseases of the skin and subcutaneous...,5579,18,1.18,0.441003173,0.7,1.87
922.1 ,Contusion of chest wall,Injury and poisoning,19591,63,1.18,0.1916186252,0.9,1.51
464.2 ,Acute larygotracheitis,Diseases of the respiratory system,14316,46,1.18,0.2610043056,0.86,1.57
523.9 ,Unspecified gingival and periodontal...,Diseases of the digestive system,4937,16,1.18,0.4927536321,0.68,1.93
531.70 ,Chronic gastric ulcer without...,Diseases of the digestive system,4963,16,1.18,0.4942130433,0.67,1.92
786.5 ,Chest pain,"Comorbidities, signs, and ill-defined...",22685,73,1.18,0.1596651256,0.92,1.48
256.4 ,Polycystic ovaries,"Endocrine, nutritional and metabolic...",24490,79,1.18,0.1395466122,0.93,1.48
656.5 ,Poor fetal growth affecting management...,"Complications of pregnancy, childbirth,...",2781,9,1.18,0.5823616143,0.54,2.25
830 ,Dislocation of jaw,Injury and poisoning,3711,12,1.18,0.526975527,0.61,2.07
705.1 ,Prickly heat,Diseases of the skin and subcutaneous...,6539,21,1.17,0.4748119675,0.73,1.8
710.2 ,Sicca syndrome,Diseases of the musculoskeletal...,5007,16,1.17,0.4970239796,0.67,1.9
455.8 ,Unspecified hemorrhoids with other...,Diseases of the circulatory system,9987,32,1.17,0.3860106693,0.8,1.66
250.00 ,Diabetes mellitus without mention...,"Endocrine, nutritional and metabolic...",15584,50,1.17,0.2481433114,0.87,1.55
805.6 ,Closed fracture of sacrum and...,Injury and poisoning,3113,10,1.17,0.6031097778,0.56,2.16
850.9 ,"Concussion, unspecified",Injury and poisoning,13725,44,1.17,0.285881036,0.85,1.58
692.70 ,Unspecified dermatitis due to...,Diseases of the skin and subcutaneous...,6572,21,1.17,0.4760259622,0.72,1.79
910.0 ,"Abrasion or friction burn of face,...",Injury and poisoning,8145,26,1.17,0.3954385682,0.76,1.71
709.8 ,Other specified disorders of skin,Diseases of the skin and subcutaneous...,20837,66,1.16,0.2297741739,0.89,1.48
924.01 ,Contusion of hip,Injury and poisoning,6289,20,1.16,0.4674096038,0.71,1.8
720.1 ,Spinal enthesopathy,Diseases of the musculoskeletal...,1890,6,1.16,0.6556388921,0.42,2.53
949.0 ,"Burn of unspecified site, unspecified...",Injury and poisoning,11644,37,1.16,0.3723812708,0.82,1.6
008.8 ,Intestinal infection due to other...,Infectious and parasitic diseases,3150,10,1.16,0.605791956,0.56,2.14
628.2 ,"Infertility, female, of tubal...",Diseases of the genitourinary...,6940,22,1.16,0.4880444174,0.72,1.76
727.0 ,Synovitis and tenosynovitis,Diseases of the musculoskeletal...,9106,29,1.16,0.4196985081,0.78,1.68
632 ,Missed abortion,"Complications of pregnancy, childbirth,...",21410,68,1.16,0.2112714654,0.9,1.48
111.0 ,Pityriasis versicolor,Infectious and parasitic diseases,27166,86,1.16,0.1780750435,0.92,1.43
112.1 ,Candidiasis of vulva and vagina,Infectious and parasitic diseases,161684,506,1.16,0.0019662661,1.06,1.27
640.80 ,Other specified hemorrhage in...,"Complications of pregnancy, childbirth,...",2843,9,1.16,0.5886407609,0.53,2.2
646.93 ,"Unspecified complication of pregnancy,...","Complications of pregnancy, childbirth,...",12659,40,1.16,0.3473804484,0.82,1.58
245.2 ,Chronic lymphocytic thyroiditis,"Endocrine, nutritional and metabolic...",3460,11,1.16,0.6221416673,0.58,2.08
681.11 ,Onychia and paronychia of toe,Diseases of the skin and subcutaneous...,12610,40,1.16,0.345953826,0.83,1.58
847 ,Sprains and strains of other and...,Injury and poisoning,1892,6,1.16,0.6558843939,0.42,2.53
848 ,Other and ill-defined sprains...,Injury and poisoning,1894,6,1.16,0.656131362,0.42,2.53
311 ,"Depressive disorder, not elsewhere...",Mental disorders,6319,20,1.16,0.4692361657,0.71,1.79
914.0 ,Abrasion or friction burn of hand(s)...,Injury and poisoning,6369,20,1.15,0.5462216967,0.7,1.78
386.1 ,Other and unspecified peripheral...,Diseases of the nervous system,5412,17,1.15,0.5146929693,0.67,1.84
923.11 ,Contusion of elbow,Injury and poisoning,6363,20,1.15,0.5460315387,0.7,1.78
427.0 ,Paroxysmal supraventricular tachycardia,Diseases of the circulatory system,2870,9,1.15,0.5917371851,0.52,2.18
924.11 ,Contusion of knee,Injury and poisoning,22909,72,1.15,0.2514381938,0.9,1.45
723.4 ,"Brachial neuritis or radiculitis,...",Diseases of the musculoskeletal...,2541,8,1.15,0.7006366225,0.5,2.27
464.10 ,Acute tracheitis without mention...,Diseases of the respiratory system,184349,573,1.15,0.0016085385,1.05,1.26
465 ,Acute upper respiratory infections...,Diseases of the respiratory system,139103,433,1.15,0.0064072574,1.04,1.27
038.9 ,Unspecified septicemia,Infectious and parasitic diseases,3501,11,1.15,0.6245098607,0.57,2.06
220 ,Benign neoplasm of ovary,Neoplasms,80523,252,1.15,0.0323525076,1.01,1.31
528.5 ,Diseases of lips,Diseases of the digestive system,9206,29,1.15,0.4232168893,0.77,1.66
240.9 ,"Goiter, unspecified","Endocrine, nutritional and metabolic...",21677,68,1.15,0.2656572974,0.89,1.46
786.4 ,Abnormal sputum,"Comorbidities, signs, and ill-defined...",1910,6,1.15,0.6581590851,0.42,2.5
532.70 ,Chronic duodenal ulcer without...,Diseases of the digestive system,7655,24,1.15,0.5091368637,0.73,1.71
246 ,Other disorders of thyroid,"Endocrine, nutritional and metabolic...",4775,15,1.15,0.5769660966,0.64,1.9
655.93 ,"Unspecified suspected fetal abnormality,...","Complications of pregnancy, childbirth,...",2534,8,1.15,0.5703508498,0.5,2.28
555.2 ,Regional enteritis of small intestine...,Diseases of the digestive system,6057,19,1.15,0.5362863191,0.69,1.79
916.0 ,"Abrasion or friction burn of hip,...",Injury and poisoning,30514,95,1.14,0.2037082713,0.92,1.4
370.23 ,Filamentary keratitis,Diseases of the nervous system,2573,8,1.14,0.7025300136,0.49,2.24
924.2 ,"Contusion of ankle and foot, excluding...",Injury and poisoning,2250,7,1.14,0.6831992152,0.46,2.35
924.5 ,Contusion of unspecified part...,Injury and poisoning,10272,32,1.14,0.4478868677,0.78,1.61
722.0 ,Displacement of cervical intervertebral...,Diseases of the musculoskeletal...,5783,18,1.14,0.5286105146,0.67,1.8
727.06 ,Tenosynovitis of foot and ankle,Diseases of the musculoskeletal...,2561,8,1.14,0.701787104,0.49,2.25
637.91 ,"Unspecified abortion, without...","Complications of pregnancy, childbirth,...",27886,87,1.14,0.2247485,0.91,1.41
487.1 ,Influenza with other respiratory...,Diseases of the respiratory system,274181,839,1.14,0.00058673,1.06,1.23
786.50 ,"Chest pain, unspecified","Comorbidities, signs, and ill-defined...",41375,129,1.14,0.1398530926,0.95,1.36
564.5 ,Functional diarrhea,Diseases of the digestive system,37384,116,1.14,0.1766294787,0.94,1.37
574.20 ,Calculus of gallbladder without...,Diseases of the digestive system,6709,21,1.14,0.4830888467,0.71,1.75
373.11 ,Hordeolum externum,Diseases of the nervous system,95992,297,1.14,0.0333437844,1.01,1.28
595.2 ,Other chronic cystitis,Diseases of the genitourinary...,2872,9,1.14,0.5919748718,0.52,2.18
892.0 ,Open wound of foot except toe(s)...,Injury and poisoning,16015,50,1.14,0.3611627039,0.85,1.51
616.8 ,Other specified inflammatory diseases...,Diseases of the genitourinary...,25279,78,1.13,0.275412007,0.89,1.41
429.9 ,"Heart disease, unspecified",Diseases of the circulatory system,4856,15,1.13,0.5817399273,0.63,1.87
003.9 ,"Salmonella infection, unspecified",Infectious and parasitic diseases,2922,9,1.13,0.720359501,0.51,2.14
008.5 ,"Bacterial enteritis, unspecified",Infectious and parasitic diseases,6461,20,1.13,0.5498801781,0.69,1.75
052.9 ,Varicella without mention of complication,Infectious and parasitic diseases,15827,49,1.13,0.3998155583,0.84,1.5
628.9 ,"Infertility, female, of unspecified...",Diseases of the genitourinary...,40515,125,1.13,0.1780116884,0.94,1.35
727.03 ,Trigger finger (acquired),Diseases of the musculoskeletal...,2590,8,1.13,0.7036484549,0.49,2.23
634.90 ,"Spontaneous abortion, without...","Complications of pregnancy, childbirth,...",12625,39,1.13,0.4409520953,0.8,1.55
485 ,"Bronchopneumonia, organism unspecified",Diseases of the respiratory system,9712,30,1.13,0.4944939664,0.76,1.61
786.9 ,Other symptoms involving respiratory...,"Comorbidities, signs, and ill-defined...",2909,9,1.13,0.7197482216,0.52,2.15
535.5 ,Unspecified gastritis & gastroduodenitis,Diseases of the digestive system,26480,82,1.13,0.2600060775,0.9,1.41
279.4 ,Autoimmune disease not elsewhere...,"Endocrine, nutritional and metabolic...",2264,7,1.13,0.6845295572,0.45,2.33
686.0 ,Pyoderma,Diseases of the skin and subcutaneous...,20035,62,1.13,0.3405050032,0.87,1.45
850.1 ,Concussion with brief loss of...,Injury and poisoning,1932,6,1.13,0.6610933818,0.42,2.48
873.0 ,"Open wound of scalp, without mention...",Injury and poisoning,10322,32,1.13,0.4496681242,0.77,1.6
590.80 ,"Pyelonephritis, unspecified",Diseases of the genitourinary...,4211,13,1.13,0.6556148099,0.6,1.93
367.89 ,Other disorders of refraction...,Diseases of the nervous system,6864,21,1.12,0.5625261839,0.69,1.71
920 ,"Contusion of face, scalp, and...",Injury and poisoning,31239,96,1.12,0.2512036224,0.91,1.38
709.9 ,Unspecified disorder of skin and...,Diseases of the skin and subcutaneous...,116444,355,1.12,0.0394237504,1,1.25
716.10 ,"Traumatic arthropathy, site unspecified",Diseases of the musculoskeletal...,2604,8,1.12,0.7046263854,0.48,2.22
401.9 ,Unspecified essential hypertension,Diseases of the circulatory system,8149,25,1.12,0.5237615325,0.72,1.66
781.7 ,Tetany,"Comorbidities, signs, and ill-defined...",2278,7,1.12,0.6859176832,0.45,2.32
242.9 ,Thyrotoxicosis w/m of goiter or...,"Endocrine, nutritional and metabolic...",11130,34,1.12,0.5231369013,0.77,1.56
296.3 ,"Major depressive disorder, recurrent...",Mental disorders,2614,8,1.12,0.7053556979,0.48,2.21
346 ,Migraine,Diseases of the nervous system,5875,18,1.12,0.6153620291,0.66,1.77
361.30 ,"Retinal defect, unspecified",Diseases of the nervous system,2945,9,1.12,0.7215358037,0.51,2.12
704.00 ,"Alopecia, unspecified",Diseases of the skin and subcutaneous...,4591,14,1.11,0.6695347497,0.61,1.87
616.10 ,"Vaginitis and vulvovaginitis,...",Diseases of the genitourinary...,380942,1133,1.11,0.0019668904,1.04,1.19
447.6 ,"Arteritis, unspecified",Diseases of the circulatory system,3292,10,1.11,0.7362112673,0.53,2.04
110.3 ,Dermatophytosis of groin and perianal...,Infectious and parasitic diseases,8249,25,1.11,0.5963759349,0.72,1.64
496 ,"Chronic airway obstruction, not...",Diseases of the respiratory system,3636,11,1.11,0.6351314545,0.55,1.98
785.6 ,Enlargement of lymph nodes,"Comorbidities, signs, and ill-defined...",9244,28,1.11,0.5492964502,0.73,1.6
250.0 ,Diabetes Mellitus w/m of complication,"Endocrine, nutritional and metabolic...",4286,13,1.11,0.6594405083,0.59,1.9
692.81 ,Dermatitis due to cosmetics,Diseases of the skin and subcutaneous...,3963,12,1.11,0.6478554892,0.57,1.94
616 ,"Inflammatory disease of cervix,...",Diseases of the genitourinary...,54276,163,1.1,0.2265113626,0.93,1.29
717.9 ,Unspecified internal derangement...,Diseases of the musculoskeletal...,3315,10,1.1,0.7372214439,0.53,2.03
437.9 ,Unspecified cerebrovascular disease,Diseases of the circulatory system,1995,6,1.1,0.6703569584,0.4,2.4
078.1 ,Viral warts,Infectious and parasitic diseases,69408,209,1.1,0.1592849276,0.96,1.27
737.3 ,Kyphoscoliosis and scoliosis,Diseases of the musculoskeletal...,2322,7,1.1,0.6906390488,0.44,2.27
216 ,Benign neoplasm of skin,Neoplasms,9932,30,1.1,0.5628426257,0.74,1.58
652.23 ,Breech presentation without mention...,"Complications of pregnancy, childbirth,...",2334,7,1.1,0.6920166567,0.44,2.26
652.93 ,"Unspecified malposition or malpresentation,...","Complications of pregnancy, childbirth,...",2652,8,1.1,0.7083535044,0.47,2.18
842.00 ,"Sprain of wrist, unspecified site",Injury and poisoning,5642,17,1.1,0.7004111591,0.64,1.77
680.0 ,Carbuncle and furuncle of face,Diseases of the skin and subcutaneous...,8006,24,1.1,0.5926499835,0.7,1.63
296.20 ,"Major depressive affective disorder,...",Mental disorders,4308,13,1.1,0.6607613909,0.59,1.89
682.8 ,Cellulitis and abscess of other...,Diseases of the skin and subcutaneous...,5975,18,1.1,0.6199787012,0.65,1.74
569.3 ,Hemorrhage of rectum and anus,Diseases of the digestive system,4644,14,1.1,0.6719687069,0.6,1.85
719.41 ,"Pain in joint, shoulder region",Diseases of the musculoskeletal...,4022,12,1.09,0.760889462,0.56,1.91
621.8 ,"Other specified disorders of uterus,...",Diseases of the genitourinary...,3336,10,1.09,0.7382316482,0.52,2.02
625.4 ,Premenstrual tension syndromes,Diseases of the genitourinary...,5688,17,1.09,0.7016743154,0.63,1.75
626.0 ,Absence of menstruation,Diseases of the genitourinary...,310216,910,1.09,0.023314832,1.01,1.17
727.42 ,Ganglion of tendon sheath,Diseases of the musculoskeletal...,3011,9,1.09,0.7255549687,0.5,2.08
634.91 ,"Spontaneous abortion, without...","Complications of pregnancy, childbirth,...",6038,18,1.09,0.7100430438,0.64,1.72
482.9 ,"Bacterial pneumonia, unspecified",Diseases of the respiratory system,4356,13,1.09,0.6639411574,0.58,1.87
845 ,Sprains and strains of ankle and...,Injury and poisoning,3365,10,1.09,0.7397606469,0.52,2
884.0 ,Multiple and unspecified open...,Injury and poisoning,36118,108,1.09,0.3595655624,0.9,1.32
356.9 ,Unspecified hereditary and idiopathic...,Diseases of the nervous system,4011,12,1.09,0.760558197,0.56,1.91
615.9 ,Unspecified inflammatory disease...,Diseases of the genitourinary...,101148,299,1.08,0.1729271907,0.96,1.22
715.36 ,"Osteoarthrosis, localized, not...",Diseases of the musculoskeletal...,4751,14,1.08,0.7796902416,0.59,1.81
716.9 ,"Arthropathy, unspecified",Diseases of the musculoskeletal...,9782,29,1.08,0.6273700155,0.72,1.56
924.00 ,Contusion of thigh,Injury and poisoning,5430,16,1.08,0.6964379812,0.61,1.75
727.09 ,Other synovitis and tenosynovitis,Diseases of the musculoskeletal...,3706,11,1.08,0.7514059883,0.54,1.94
478.22 ,Parapharyngeal abscess,Diseases of the respiratory system,2362,7,1.08,0.6953720463,0.43,2.24
643.1 ,Hyperemesis gravidarum with metabolic...,"Complications of pregnancy, childbirth,...",3038,9,1.08,0.7274599226,0.49,2.06
266.9 ,Unspecified vitamin B deficiency,"Endocrine, nutritional and metabolic...",2020,6,1.08,0.8288478456,0.4,2.37
841.9 ,Sprains and strains of unspecified...,Injury and poisoning,3032,9,1.08,0.7270240676,0.49,2.06
680.8 ,Carbuncle and furuncle of other...,Diseases of the skin and subcutaneous...,3734,11,1.08,0.752692544,0.54,1.93
692.4 ,Contact dermatitis and other eczema...,Diseases of the skin and subcutaneous...,36677,108,1.08,0.4486056782,0.88,1.3
590.10 ,Acute pyelonephritis without lesion...,Diseases of the genitourinary...,14855,44,1.08,0.5806353854,0.79,1.46
698.2 ,Prurigo,Diseases of the skin and subcutaneous...,84172,249,1.08,0.2112615572,0.95,1.23
610.0 ,Solitary cyst of breast,Diseases of the genitourinary...,3083,9,1.07,0.7309486258,0.49,2.03
617.1 ,Endometriosis of ovary,Diseases of the genitourinary...,9537,28,1.07,0.6936076802,0.71,1.55
623.5 ,"Leukorrhea, not specified as infective",Diseases of the genitourinary...,87282,255,1.07,0.2879000617,0.94,1.21
472 ,Chronic pharyngitis and nasopharyngitis,Diseases of the respiratory system,9533,28,1.07,0.6935282669,0.71,1.55
727 ,"Other disorders of synovium tendon,...",Diseases of the musculoskeletal...,5109,15,1.07,0.7874260098,0.6,1.77
533.50 ,Chronic or unspecified peptic...,Diseases of the digestive system,2041,6,1.07,0.829845391,0.39,2.34
533.91 ,"Peptic ulcer of unspecified site,...",Diseases of the digestive system,2041,6,1.07,0.829845391,0.39,2.34
882 ,Open wound of hand except finger(s)...,Injury and poisoning,3410,10,1.07,0.7424287997,0.51,1.97
883.0 ,"Open wound of finger(s), without...",Injury and poisoning,28109,82,1.07,0.5647789729,0.85,1.33
599 ,Other disorders of urethra and...,Diseases of the genitourinary...,8837,26,1.07,0.6825395178,0.7,1.58
924.21 ,Contusion of ankle,Injury and poisoning,7564,22,1.06,0.740230816,0.66,1.61
464.20 ,Acute laryngotracheitis without...,Diseases of the respiratory system,104132,301,1.06,0.3282643,0.94,1.19
218 ,Uterine leiomyoma,Neoplasms,3106,9,1.06,0.8622753569,0.48,2.01
643.90 ,"Unspecified vomiting of pregnancy,...","Complications of pregnancy, childbirth,...",4151,12,1.06,0.7660634521,0.54,1.85
661.4 ,"Hypertonic, incoordinate, or prolonged...","Complications of pregnancy, childbirth,...",2066,6,1.06,0.8311421808,0.39,2.31
891.0 ,"Open wound of knee, leg [except...",Injury and poisoning,34225,99,1.06,0.565601581,0.86,1.29
924 ,Contusion of lower limb and of...,Injury and poisoning,7279,21,1.05,0.7363751292,0.65,1.61
718.40 ,"Contracture of joint, site unspecified",Diseases of the musculoskeletal...,2077,6,1.05,0.8317489676,0.39,2.3
724 ,Other and unspecified disorders...,Diseases of the musculoskeletal...,2785,8,1.05,0.8546437054,0.45,2.07
998.5 ,Postoperative infection,Injury and poisoning,19750,57,1.05,0.6808794068,0.8,1.37
475 ,Peritonsillar abscess,Diseases of the respiratory system,18718,54,1.05,0.673003444,0.79,1.38
634.11 ,"Spontaneous abortion, complicated...","Complications of pregnancy, childbirth,...",4862,14,1.05,0.7830571966,0.57,1.77
216.6 ,Benign neoplasm of skin of upper...,Neoplasms,3469,10,1.05,0.8697315337,0.5,1.94
784 ,Symptoms involving head and neck,"Comorbidities, signs, and ill-defined...",3479,10,1.05,0.8699262245,0.5,1.93
272.4 ,Other and unspecified hyperlipidemia,"Endocrine, nutritional and metabolic...",15349,44,1.05,0.7559596664,0.76,1.41
298.9 ,Unspecified psychosis,Mental disorders,2780,8,1.05,0.8544801985,0.45,2.08
443.9 ,"Peripheral vascular disease, unspecified",Diseases of the circulatory system,2110,6,1.04,0.8336957528,0.38,2.27
621.9 ,Unspecified disorder of uterus,Diseases of the genitourinary...,3502,10,1.04,0.8704095539,0.5,1.92
054 ,Herpes simplex,Infectious and parasitic diseases,2466,7,1.04,0.8460109293,0.42,2.14
629 ,Other disorders of female genital...,Diseases of the genitourinary...,21788,62,1.04,0.7441465379,0.8,1.34
646 ,"Papyraceous fetus, unspecified...","Complications of pregnancy, childbirth,...",3174,9,1.04,0.8640669923,0.47,1.97
681.02 ,Onychia and paronychia of finger,Diseases of the skin and subcutaneous...,4932,14,1.04,0.8908417584,0.57,1.74
611 ,Other disorders of breast,Diseases of the genitourinary...,5646,16,1.03,0.799121295,0.59,1.68
388.70 ,"Otalgia, unspecified",Diseases of the nervous system,3528,10,1.03,0.8710143068,0.5,1.91
617.3 ,Endometriosis of pelvic peritoneum,Diseases of the genitourinary...,2829,8,1.03,0.8562138708,0.45,2.04
721.90 ,"Spondylosis of unspecified site,...",Diseases of the musculoskeletal...,4964,14,1.03,0.8912348056,0.56,1.73
989.5 ,Toxic effect of venom,Injury and poisoning,8509,24,1.03,0.8350861206,0.66,1.54
724.9 ,Other unspecified back disorders,Diseases of the musculoskeletal...,8826,25,1.03,0.8378028729,0.67,1.53
009.1 ,"Colitis, enteritis, and gastroenteritis...",Infectious and parasitic diseases,32499,92,1.03,0.7477395146,0.83,1.27
727.00 ,"Synovitis and tenosynovitis, unspecified",Diseases of the musculoskeletal...,60190,170,1.03,0.6626154887,0.88,1.2
633 ,Ectopic pregnancy,"Complications of pregnancy, childbirth,...",4970,14,1.03,0.8913149391,0.56,1.73
564.8 ,Other specified function disorder...,Diseases of the digestive system,31207,88,1.03,0.7845282314,0.82,1.27
893.0 ,"Open wound of toe(s), without...",Injury and poisoning,6765,19,1.03,0.9068263899,0.62,1.6
923 ,Contusion of upper limb,Injury and poisoning,4301,12,1.02,0.883478261,0.53,1.78
931 ,Foreign body in ear,Injury and poisoning,6452,18,1.02,0.9046737587,0.6,1.61
640.03 ,"Threatened abortion, antepartum...","Complications of pregnancy, childbirth,...",132354,370,1.02,0.6817839896,0.92,1.14
783.0 ,Anorexia,"Comorbidities, signs, and ill-defined...",2140,6,1.02,0.8356213085,0.38,2.23
558 ,Other and unspecified noninfectious...,Diseases of the digestive system,26111,73,1.02,0.857844213,0.8,1.29
882.0 ,Open wound of hand except finger(s)...,Injury and poisoning,17470,49,1.02,0.8272326346,0.76,1.36
696.3 ,Pityriasis rosea,Diseases of the skin and subcutaneous...,12838,36,1.02,0.865177546,0.72,1.42
696.5 ,Other and unspecified pityriasis,Diseases of the skin and subcutaneous...,5005,14,1.02,0.8918221274,0.56,1.72
614.8 ,Other specified inflammatory disease...,Diseases of the genitourinary...,13732,38,1.01,0.9345579728,0.71,1.39
923.00 ,Contusion of shoulder region,Injury and poisoning,9012,25,1.01,0.9193243568,0.65,1.5
715.16 ,"Osteoarthrosis, localized, primary,...",Diseases of the musculoskeletal...,2163,6,1.01,0.8371914351,0.37,2.21
620.8 ,Other noninflammatory disorders...,Diseases of the genitourinary...,2170,6,1.01,0.8376846822,0.37,2.2
626.4 ,Irregular menstrual cycle,Diseases of the genitourinary...,492930,1356,1.01,0.8600876709,0.94,1.07
110 ,Dermatophytosis,Infectious and parasitic diseases,2891,8,1.01,0.8588039536,0.44,2
780.8 ,Generalized hyperhidrosis,"Comorbidities, signs, and ill-defined...",8355,23,1.01,0.916437957,0.64,1.51
680 ,Carbuncle and furuncle,Diseases of the skin and subcutaneous...,5072,14,1.01,0.8929766135,0.55,1.69
296 ,Disorganized type,Mental disorders,3606,10,1.01,0.8731822005,0.48,1.87
692.3 ,Contact dermatitis and other eczema...,Diseases of the skin and subcutaneous...,13387,37,1.01,0.9337401871,0.71,1.39
373.1 ,Hordeolum and other deep inflammation...,Diseases of the nervous system,31528,87,1.01,0.9134208785,0.81,1.25
628 ,"Infertility, female",Diseases of the genitourinary...,7702,21,1,1,0.62,1.52
476.0 ,Chronic laryngitis,Diseases of the respiratory system,2933,8,1,1,0.43,1.97
637.92 ,"Unspecified abortion, without...","Complications of pregnancy, childbirth,...",5456,15,1,0.8969350016,0.56,1.66
693.0 ,Dermatitis due to drugs and medicines...,Diseases of the skin and subcutaneous...,9486,26,1,0.9216709833,0.65,1.47
379.99 ,Other ill-defined disorders of...,Diseases of the nervous system,4070,11,0.99,1,0.49,1.77
622.1 ,Dysplasia of cervix (uteri),Diseases of the genitourinary...,6606,18,0.99,1,0.59,1.58
110.9 ,Dermatophytosis of unspecified...,Infectious and parasitic diseases,36229,98,0.99,0.9594819528,0.8,1.21
295.90 ,"Unspecified schizophrenia, unspecified",Mental disorders,2579,7,0.99,1,0.4,2.05
854.01 ,Intracranial injury of other and...,Injury and poisoning,7038,19,0.99,1,0.59,1.54
308.0 ,Predominant disturbance of emotions,Mental disorders,2581,7,0.99,1,0.4,2.04
881.02 ,"Open wound of wrist, without mention...",Injury and poisoning,4065,11,0.99,1,0.49,1.77
372.71 ,Hyperemia of conjunctiva,Diseases of the nervous system,4403,12,0.99,1,0.51,1.74
891 ,"Open wound of knee, leg (except...",Injury and poisoning,6618,18,0.99,1,0.59,1.57
922.2 ,Contusion of abdominal wall,Injury and poisoning,4833,13,0.98,1,0.52,1.68
074.0 ,Herpangina,Infectious and parasitic diseases,3361,9,0.98,1,0.45,1.86
727.43 ,"Ganglion, unspecified",Diseases of the musculoskeletal...,5986,16,0.98,1,0.56,1.59
216.8 ,Benign neoplasm of other specified...,Neoplasms,7058,19,0.98,1,0.59,1.54
644.0 ,Threatened premature labor,"Complications of pregnancy, childbirth,...",11185,30,0.98,1,0.66,1.4
686.8 ,Other specified local infections...,Diseases of the skin and subcutaneous...,49391,133,0.98,0.8957571413,0.82,1.17
615.0 ,Acute inflammatory diseases of...,Diseases of the genitourinary...,28111,75,0.97,0.8630782674,0.76,1.22
464.1 ,Acute tracheitis,Diseases of the respiratory system,20020,53,0.97,0.8916948639,0.72,1.27
530.9 ,Unspecified disorder of esophagus,Diseases of the digestive system,3402,9,0.97,1,0.44,1.84
533.70 ,Chronic peptic ulcer of unspecified...,Diseases of the digestive system,11646,31,0.97,1,0.66,1.38
696.1 ,Other psoriasis,Diseases of the skin and subcutaneous...,5668,15,0.97,1,0.54,1.6
595 ,Cystitis,Diseases of the genitourinary...,20279,54,0.97,0.8925433454,0.73,1.27
894 ,Multiple and unspecified open...,Injury and poisoning,4875,13,0.97,1,0.52,1.67
646.83 ,Other specified complications...,"Complications of pregnancy, childbirth,...",5329,14,0.96,1,0.52,1.61
373.02 ,Squamous blepharitis,Diseases of the nervous system,1894,5,0.96,1,0.31,2.25
923.10 ,Contusion of forearm,Injury and poisoning,3063,8,0.95,1,0.41,1.88
131.0 ,Urogenital trichomoniasis,Infectious and parasitic diseases,1913,5,0.95,1,0.31,2.23
787.9 ,Other symptoms involving digestive...,"Comorbidities, signs, and ill-defined...",10734,28,0.95,0.9260166011,0.63,1.38
845.19 ,Other sprain of foot,Injury and poisoning,2683,7,0.95,1,0.38,1.97
848.8 ,Other specified sites of sprains...,Injury and poisoning,6522,17,0.95,1,0.55,1.53
697.9 ,"Lichen, unspecified",Diseases of the skin and subcutaneous...,1912,5,0.95,1,0.31,2.23
706.8 ,Other specified diseases of sebaceous...,Diseases of the skin and subcutaneous...,4671,12,0.94,1,0.48,1.64
487 ,Influenza,Diseases of the respiratory system,22030,57,0.94,0.745431947,0.71,1.23
253.9 ,Unspecified disorder of the pituitary...,"Endocrine, nutritional and metabolic...",1943,5,0.94,1,0.3,2.2
692 ,Contact dermatitis and other eczema,Diseases of the skin and subcutaneous...,41295,107,0.94,0.6002199202,0.77,1.14
005.9 ,"Food poisoning, unspecified",Infectious and parasitic diseases,2356,6,0.93,1,0.34,2.03
256 ,Hyperestrogenism,"Endocrine, nutritional and metabolic...",1968,5,0.93,1,0.3,2.17
307.4 ,Specific disorders of sleep of...,Mental disorders,2362,6,0.93,1,0.34,2.02
880.03 ,"Open wound of upper arm, without...",Injury and poisoning,2749,7,0.93,1,0.37,1.92
884 ,Multiple and unspecified open...,Injury and poisoning,3520,9,0.93,1,0.43,1.77
388.8 ,Other disorders of ear,Diseases of the nervous system,3172,8,0.92,1,0.4,1.82
478.4 ,Polyp of vocal cord or larynx,Diseases of the respiratory system,6721,17,0.92,0.9065373776,0.54,1.48
137.0 ,Late effects of respiratory or...,Infectious and parasitic diseases,2379,6,0.92,1,0.34,2.01
643.13 ,Hyperemesis gravidarum with metabolic...,"Complications of pregnancy, childbirth,...",74500,188,0.92,0.2668416987,0.79,1.06
616.3 ,Abscess of Bartholin's gland,Diseases of the genitourinary...,3217,8,0.91,1,0.39,1.79
296.30 ,"Major depressive affective disorder,...",Mental disorders,2802,7,0.91,1,0.37,1.88
892 ,Open wound of foot except toe(s)...,Injury and poisoning,2821,7,0.91,1,0.36,1.87
380.2 ,Other otitis externa,Diseases of the nervous system,3662,9,0.9,0.8745961317,0.41,1.71
614.5 ,"Acute or unspecified pelvic peritonitis,...",Diseases of the genitourinary...,28077,69,0.9,0.3881202412,0.7,1.14
615.1 ,Chronic inflammatory diseases...,Diseases of the genitourinary...,2426,6,0.9,1,0.33,1.97
958.3 ,Posttraumatic wound infection...,Injury and poisoning,12966,32,0.9,0.6130185441,0.61,1.27
724.7 ,Disorders of coccyx,Diseases of the musculoskeletal...,2038,5,0.9,1,0.29,2.09
626.5 ,Ovulation bleeding,Diseases of the genitourinary...,6051,15,0.9,0.8054275892,0.51,1.49
635.90 ,"Legally induced abortion, without...","Complications of pregnancy, childbirth,...",12574,31,0.9,0.6678421678,0.61,1.28
216.5 ,"Benign neoplasm of skin of trunk,...",Neoplasms,2854,7,0.9,1,0.36,1.85
794.8 ,Nonspecific abnormal results of...,"Comorbidities, signs, and ill-defined...",7299,18,0.9,0.7368534702,0.53,1.42
280 ,Iron deficiency anemias,Diseases of the blood and blood-forming...,4885,12,0.9,0.8903715256,0.46,1.57
555.9 ,Regional enteritis of unspecified...,Diseases of the digestive system,16620,41,0.9,0.5508731756,0.64,1.22
722.73 ,Intervertebral disc disorder with...,Diseases of the musculoskeletal...,2858,7,0.89,1,0.36,1.85
726 ,Peripheral enthesopathies and...,Diseases of the musculoskeletal...,2868,7,0.89,1,0.36,1.84
244.9 ,Unspecified acquired hypothyroidism,"Endocrine, nutritional and metabolic...",7349,18,0.89,0.7369926222,0.53,1.41
648.03 ,"Diabetes mellitus of mother, complicating...","Complications of pregnancy, childbirth,...",2456,6,0.89,1,0.33,1.94
285.8 ,Other specified anemias,Diseases of the blood and blood-forming...,4100,10,0.89,0.8806128787,0.43,1.64
300 ,Neurotic disorders,Mental disorders,16845,41,0.89,0.5046279572,0.64,1.21
614.4 ,Chronic or unspecified parametritis...,Diseases of the genitourinary...,8299,20,0.88,0.6729739616,0.54,1.36
535.0 ,Acute gastritis,Diseases of the digestive system,59049,143,0.88,0.1384210862,0.74,1.04
560.1 ,Paralytic ileus,Diseases of the digestive system,4160,10,0.88,0.8811588873,0.42,1.62
692.0 ,Contact dermatitis and other eczema...,Diseases of the skin and subcutaneous...,61042,147,0.88,0.1149278544,0.74,1.03
923.8 ,Contusion of multiple sites of...,Injury and poisoning,3753,9,0.87,0.8750787671,0.4,1.66
927.3 ,Crushing injury of finger(s),Injury and poisoning,3351,8,0.87,0.8681779828,0.38,1.72
464.11 ,Acute tracheitis with obstruction,Diseases of the respiratory system,12608,30,0.87,0.4937914663,0.58,1.24
464.30 ,Acute epiglottitis without mention...,Diseases of the respiratory system,5864,14,0.87,0.7073989865,0.48,1.46
626.6 ,Metrorrhagia,Diseases of the genitourinary...,104804,253,0.87,0.0382561197,0.77,0.99
643.0 ,Mild hyperemesis gravidarum,"Complications of pregnancy, childbirth,...",15993,38,0.87,0.446448842,0.61,1.19
650 ,Normal delivery,"Complications of pregnancy, childbirth,...",10931,26,0.87,0.5210013098,0.57,1.27
686 ,Other local infections of skin...,Diseases of the skin and subcutaneous...,13906,33,0.87,0.4631128485,0.59,1.22
854 ,Intracranial injury of other and...,Injury and poisoning,3338,8,0.87,0.8680943013,0.38,1.73
883.1 ,"Open wound of finger(s), complicated",Injury and poisoning,4637,11,0.87,0.777739373,0.43,1.55
640.8 ,Other specified hemorrhage in...,"Complications of pregnancy, childbirth,...",2531,6,0.86,1,0.32,1.89
641.93 ,"Unspecified antepartum hemorrhage,...","Complications of pregnancy, childbirth,...",28387,67,0.86,0.229515002,0.66,1.09
783.2 ,Abnormal loss of weight,"Comorbidities, signs, and ill-defined...",3384,8,0.86,0.8684702332,0.37,1.7
843.9 ,Sprains and strains of unspecified...,Injury and poisoning,3399,8,0.86,0.8686403262,0.37,1.7
850 ,Concussion,Injury and poisoning,7190,17,0.86,0.6503341748,0.5,1.38
897.0 ,Traumatic amputation of leg(s)...,Injury and poisoning,2544,6,0.86,1,0.32,1.88
616.11 ,Vaginitis and vulvovaginitis in...,Diseases of the genitourinary...,57109,133,0.85,0.0557987664,0.71,1
624.9 ,Unspecified noninflammatory disorder...,Diseases of the genitourinary...,2988,7,0.85,0.860406063,0.34,1.76
728.8 ,"Other disorders of muscle, ligament...",Diseases of the musculoskeletal...,2579,6,0.85,0.8507314571,0.31,1.85
529.0 ,Glossitis,Diseases of the digestive system,2146,5,0.85,1,0.28,1.99
590 ,Infections of kidney,Diseases of the genitourinary...,2573,6,0.85,0.8507113883,0.31,1.86
643.10 ,Hyperemesis gravidarum with metabolic...,"Complications of pregnancy, childbirth,...",5253,12,0.83,0.6900514173,0.43,1.46
558.1 ,Gastroenteritis and colitis due...,Diseases of the digestive system,2653,6,0.83,0.851436029,0.3,1.8
614 ,"Inflammatory disease of ovary,...",Diseases of the genitourinary...,6670,15,0.82,0.5557995358,0.46,1.35
625.5 ,Pelvic congestion syndrome,Diseases of the genitourinary...,4470,10,0.82,0.6658372769,0.39,1.5
349 ,Other and unspecified disorders...,Diseases of the nervous system,2229,5,0.82,0.8392096381,0.27,1.91
215.0 ,Other benign neoplasm of connective...,Neoplasms,4064,9,0.81,0.6513800239,0.37,1.54
647.83 ,Other specified infectious and...,"Complications of pregnancy, childbirth,...",4937,11,0.81,0.5856643914,0.41,1.46
648.93 ,Other current conditions classifiable...,"Complications of pregnancy, childbirth,...",9417,21,0.81,0.4275616437,0.5,1.24
560.39 ,Other impaction of intestine,Diseases of the digestive system,4043,9,0.81,0.6511498471,0.37,1.54
870.0 ,Laceration of skin of eyelid and...,Injury and poisoning,2257,5,0.81,0.8395020483,0.26,1.89
371.89 ,Other corneal disorders,Diseases of the nervous system,3175,7,0.8,0.7327232076,0.32,1.66
629.8 ,Other specified disorders of female...,Diseases of the genitourinary...,16486,36,0.8,0.2021753312,0.56,1.1
780 ,General symptoms,"Comorbidities, signs, and ill-defined...",4553,10,0.8,0.5709871095,0.38,1.48
644.13 ,"Other threatened labor, antepartum...","Complications of pregnancy, childbirth,...",7736,17,0.8,0.4439974953,0.47,1.28
786.1 ,Stridor,"Comorbidities, signs, and ill-defined...",2289,5,0.8,0.8400170216,0.26,1.86
300.89 ,Other somatoform disorders,Mental disorders,2740,6,0.8,0.7156049878,0.29,1.74
881.0 ,"Open wound of elbow, forearm,...",Injury and poisoning,2280,5,0.8,0.8398530757,0.26,1.87
704.01 ,Alopecia areata,Diseases of the skin and subcutaneous...,5098,11,0.79,0.5028635263,0.39,1.41
913.0 ,"Abrasion or friction burn of elbow,...",Injury and poisoning,14232,31,0.79,0.2263935447,0.54,1.13
382.0 ,Acute suppurative otitis media,Diseases of the nervous system,2754,6,0.79,0.7156647532,0.29,1.73
614.0 ,Acute salpingitis and oophoritis,Diseases of the genitourinary...,21700,47,0.79,0.1161969777,0.58,1.05
455.3 ,External hemorrhoids without mention...,Diseases of the circulatory system,4164,9,0.79,0.6537753559,0.36,1.5
253.4 ,Other anterior pituitary disorders,"Endocrine, nutritional and metabolic...",3689,8,0.79,0.6355404576,0.34,1.56
351.0 ,Bell's palsy,Diseases of the nervous system,3248,7,0.79,0.7345684577,0.32,1.62
617 ,Endometriosis,Diseases of the genitourinary...,3292,7,0.78,0.6171305448,0.31,1.6
617.8 ,Endometriosis of other specified...,Diseases of the genitourinary...,2350,5,0.78,0.8415073564,0.25,1.81
491.1 ,Mucopurulent chronic bronchitis,Diseases of the respiratory system,3293,7,0.78,0.6171367307,0.31,1.6
640.90 ,Unspecified hemorrhage in early...,"Complications of pregnancy, childbirth,...",13615,29,0.78,0.1876720052,0.52,1.12
643.00 ,"Mild hyperemesis gravidarum, unspecified...","Complications of pregnancy, childbirth,...",24569,53,0.78,0.0848181064,0.59,1.03
674.34 ,Other complications of obstetrical...,"Complications of pregnancy, childbirth,...",17297,37,0.78,0.143122448,0.55,1.08
577.0 ,Acute pancreatitis,Diseases of the digestive system,2351,5,0.78,0.8415371212,0.25,1.81
372.8 ,Other disorders of conjunctiva,Diseases of the nervous system,3262,7,0.78,0.7350491103,0.31,1.62
611.79 ,Other signs and symptoms in breast,Diseases of the genitourinary...,2839,6,0.77,0.7171504134,0.28,1.68
919 ,"Superficial injury of other, multiple,...",Injury and poisoning,2837,6,0.77,0.7170939299,0.28,1.68
873.4 ,"Facial laceration, without mention...",Injury and poisoning,8551,18,0.77,0.2993579454,0.45,1.21
706 ,Diseases of sebaceous glands,Diseases of the skin and subcutaneous...,2869,6,0.76,0.7181176133,0.28,1.66
371.42 ,Recurrent erosion of cornea,Diseases of the nervous system,6746,14,0.76,0.3499225786,0.41,1.27
923.21 ,Contusion of wrist,Injury and poisoning,3829,8,0.76,0.5364259099,0.33,1.5
924.1 ,Contusion of knee and lower leg,Injury and poisoning,3375,7,0.76,0.6186282958,0.3,1.56
620.0 ,Follicular cyst of ovary,Diseases of the genitourinary...,6680,14,0.76,0.4094752307,0.42,1.28
637 ,Unspecified abortion,"Complications of pregnancy, childbirth,...",7198,15,0.76,0.364037268,0.42,1.25
640.00 ,"Threatened abortion, unspecified...","Complications of pregnancy, childbirth,...",50283,106,0.76,0.0048860282,0.62,0.93
680.2 ,Carbuncle and furuncle of trunk,Diseases of the skin and subcutaneous...,1912,4,0.76,0.8251733169,0.21,1.96
850.0 ,Concussion with no loss of consciousness,Injury and poisoning,13374,28,0.76,0.1827509504,0.51,1.1
307.42 ,Persistent disorder of initiating...,Mental disorders,4787,10,0.76,0.4874082636,0.36,1.4
692.8 ,"Contact dermatitis and other eczema,...",Diseases of the skin and subcutaneous...,7652,16,0.76,0.3233887661,0.44,1.24
583 ,"Nephritis and nephropathy, not...",Diseases of the genitourinary...,1930,4,0.76,0.825605606,0.21,1.94
611.7 ,Signs and symptoms in breast,Diseases of the genitourinary...,2904,6,0.75,0.595898653,0.28,1.64
715.00 ,"Osteoarthrosis, generalized, site...",Diseases of the musculoskeletal...,2437,5,0.75,0.6965312783,0.24,1.75
402.90 ,Unspecified hypertensive heart...,Diseases of the circulatory system,2435,5,0.75,0.6964847967,0.24,1.75
616.4 ,Other abscess of vulva,Diseases of the genitourinary...,4884,10,0.75,0.4902562361,0.36,1.38
070 ,Viral hepatitis,Infectious and parasitic diseases,2444,5,0.75,0.6967039654,0.24,1.74
524.60 ,"Temporomandibular joint disorders,...",Diseases of the digestive system,4358,9,0.75,0.4690873618,0.34,1.43
555.1 ,Regional enteritis of large intestine,Diseases of the digestive system,4359,9,0.75,0.4690898008,0.34,1.43
881.01 ,"Open wound of elbow, without mention...",Injury and poisoning,3867,8,0.75,0.5368378993,0.33,1.49
349.9 ,Unspecified disorders of nervous...,Diseases of the nervous system,9270,19,0.75,0.231296262,0.45,1.17
380.1 ,Infective otitis externa,Diseases of the nervous system,4917,10,0.74,0.4122937483,0.36,1.37
706.2 ,Sebaceous cyst,Diseases of the skin and subcutaneous...,19140,39,0.74,0.0604499331,0.53,1.02
916.9 ,Other and unspecified superficial...,Injury and poisoning,1984,4,0.74,0.8273431596,0.2,1.89
729.81 ,Swelling of limb,Diseases of the musculoskeletal...,1975,4,0.74,0.8270091737,0.2,1.9
259.9 ,Unspecified endocrine disorder,"Endocrine, nutritional and metabolic...",9813,20,0.74,0.2073731129,0.45,1.15
464 ,Acute laryngitis and tracheitis,Diseases of the respiratory system,58117,118,0.73,0.0005974257,0.61,0.88
643.03 ,"Mild hyperemesis gravidarum, antepartum...","Complications of pregnancy, childbirth,...",15856,32,0.73,0.0922952302,0.5,1.04
535.01 ,"Acute gastritis, with hemorrhage",Diseases of the digestive system,4002,8,0.73,0.4494476938,0.31,1.44
674.30 ,Other complications of obstetrical...,"Complications of pregnancy, childbirth,...",1986,4,0.73,0.827419716,0.2,1.88
881 ,"Open wound of elbow, forearm,...",Injury and poisoning,3501,7,0.73,0.5161378021,0.29,1.5
448.1 ,"Nevus, non-neoplastic",Diseases of the circulatory system,2535,5,0.72,0.7003132363,0.23,1.68
719.49 ,"Pain in joint, multiple sites",Diseases of the musculoskeletal...,4574,9,0.72,0.3943005506,0.33,1.36
839.8 ,"Closed dislocation, multiple and...",Injury and poisoning,5067,10,0.72,0.3467775142,0.34,1.33
919.1 ,"Abrasion or friction burn of other,...",Injury and poisoning,3063,6,0.71,0.6001207364,0.26,1.56
919.9 ,Other and unspecified superficial...,Injury and poisoning,3101,6,0.71,0.4918242156,0.26,1.54
640 ,Hemorrhage in early pregnancy,"Complications of pregnancy, childbirth,...",19540,38,0.71,0.0325053062,0.5,0.97
781.9 ,Other symptoms involving nervous...,"Comorbidities, signs, and ill-defined...",3603,7,0.71,0.5197410699,0.28,1.46
528 ,"Disease of the oral soft tissues,...",Diseases of the digestive system,2062,4,0.71,0.6716961896,0.19,1.82
571.5 ,Cirrhosis of liver without mention...,Diseases of the digestive system,2049,4,0.71,0.6713887697,0.19,1.83
917.0 ,Abrasion or friction burn of foot...,Injury and poisoning,7259,14,0.7,0.2149626893,0.38,1.18
891.1 ,"Open wound of knee, leg [except...",Injury and poisoning,6787,13,0.7,0.2424980039,0.37,1.2
637.9 ,Legally unspecified abortion without...,"Complications of pregnancy, childbirth,...",2650,5,0.69,0.5733262118,0.22,1.61
573.8 ,Other specified disorders of liver,Diseases of the digestive system,2119,4,0.69,0.6738345304,0.19,1.77
880.00 ,"Open wound of shoulder region,...",Injury and poisoning,2658,5,0.69,0.573699988,0.22,1.6
590.1 ,Acute pyelonephritis,Diseases of the genitourinary...,4748,9,0.69,0.3290535952,0.32,1.31
214.9 ,"Lipoma, unspecified site",Neoplasms,2137,4,0.68,0.6747672687,0.19,1.75
555.0 ,Regional enteritis of small intestine,Diseases of the digestive system,4258,8,0.68,0.3755537768,0.3,1.35
959.8 ,"Other specified sites, including...",Injury and poisoning,2183,4,0.67,0.5402049298,0.18,1.71
782.2 ,"Localized superficial swelling,...","Comorbidities, signs, and ill-defined...",2175,4,0.67,0.5401658456,0.18,1.72
242.0 ,Toxic diffuse goiter,"Endocrine, nutritional and metabolic...",3244,6,0.67,0.402356845,0.25,1.47
656.53 ,"Poor fetal growth, affecting management...","Complications of pregnancy, childbirth,...",7617,14,0.67,0.1519538647,0.37,1.13
686.1 ,Pyogenic granuloma of skin and...,Diseases of the skin and subcutaneous...,2186,4,0.67,0.5402280621,0.18,1.71
379.91 ,Pain in or around eye,Diseases of the nervous system,3303,6,0.66,0.4030434987,0.24,1.44
945.00 ,Burn of unspecified degree of...,Injury and poisoning,3885,7,0.66,0.3533777036,0.26,1.36
533.00 ,Acute peptic ulcer of unspecified...,Diseases of the digestive system,6653,12,0.66,0.1582793441,0.34,1.15
674.3 ,Other complications of obstetrical...,"Complications of pregnancy, childbirth,...",2224,4,0.66,0.5409151716,0.18,1.68
218.1 ,Intramural leiomyoma of uterus,Neoplasms,2228,4,0.65,0.541029378,0.18,1.68
648.23 ,"Anemia of mother, antepartum condition...","Complications of pregnancy, childbirth,...",5567,10,0.65,0.1993500607,0.31,1.21
844.2 ,Sprain of cruciate ligament of...,Injury and poisoning,2231,4,0.65,0.5411201888,0.18,1.68
611.8 ,Other specified disorders of breast,Diseases of the genitourinary...,2838,5,0.64,0.4676630637,0.21,1.5
111.9 ,"Dermatomycosis, unspecified",Infectious and parasitic diseases,6241,11,0.64,0.179454291,0.32,1.15
310.2 ,Postconcussion syndrome,Mental disorders,4583,8,0.64,0.2548584263,0.27,1.26
634.00 ,"Spontaneous abortion, complicated...","Complications of pregnancy, childbirth,...",2894,5,0.63,0.3739069522,0.2,1.47
658.03 ,"Oligohydramnios, antepartum condition...","Complications of pregnancy, childbirth,...",3490,6,0.63,0.3279696053,0.23,1.37
924.4 ,Contusion of multiple sites of...,Injury and poisoning,5266,9,0.62,0.1847092091,0.28,1.18
256.8 ,Other ovarian dysfunction,"Endocrine, nutritional and metabolic...",6456,11,0.62,0.1203669413,0.31,1.11
816.00 ,Closed fracture of phalanx or...,Injury and poisoning,2334,4,0.62,0.5468118018,0.17,1.6
924.8 ,"Contusion of multiple sites, not...",Injury and poisoning,2969,5,0.61,0.3758559114,0.2,1.43
360.89 ,Other disorders of globe,Diseases of the nervous system,3600,6,0.61,0.2636312137,0.22,1.32
610 ,Benign mammary dysplasias,Diseases of the genitourinary...,4878,8,0.6,0.1683765588,0.26,1.18
616.5 ,Ulceration of vulva,Diseases of the genitourinary...,3671,6,0.6,0.265170997,0.22,1.3
131.01 ,Trichomonal vulvovaginitis,Infectious and parasitic diseases,8543,14,0.6,0.0483569473,0.33,1
277.9 ,Unspecified disorder of metabolism,"Endocrine, nutritional and metabolic...",2432,4,0.6,0.4332211667,0.16,1.54
873 ,Other open wound of head,Injury and poisoning,4279,7,0.6,0.188129819,0.24,1.23
911.4 ,"Insect bite, nonvenomous of trunk,...",Injury and poisoning,2485,4,0.59,0.4365609283,0.16,1.5
716 ,Other and unspecified arthropathies,Diseases of the musculoskeletal...,2459,4,0.59,0.4347510739,0.16,1.52
478.8 ,Upper respiratory tract hypersensitivity...,Diseases of the respiratory system,5005,8,0.58,0.1356291259,0.25,1.15
471.0 ,Polyp of nasal cavity,Diseases of the respiratory system,1919,3,0.57,0.5062879786,0.12,1.67
644.00 ,"Threatened premature labor, unspecified...","Complications of pregnancy, childbirth,...",17109,27,0.57,0.0024735357,0.38,0.84
656.30 ,"Fetal distress, affecting management...","Complications of pregnancy, childbirth,...",1931,3,0.57,0.5072083921,0.12,1.66
716.98 ,"Arthropathy, unspecified, other...",Diseases of the musculoskeletal...,1949,3,0.56,0.5087400574,0.12,1.64
719.48 ,"Pain in joint, other specified...",Diseases of the musculoskeletal...,1999,3,0.55,0.3910824036,0.11,1.6
648.0 ,Diabetes mellitus in the mother...,"Complications of pregnancy, childbirth,...",7920,12,0.55,0.039378661,0.28,0.96
656.4 ,"Intrauterine death, affecting...","Complications of pregnancy, childbirth,...",1976,3,0.55,0.3907411607,0.11,1.62
873.42 ,"Open wound of forehead, without...",Injury and poisoning,1988,3,0.55,0.3908759944,0.11,1.61
959.7 ,"Knee, leg, ankle, and foot injury",Injury and poisoning,5516,8,0.53,0.069589175,0.23,1.04
923.03 ,Contusion of upper arm,Injury and poisoning,2132,3,0.51,0.3017960456,0.11,1.5
621.1 ,Chronic subinvolution of uterus,Diseases of the genitourinary...,2852,4,0.51,0.2087624691,0.14,1.31
634.01 ,"Spontaneous abortion, complicated...","Complications of pregnancy, childbirth,...",7813,11,0.51,0.0218989888,0.26,0.92
524.6 ,Temporomandibular joint disorders,Diseases of the digestive system,2202,3,0.5,0.303511292,0.1,1.45
646.90 ,"Unspecified complication of pregnancy,...","Complications of pregnancy, childbirth,...",14483,20,0.5,0.0007675334,0.31,0.78
648.83 ,Abnormal glucose tolerance of...,"Complications of pregnancy, childbirth,...",8704,12,0.5,0.0129868025,0.26,0.88
306.1 ,Respiratory malfunction arising...,Mental disorders,2172,3,0.5,0.3024121517,0.1,1.47
306.8 ,Other specified psychophysiological...,Mental disorders,4333,6,0.5,0.1064589518,0.18,1.1
386.0 ,Meniere's disease,Diseases of the nervous system,2213,3,0.49,0.3040478733,0.1,1.45
648.80 ,Abnormal glucose tolerance of...,"Complications of pregnancy, childbirth,...",2243,3,0.49,0.3058674459,0.1,1.43
533.40 ,Chronic or unspecified peptic...,Diseases of the digestive system,5200,7,0.49,0.0606861162,0.2,1.01
640.83 ,Other specified hemorrhage in...,"Complications of pregnancy, childbirth,...",4523,6,0.48,0.0843711786,0.18,1.05
614.7 ,"Other chronic pelvic peritonitis,...",Diseases of the genitourinary...,4642,6,0.47,0.0652651872,0.17,1.03
695.89 ,Other specified erythematous conditions,Diseases of the skin and subcutaneous...,3108,4,0.47,0.1645814429,0.13,1.2
890.0 ,"Open wound of hip and thigh, without...",Injury and poisoning,4711,6,0.46,0.0501247591,0.17,1.01
622.8 ,Other specified noninflammatory...,Diseases of the genitourinary...,3215,4,0.45,0.1255237723,0.12,1.16
998.3 ,Disruption of operation wound,Injury and poisoning,2428,3,0.45,0.2368985357,0.09,1.32
786.0 ,Dyspnea and respiratory abnormalities,"Comorbidities, signs, and ill-defined...",4852,6,0.45,0.038835753,0.16,0.98
810.00 ,"Closed fracture of clavicle, unspecified...",Injury and poisoning,2413,3,0.45,0.2358281989,0.09,1.33
847.1 ,Sprain of thoracic,Injury and poisoning,2413,3,0.45,0.2358281989,0.09,1.33
641.90 ,"Unspecified antepartum hemorrhage,...","Complications of pregnancy, childbirth,...",4095,5,0.44,0.0698867053,0.14,1.04
269.2 ,Unspecified vitamin deficiency,"Endocrine, nutritional and metabolic...",2564,3,0.43,0.1798620676,0.09,1.25
780.3 ,Convulsions,"Comorbidities, signs, and ill-defined...",2723,3,0.4,0.1368075677,0.08,1.17
829.0 ,"Fracture of unspecified bone,...",Injury and poisoning,2806,3,0.39,0.1014278081,0.08,1.14
295 ,Schizophrenic disorders,Mental disorders,2894,3,0.38,0.1041349178,0.08,1.1
640.9 ,Unspecified hemorrhage in early...,"Complications of pregnancy, childbirth,...",11653,12,0.37,0.0001134608,0.19,0.65
300.3 ,Obsessive-compulsive disorders,Mental disorders,1951,2,0.37,0.1905490551,0.05,1.35
580 ,Acute glomerulonephritis,Diseases of the genitourinary...,1971,2,0.37,0.1912552576,0.04,1.34
707.9 ,Chronic ulcer of unspecified site,Diseases of the skin and subcutaneous...,2089,2,0.35,0.1409302017,0.04,1.26
737.43 ,Scoliosis associated with other...,Diseases of the musculoskeletal...,2067,2,0.35,0.1407098503,0.04,1.28
648.9 ,Other current conditions classifiable...,"Complications of pregnancy, childbirth,...",2117,2,0.34,0.1415722731,0.04,1.24
541 ,"Appendicitis, unqualified",Diseases of the digestive system,2126,2,0.34,0.1418635705,0.04,1.24
879.6 ,Open wound of other and unspecified...,Injury and poisoning,2224,2,0.33,0.103841786,0.04,1.18
945.24 ,"Blisters, epidermal loss [second...",Injury and poisoning,2309,2,0.32,0.1057868293,0.04,1.14
674.90 ,"Unspecified complications of puerperium,...","Complications of pregnancy, childbirth,...",3414,3,0.32,0.0316431713,0.07,0.94
616.50 ,"Ulceration of vulva, unspecified",Diseases of the genitourinary...,6938,6,0.31,0.0011137329,0.12,0.68
588.9 ,Unspecified disorder resulting...,Diseases of the genitourinary...,2368,2,0.31,0.0763113863,0.04,1.11
634 ,Spontaneous abortion,"Complications of pregnancy, childbirth,...",2503,2,0.29,0.0795318768,0.04,1.05
648.8 ,Abnormal glucose tolerance of...,"Complications of pregnancy, childbirth,...",2498,2,0.29,0.0793067923,0.04,1.05
656.63 ,"Excessive fetal growth, affecting...","Complications of pregnancy, childbirth,...",3897,3,0.28,0.0129157964,0.06,0.82
894.1 ,Multiple and unspecified open...,Injury and poisoning,2585,2,0.28,0.0565616004,0.03,1.02
892.1 ,Open wound of foot except toe(s)...,Injury and poisoning,2913,2,0.25,0.030525751,0.03,0.9
659 ,Failed mechanical induction of...,"Complications of pregnancy, childbirth,...",3532,2,0.21,0.0086154534,0.02,0.74
610.3 ,Fibrosclerosis of breast,Diseases of the genitourinary...,2164,1,0.17,0.0366048347,0,0.94
882.1 ,Open wound of hand except finger(s)...,Injury and poisoning,2310,1,0.16,0.0259590726,0,0.88
648.20 ,"Anemia of mother, unspecified...","Complications of pregnancy, childbirth,...",2434,1,0.15,0.0182401068,0,0.83
656.50 ,"Poor fetal growth, affecting management...","Complications of pregnancy, childbirth,...",2428,1,0.15,0.0182100058,0,0.84
625 ,Pain and other symptoms associated...,Diseases of the genitourinary...,2735,1,0.13,0.0091500954,0,0.74
674.80 ,"Other complications of puerperium,...","Complications of pregnancy, childbirth,...",3380,1,0.11,0.0023854087,0,0.6
646.80 ,Other specified complications...,"Complications of pregnancy, childbirth,...",3608,1,0.1,0.001126534,0,0.56
669.93 ,Unspecified complication of labor...,"Complications of pregnancy, childbirth,...",4740,1,0.08,0.0000661039,0,0.43
