disease_2,disease_name,category,count,co_occurrence,odds_ratio,p_value,95_ci_lower,95_ci_upper
726.5 ,Enthesopathy of hip region,Diseases of the musculoskeletal...,1174,47,11.68,7.472482e-33,8.5,15.7
726.6 ,Enthesopathy of knee,Diseases of the musculoskeletal...,2298,86,11.09,1.239475e-56,8.79,13.83
533.10 ,Acute peptic ulcer of unspecified...,Diseases of the digestive system,1408,51,10.54,1.818284e-33,7.78,14
726.11 ,Calcifying tendinitis of shoulder,Diseases of the musculoskeletal...,1312,41,9,8.498019e-25,6.41,12.33
726.10 ,Disorders of bursae and tendons...,Diseases of the musculoskeletal...,4483,106,6.96,1.405568e-50,5.65,8.49
726.71 ,Achilles bursitis or tendinitis,Diseases of the musculoskeletal...,1156,26,6.37,0.0000000000005298986,4.13,9.42
720.1 ,Spinal enthesopathy,Diseases of the musculoskeletal...,1711,38,6.32,3.937549e-18,4.45,8.75
555.2 ,Regional enteritis of small intestine...,Diseases of the digestive system,1704,37,6.18,2.197051e-17,4.32,8.58
786.4 ,Abnormal sputum,"Comorbidities, signs, and ill-defined...",1104,23,5.88,0.00000000005066759,3.7,8.9
726.19 ,Other specified disorders of bursae...,Diseases of the musculoskeletal...,3664,73,5.75,1.420273e-30,4.47,7.28
715.10 ,"Osteoarthrosis, localized, primary,...",Diseases of the musculoskeletal...,4747,93,5.7,4.84087e-38,4.57,7.03
726.2 ,"Other affections of shoulder region,...",Diseases of the musculoskeletal...,1338,27,5.7,0.000000000002293556,3.73,8.37
473.8 ,Other chronic sinusitis,Diseases of the respiratory system,1751,35,5.67,0.000000000000001825625,3.92,7.94
715.11 ,"Osteoarthrosis, localized, primary,...",Diseases of the musculoskeletal...,2184,42,5.47,1.137485e-17,3.91,7.44
715.09 ,"Osteoarthrosis, generalized, multiple...",Diseases of the musculoskeletal...,5909,109,5.39,4.77305e-42,4.4,6.56
727.06 ,Tenosynovitis of foot and ankle,Diseases of the musculoskeletal...,1590,30,5.33,0.0000000000007604937,3.58,7.67
715.89 ,"Osteoarthrosis involving, or with...",Diseases of the musculoskeletal...,1526,28,5.18,0.000000000008269601,3.42,7.54
716.96 ,"Arthropathy, unspecified, lower...",Diseases of the musculoskeletal...,5586,99,5.15,7.117463e-37,4.16,6.32
715.1 ,"Osteoarthrosis, localized, primary",Diseases of the musculoskeletal...,3329,59,5.06,1.655544e-22,3.83,6.58
715.16 ,"Osteoarthrosis, localized, primary,...",Diseases of the musculoskeletal...,26004,395,5.05,5.08586e-129,4.51,5.65
727.9 ,"Unspecified disorder of synovium,...",Diseases of the musculoskeletal...,2392,42,4.98,2.606282e-16,3.57,6.78
717.9 ,Unspecified internal derangement...,Diseases of the musculoskeletal...,1652,29,4.95,0.00000000001008653,3.3,7.16
727.05 ,Other tenosynovitis of hand and...,Diseases of the musculoskeletal...,1709,29,4.78,0.0000000000223385,3.18,6.92
719.46 ,"Pain in joint, lower leg",Diseases of the musculoskeletal...,12124,189,4.7,1.713263e-61,4.02,5.47
715.36 ,"Osteoarthrosis, localized, not...",Diseases of the musculoskeletal...,34145,456,4.54,1.599e-130,4.08,5.05
715.26 ,"Osteoarthrosis, localized, secondary,...",Diseases of the musculoskeletal...,4746,74,4.47,1.38755e-24,3.49,5.65
722.93 ,"Other and unspecified disc disorder,...",Diseases of the musculoskeletal...,3500,55,4.47,8.777285e-19,3.35,5.86
277.2 ,Other disorders of purine and...,"Endocrine, nutritional and metabolic...",1131,18,4.46,0.00000032703537,2.63,7.1
290.21 ,Senile dementia with depressive...,Mental disorders,1652,26,4.42,0.0000000011237339,2.87,6.53
715.96 ,"Osteoarthrosis, unspecified whether...",Diseases of the musculoskeletal...,17449,246,4.34,4.911583e-72,3.78,4.97
354.9 ,"Mononeuritis of upper limb, unspecified",Diseases of the nervous system,1437,22,4.29,0.000000033323323,2.68,6.55
716.66 ,"Unspecified monoarthritis, lower...",Diseases of the musculoskeletal...,3128,47,4.26,0.000000000000001496745,3.11,5.7
727.09 ,Other synovitis and tenosynovitis,Diseases of the musculoskeletal...,3130,47,4.25,0.000000000000001532029,3.11,5.69
274.89 ,Gout with other specified manifestations,"Endocrine, nutritional and metabolic...",2349,35,4.2,0.000000000007314575,2.91,5.88
733.01 ,Senile osteoporosis,Diseases of the musculoskeletal...,7604,105,4,4.309399e-30,3.25,4.87
715.0 ,"Osteoarthrosis, generalized",Diseases of the musculoskeletal...,4653,65,3.98,2.269704e-19,3.05,5.11
715.30 ,"Osteoarthrosis, localized, not...",Diseases of the musculoskeletal...,5021,69,3.92,4.187861e-20,3.03,4.99
719.89 ,"Other specified disorders of joint,...",Diseases of the musculoskeletal...,1068,15,3.92,0.0000131973,2.18,6.52
726.9 ,Unspecified enthesopathy,Diseases of the musculoskeletal...,3464,48,3.92,0.0000000000000147385,2.87,5.23
693.1 ,Dermatitis due to food taken internally,Diseases of the skin and subcutaneous...,1146,16,3.9,0.0000074242664,2.22,6.38
715.00 ,"Osteoarthrosis, generalized, site...",Diseases of the musculoskeletal...,12217,161,3.9,2.745194e-43,3.29,4.59
727.01 ,Synovitis and tenosynovitis in...,Diseases of the musculoskeletal...,1585,22,3.89,0.000000176382,2.42,5.92
723.0 ,Spinal stenosis in cervical region,Diseases of the musculoskeletal...,3264,45,3.89,0.0000000000001149356,2.83,5.24
493.91 ,"Asthma, unspecified type, with...",Diseases of the respiratory system,6171,83,3.86,2.512626e-23,3.05,4.81
344.61 ,Cauda equina syndrome with neurogenic...,Diseases of the nervous system,2184,30,3.86,0.0000000014385499,2.59,5.54
924.11 ,Contusion of knee,Injury and poisoning,6029,80,3.8,3.521202e-22,2.99,4.76
844 ,Sprains and strains of knee and...,Injury and poisoning,1033,14,3.78,0.0000370569,2.06,6.39
726.32 ,Lateral epicondylitis,Diseases of the musculoskeletal...,2475,33,3.75,0.0000000004666429,2.57,5.29
923.21 ,Contusion of wrist,Injury and poisoning,1190,16,3.75,0.0000117516,2.13,6.14
727.89 ,"Other disorders of synovium, tendon,...",Diseases of the musculoskeletal...,1350,18,3.73,0.0000038589114,2.2,5.93
715.91 ,"Osteoarthrosis, unspecified whether...",Diseases of the musculoskeletal...,1126,15,3.72,0.0000241633,2.07,6.17
307.40 ,"Nonorganic sleep disorder, unspecified",Mental disorders,5049,66,3.72,3.202097e-18,2.86,4.76
722.1 ,Displacement of thoracic or lumbar...,Diseases of the musculoskeletal...,1661,22,3.71,0.00000038394708,2.31,5.65
919.9 ,Other and unspecified superficial...,Injury and poisoning,1245,16,3.59,0.0000202307,2.04,5.86
729 ,Other disorders of soft tissues,Diseases of the musculoskeletal...,1335,17,3.55,0.0000127057,2.06,5.73
726.12 ,Bicipital tenosynovitis,Diseases of the musculoskeletal...,1420,18,3.54,0.0000076128529,2.09,5.63
719.00 ,"Effusion of joint, site unspecified",Diseases of the musculoskeletal...,1352,17,3.51,0.0000148997,2.03,5.65
880.03 ,"Open wound of upper arm, without...",Injury and poisoning,1450,18,3.46,0.0000100471,2.04,5.51
350.1 ,Trigeminal neuralgia,Diseases of the nervous system,2773,34,3.44,0.0000000020865873,2.37,4.84
366.00 ,"Nonsenile cataract, unspecified",Diseases of the nervous system,2130,26,3.42,0.00000016843945,2.22,5.04
726.8 ,Other peripheral enthesopathies,Diseases of the musculoskeletal...,1311,16,3.4,0.000037254,1.94,5.56
716.59 ,Unspecified polyarthropathy or...,Diseases of the musculoskeletal...,2311,28,3.39,0.000000067044672,2.24,4.93
716.9 ,"Arthropathy, unspecified",Diseases of the musculoskeletal...,19054,215,3.39,2.624427e-47,2.93,3.91
558.2 ,Toxic gastroenteritis and colitis,Diseases of the digestive system,1151,14,3.39,0.0001149668,1.84,5.72
723.4 ,"Brachial neuritis or radiculitis,...",Diseases of the musculoskeletal...,3568,43,3.39,0.00000000002829427,2.44,4.6
716.90 ,"Arthropathy, unspecified, site...",Diseases of the musculoskeletal...,43791,446,3.36,3.567986e-88,3.02,3.74
998.5 ,Postoperative infection,Injury and poisoning,4141,49,3.34,0.000000000002305376,2.46,4.44
722.91 ,"Other and unspecified disc disorder,...",Diseases of the musculoskeletal...,1424,17,3.33,0.0000284112,1.93,5.36
723.3 ,Cervicobrachial syndrome (diffuse),Diseases of the musculoskeletal...,1763,21,3.33,0.0000035945105,2.05,5.12
682.5 ,Cellulitis and abscess of buttock,Diseases of the skin and subcutaneous...,1101,13,3.29,0.0002633227,1.74,5.66
532.00 ,"Acute duodenal ulcer with hemorrhage,...",Diseases of the digestive system,2983,35,3.29,0.0000000036800283,2.28,4.61
588.8 ,Secondary hyperparathyroidism...,Diseases of the genitourinary...,1876,22,3.27,0.0000027298697,2.04,4.99
729.5 ,Pain in limb,Diseases of the musculoskeletal...,10208,114,3.22,6.208499e-25,2.64,3.9
728.2 ,"Muscular wasting and disuse atrophy,...",Diseases of the musculoskeletal...,1566,18,3.2,0.0000273807,1.89,5.1
601.3 ,Prostatocystitis,Diseases of the genitourinary...,1051,12,3.18,0.000597574,1.63,5.58
682.4 ,"Cellulitis and abscess of hand,...",Diseases of the skin and subcutaneous...,1497,17,3.16,0.0000522772,1.83,5.1
693.9 ,Dermatitis due to unspecified...,Diseases of the skin and subcutaneous...,5817,64,3.12,0.00000000000002756529,2.39,4
725 ,Polymyalgia rheumatica,Diseases of the musculoskeletal...,2871,32,3.12,0.000000053415942,2.12,4.43
724.3 ,Sciatica,Diseases of the musculoskeletal...,46609,442,3.1,8.579687e-78,2.78,3.45
922 ,Contusion of trunk,Injury and poisoning,1887,21,3.1,0.0000099127701,1.91,4.77
845.09 ,Other sprains and strains of ankle,Injury and poisoning,1910,21,3.07,0.0000118412,1.89,4.71
266.9 ,Unspecified vitamin B deficiency,"Endocrine, nutritional and metabolic...",1548,17,3.06,0.0000781192,1.77,4.93
528.3 ,Cellulitis and abscess of oral...,Diseases of the digestive system,1190,13,3.04,0.000542899,1.61,5.23
719.48 ,"Pain in joint, other specified...",Diseases of the musculoskeletal...,3510,38,3.04,0.0000000068108941,2.14,4.19
916.1 ,"Abrasion or friction burn of hip,...",Injury and poisoning,2016,22,3.04,0.0000083324264,1.9,4.64
923 ,Contusion of upper limb,Injury and poisoning,1189,13,3.04,0.0005387327,1.61,5.23
715.90 ,"Osteoarthrosis, unspecified whether...",Diseases of the musculoskeletal...,79645,671,3.03,1.21299e-102,2.75,3.33
716.68 ,"Unspecified monoarthritis, other...",Diseases of the musculoskeletal...,1473,16,3.02,0.0001413436,1.72,4.94
723.9 ,Unspecified musculoskeletal disorders...,Diseases of the musculoskeletal...,1290,14,3.02,0.0003613624,1.64,5.1
380.23 ,Other chronic otitis externa,Diseases of the nervous system,4775,51,3.01,0.00000000003139383,2.23,3.98
569.3 ,Hemorrhage of rectum and anus,Diseases of the digestive system,3255,35,3.01,0.000000030966543,2.09,4.21
722.52 ,Degeneration of lumbar or lumbosacral...,Diseases of the musculoskeletal...,1577,17,3,0.0000973493,1.74,4.83
366.04 ,Nuclear cataract,Diseases of the nervous system,1118,12,2.98,0.0010122271,1.53,5.24
910 ,"Superficial injury of face, neck,...",Injury and poisoning,1121,12,2.98,0.0010353122,1.53,5.23
459.89 ,Other specified disorders of circulatory...,Diseases of the circulatory system,1589,17,2.98,0.0001064497,1.73,4.8
427.2 ,"Paroxysmal tachycardia, unspecified",Diseases of the circulatory system,2448,26,2.97,0.0000021532662,1.93,4.37
386.10 ,"Peripheral vertigo, unspecified",Diseases of the nervous system,11510,118,2.96,8.864604e-23,2.43,3.57
715.95 ,"Osteoarthrosis, unspecified whether...",Diseases of the musculoskeletal...,1040,11,2.94,0.0018045556,1.46,5.29
726.1 ,"Rotator cuff syndrome of shoulder,...",Diseases of the musculoskeletal...,1707,18,2.94,0.0000811169,1.73,4.67
370.33 ,"Keratoconjunctivitis sicca, not...",Diseases of the nervous system,2570,27,2.93,0.0000016944153,1.92,4.29
682.2 ,Cellulitis and abscess of trunk,Diseases of the skin and subcutaneous...,1723,18,2.91,0.0000910082,1.72,4.62
714.0 ,Rheumatoid arthritis,Diseases of the musculoskeletal...,11168,113,2.91,1.975791e-21,2.38,3.52
386.50 ,"Labyrinthine dysfunction, unspecified",Diseases of the nervous system,1825,19,2.9,0.0000616426,1.74,4.55
535.4 ,Other specified gastritis,Diseases of the digestive system,5242,54,2.9,0.00000000003111197,2.17,3.81
720.0 ,Ankylosing spondylitis,Diseases of the musculoskeletal...,2984,31,2.9,0.00000038107699,1.96,4.15
924.21 ,Contusion of ankle,Injury and poisoning,1634,17,2.9,0.0001475646,1.68,4.66
721.9 ,Spondylosis of unspecified site,Diseases of the musculoskeletal...,3289,34,2.89,0.00000011981858,1.99,4.07
715 ,Osteoarthrosis and allied disorders,Diseases of the musculoskeletal...,20359,198,2.88,8.721795e-35,2.47,3.34
729.4 ,"Fasciitis, unspecified",Diseases of the musculoskeletal...,37893,348,2.87,1.505877e-56,2.55,3.23
372.8 ,Other disorders of conjunctiva,Diseases of the nervous system,1160,12,2.87,0.0013774107,1.48,5.05
715.17 ,"Osteoarthrosis, localized, primary,...",Diseases of the musculoskeletal...,1357,14,2.87,0.0005907088,1.56,4.84
924.20 ,Contusion of foot,Injury and poisoning,2945,30,2.85,0.00000086420468,1.91,4.09
402.01 ,Malignant hypertensive heart disease...,Diseases of the circulatory system,1370,14,2.84,0.0006471754,1.55,4.79
854.0 ,Intracranial injury of other and...,Injury and poisoning,1764,18,2.84,0.0001213596,1.68,4.51
716.56 ,Unspecified polyarthropathy or...,Diseases of the musculoskeletal...,1571,16,2.83,0.0002872888,1.61,4.63
464.21 ,Acute laryngotracheitis with obstruction,Diseases of the respiratory system,1577,16,2.82,0.0002994083,1.61,4.61
353.1 ,Lumbosacral plexus lesions,Diseases of the nervous system,1892,19,2.8,0.0000979262,1.68,4.39
924 ,Contusion of lower limb and of...,Injury and poisoning,1989,20,2.8,0.0000640425,1.7,4.35
362.11 ,Hypertensive retinopathy,Diseases of the nervous system,1388,14,2.8,0.0007328579,1.53,4.73
053.10 ,Herpes zoster with unspecified...,Infectious and parasitic diseases,1697,17,2.79,0.0002281423,1.62,4.49
728 ,"Disorders of muscle, ligament,...",Diseases of the musculoskeletal...,8895,87,2.78,6.050096e-16,2.22,3.46
723.2 ,Cervicocranial syndrome,Diseases of the musculoskeletal...,1298,13,2.78,0.0011855268,1.47,4.79
354.0 ,Carpal tunnel syndrome,Diseases of the nervous system,5474,54,2.78,0.0000000001454732,2.08,3.65
440.0 ,Atherosclerosis of aorta,Diseases of the circulatory system,1502,15,2.78,0.000534288,1.55,4.6
680.8 ,Carbuncle and furuncle of other...,Diseases of the skin and subcutaneous...,1305,13,2.77,0.0012430114,1.47,4.76
718.40 ,"Contracture of joint, site unspecified",Diseases of the musculoskeletal...,2108,21,2.77,0.0000485555,1.71,4.26
427.60 ,"Premature beats, unspecified",Diseases of the circulatory system,1106,11,2.76,0.0028794888,1.37,4.97
455.2 ,Internal hemorrhoids with other...,Diseases of the circulatory system,5102,50,2.76,0.0000000008521338,2.03,3.65
719.90 ,"Unspecified disorder of joint,...",Diseases of the musculoskeletal...,2534,25,2.75,0.00001153,1.77,4.08
372.11 ,Simple chronic conjunctivitis,Diseases of the nervous system,27845,253,2.74,1.033943e-39,2.39,3.13
581 ,Nephrotic syndrome,Diseases of the genitourinary...,1319,13,2.74,0.0013649557,1.45,4.71
355.0 ,Lesion of sciatic nerve,Diseases of the nervous system,2755,27,2.73,0.000005928201,1.79,4
531.00 ,"Acute gastric ulcer with hemorrhage,...",Diseases of the digestive system,3812,37,2.72,0.00000015835453,1.9,3.77
716.60 ,"Unspecified monoarthritis, site...",Diseases of the musculoskeletal...,2045,20,2.72,0.0000926276,1.66,4.23
724.0 ,"Spinal stenosis, other than cervical",Diseases of the musculoskeletal...,2463,24,2.72,0.0000207595,1.73,4.06
724.02 ,"Spinal stenosis, lumbar region,...",Diseases of the musculoskeletal...,18541,172,2.72,6.790002e-28,2.31,3.18
726.0 ,Adhesive capsulitis of shoulder,Diseases of the musculoskeletal...,19492,180,2.71,5.417321e-29,2.31,3.16
715.9 ,"Osteoarthrosis, unspecified whether...",Diseases of the musculoskeletal...,17935,165,2.69,1.922243e-26,2.27,3.15
844.9 ,Sprains and strains of unspecified...,Injury and poisoning,6919,66,2.69,0.000000000005721928,2.07,3.45
781.9 ,Other symptoms involving nervous...,"Comorbidities, signs, and ill-defined...",6323,60,2.68,0.00000000006342332,2.03,3.46
307.42 ,Persistent disorder of initiating...,Mental disorders,5874,56,2.68,0.0000000002300013,2.02,3.51
692.3 ,Contact dermatitis and other eczema...,Diseases of the skin and subcutaneous...,5049,48,2.67,0.000000004701632,1.96,3.56
710.4 ,Polymyositis,Diseases of the musculoskeletal...,1037,10,2.67,0.0053919698,1.28,4.95
848.0 ,Sprain of septal cartilage of...,Injury and poisoning,1361,13,2.65,0.0017918409,1.41,4.56
823.80 ,Closed fracture of unspecified...,Injury and poisoning,1049,10,2.64,0.0058257725,1.26,4.89
353.8 ,Other nerve root and plexus disorders,Diseases of the nervous system,1049,10,2.64,0.0058257725,1.26,4.89
455.0 ,Internal hemorrhoids without mention...,Diseases of the circulatory system,4991,47,2.64,0.0000000089983948,1.93,3.53
719.47 ,"Pain in joint, ankle and foot",Diseases of the musculoskeletal...,5259,49,2.62,0.000000006110131,1.93,3.48
721.4 ,Thoracic or lumbar spondylosis...,Diseases of the musculoskeletal...,2768,26,2.62,0.0000178619,1.7,3.86
923.11 ,Contusion of elbow,Injury and poisoning,1589,15,2.62,0.0009361427,1.46,4.35
681.11 ,Onychia and paronychia of toe,Diseases of the skin and subcutaneous...,2559,24,2.61,0.0000376458,1.67,3.91
110.2 ,Dermatophytosis of hand,Infectious and parasitic diseases,2995,28,2.61,0.000009458143,1.72,3.79
229.9 ,Benign neoplasm of unspecified...,Neoplasms,1061,10,2.61,0.0062863032,1.25,4.84
455.5 ,External hemorrhoids with other...,Diseases of the circulatory system,1705,16,2.61,0.0006860151,1.48,4.26
682.0 ,Cellulitis and abscess of face,Diseases of the skin and subcutaneous...,2785,26,2.6,0.0000197775,1.69,3.83
274.0 ,"Gouty arthropathy, unspecified","Endocrine, nutritional and metabolic...",63073,498,2.59,6.430505e-63,2.33,2.87
842.00 ,"Sprain of wrist, unspecified site",Injury and poisoning,1179,11,2.59,0.0046142914,1.29,4.66
845.00 ,"Sprain of ankle, unspecified site",Injury and poisoning,3776,35,2.59,0.0000009486244,1.8,3.62
367.5 ,Disorders of accommodation,Diseases of the nervous system,1183,11,2.58,0.0047291057,1.28,4.64
487.0 ,Influenza with pneumonia,Diseases of the respiratory system,2700,25,2.58,0.0000322208,1.66,3.83
531.30 ,Acute gastric ulcer without mention...,Diseases of the digestive system,7108,65,2.58,0.0000000000514416,1.98,3.31
847.1 ,Sprain of thoracic,Injury and poisoning,1721,16,2.58,0.0007559082,1.47,4.22
847.9 ,Sprain of unspecified site of...,Injury and poisoning,2813,26,2.58,0.0000233415,1.68,3.79
924.00 ,Contusion of thigh,Injury and poisoning,1721,16,2.58,0.0007559082,1.47,4.22
847.0 ,Sprain of neck,Injury and poisoning,7273,66,2.56,0.00000000004811279,1.97,3.28
564.8 ,Other specified function disorder...,Diseases of the digestive system,18823,165,2.55,3.163872e-24,2.16,3
429.3 ,Cardiomegaly,Diseases of the circulatory system,4718,43,2.55,0.00000012299304,1.84,3.46
726 ,Peripheral enthesopathies and...,Diseases of the musculoskeletal...,1850,17,2.55,0.0005981556,1.48,4.11
719.8 ,Other specified disorders of joint,Diseases of the musculoskeletal...,1200,11,2.54,0.0052425597,1.26,4.57
873.8 ,Other and unspecified open wound...,Injury and poisoning,3511,32,2.54,0.0000038059263,1.73,3.61
897.0 ,Traumatic amputation of leg(s)...,Injury and poisoning,1310,12,2.54,0.0036677242,1.31,4.46
922.3 ,Contusion of back,Injury and poisoning,6211,56,2.54,0.0000000017694432,1.91,3.31
924.10 ,Contusion of lower leg,Injury and poisoning,2756,25,2.53,0.0000445831,1.63,3.75
728.85 ,Spasm of muscle,Diseases of the musculoskeletal...,4328,39,2.52,0.00000059898766,1.78,3.46
891.0 ,"Open wound of knee, leg [except...",Injury and poisoning,20281,175,2.52,5.64651e-25,2.14,2.95
881 ,"Open wound of elbow, forearm,...",Injury and poisoning,1326,12,2.51,0.0040314076,1.29,4.41
601 ,Inflammatory diseases of prostate,Diseases of the genitourinary...,1772,16,2.51,0.0010205593,1.43,4.09
706.3 ,Seborrhea,Diseases of the skin and subcutaneous...,8614,76,2.5,0.000000000006433889,1.96,3.14
721.1 ,Cervical spondylosis with myelopathy,Diseases of the musculoskeletal...,7444,66,2.5,0.0000000001558584,1.92,3.2
721.42 ,"Spondylosis with myelopathy, lumbar...",Diseases of the musculoskeletal...,12811,112,2.5,1.56829e-16,2.05,3.03
723.8 ,Other syndromes affecting cervical...,Diseases of the musculoskeletal...,1219,11,2.5,0.0058674609,1.24,4.5
443.89 ,Other specified peripheral vascular...,Diseases of the circulatory system,1112,10,2.49,0.0085668703,1.19,4.61
881.00 ,"Open wound of forearm, without...",Injury and poisoning,5667,50,2.48,0.000000024305939,1.83,3.28
719.41 ,"Pain in joint, shoulder region",Diseases of the musculoskeletal...,5553,49,2.47,0.000000033442796,1.82,3.29
312.00 ,"Undersocialized conduct disorder,...",Mental disorders,1459,13,2.47,0.0032269521,1.31,4.25
729.81 ,Swelling of limb,Diseases of the musculoskeletal...,1465,13,2.46,0.0033386971,1.3,4.23
728.8 ,"Other disorders of muscle, ligament...",Diseases of the musculoskeletal...,1601,14,2.43,0.0027110728,1.32,4.09
682.6 ,"Cellulitis and abscess of leg,...",Diseases of the skin and subcutaneous...,8260,71,2.43,0.0000000001216716,1.88,3.08
300.02 ,Generalized anxiety disorder,Mental disorders,6488,56,2.43,0.0000000084352024,1.82,3.17
721.91 ,"Spondylosis of unspecified site,...",Diseases of the musculoskeletal...,1597,14,2.43,0.0026518971,1.32,4.1
728.71 ,Plantar fascial fibromatosis,Diseases of the musculoskeletal...,1146,10,2.42,0.0104078283,1.15,4.47
371.03 ,Central opacity of cornea,Diseases of the nervous system,1259,11,2.42,0.0073738809,1.2,4.36
382.00 ,Acute suppurative otitis media...,Diseases of the nervous system,2179,19,2.42,0.0005534407,1.45,3.8
840 ,Sprains and strains of shoulder...,Injury and poisoning,1032,9,2.42,0.0146622836,1.1,4.61
923.00 ,Contusion of shoulder region,Injury and poisoning,3333,29,2.42,0.0000294013,1.62,3.5
782.2 ,"Localized superficial swelling,...","Comorbidities, signs, and ill-defined...",1148,10,2.41,0.0105247797,1.15,4.46
721.3 ,Lumbosacral spondylosis without...,Diseases of the musculoskeletal...,61767,464,2.41,4.869976e-52,2.17,2.68
435.0 ,Basilar artery syndrome,Diseases of the circulatory system,4761,41,2.41,0.00000077673464,1.72,3.28
719.40 ,"Pain in joint, site unspecified",Diseases of the musculoskeletal...,41592,326,2.4,7.344225e-39,2.12,2.7
719.49 ,"Pain in joint, multiple sites",Diseases of the musculoskeletal...,7750,66,2.4,0.0000000007756637,1.85,3.07
459.9 ,Unspecified circulatory system...,Diseases of the circulatory system,3477,30,2.4,0.000023736,1.62,3.45
493.11 ,Intrinsic asthma with status asthmaticus,Diseases of the respiratory system,1976,17,2.39,0.0019454784,1.39,3.84
713.8 ,Arthropathy associated with other...,Diseases of the musculoskeletal...,1160,10,2.39,0.0112475654,1.14,4.42
715.35 ,"Osteoarthrosis, localized, not...",Diseases of the musculoskeletal...,4926,42,2.38,0.00000099127596,1.71,3.24
810.00 ,"Closed fracture of clavicle, unspecified...",Injury and poisoning,1633,14,2.38,0.0032246201,1.29,4.01
882.0 ,Open wound of hand except finger(s)...,Injury and poisoning,11734,98,2.38,0.0000000000001520026,1.92,2.91
533.70 ,Chronic peptic ulcer of unspecified...,Diseases of the digestive system,14364,119,2.37,5.203744e-16,1.95,2.86
346.0 ,Classical migraine,Diseases of the nervous system,1052,9,2.37,0.0163823059,1.08,4.52
708.0 ,Allergic urticaria,Diseases of the skin and subcutaneous...,16868,138,2.36,6.13503e-18,1.96,2.8
788.0 ,Renal colic,"Comorbidities, signs, and ill-defined...",4143,35,2.36,0.0000111997,1.63,3.3
362.53 ,Cystoid macular degeneration,Diseases of the nervous system,1057,9,2.36,0.0168344372,1.07,4.5
053.13 ,Postherpetic polyneuropathy,Infectious and parasitic diseases,1059,9,2.35,0.0170178168,1.07,4.49
389.1 ,Sensorineural hearing loss,Diseases of the nervous system,5842,49,2.35,0.00000015360338,1.73,3.12
881.01 ,"Open wound of elbow, without mention...",Injury and poisoning,1768,15,2.35,0.0041619225,1.31,3.9
353.4 ,"Lumbosacral root lesions, not...",Diseases of the nervous system,6201,52,2.35,0.000000098474907,1.75,3.1
893.1 ,"Open wound of toe(s), complicated",Injury and poisoning,1185,10,2.34,0.0128733237,1.12,4.32
366.16 ,Senile nuclear sclerosis,Diseases of the nervous system,28086,222,2.33,1.586352e-26,2.02,2.69
373.00 ,"Blepharitis, unspecified",Diseases of the nervous system,14556,118,2.32,0.000000000000004263674,1.91,2.8
723.1 ,Cervicalgia,Diseases of the musculoskeletal...,14569,118,2.32,0.000000000000004384238,1.9,2.79
342.1 ,Spastic hemiplegia,Diseases of the nervous system,1316,11,2.32,0.0100219247,1.15,4.17
692.8 ,"Contact dermatitis and other eczema,...",Diseases of the skin and subcutaneous...,3125,26,2.31,0.0001365225,1.51,3.41
528.0 ,Stomatitis,Diseases of the digestive system,12286,100,2.31,0.0000000000003522068,1.87,2.83
353.9 ,Unspecified nerve root and plexus...,Diseases of the nervous system,4955,41,2.31,0.0000022370666,1.65,3.15
216.6 ,Benign neoplasm of skin of upper...,Neoplasms,1323,11,2.3,0.0103917787,1.14,4.14
848.8 ,Other specified sites of sprains...,Injury and poisoning,3876,32,2.3,0.0000366428,1.57,3.26
876.0 ,"Open wound of back, without mention...",Injury and poisoning,1081,9,2.3,0.0191322669,1.05,4.4
786.9 ,Other symptoms involving respiratory...,"Comorbidities, signs, and ill-defined...",2184,18,2.29,0.0017594901,1.35,3.63
919.4 ,"Insect bite, nonvenomous, of other,...",Injury and poisoning,2551,21,2.29,0.0006981268,1.41,3.51
216.7 ,Benign neoplasm of skin of lower...,Neoplasms,1213,10,2.28,0.0148970225,1.09,4.22
715.15 ,"Osteoarthrosis, localized, primary,...",Diseases of the musculoskeletal...,3293,27,2.28,0.0001249147,1.5,3.34
715.18 ,"Osteoarthrosis, localized, primary,...",Diseases of the musculoskeletal...,1824,15,2.28,0.0047272367,1.27,3.78
840.9 ,Sprains and strains of unspecified...,Injury and poisoning,5648,46,2.28,0.00000098964426,1.66,3.06
402.10 ,Benign hypertensive heart disease...,Diseases of the circulatory system,34366,261,2.27,9.382009e-29,1.98,2.58
722.73 ,Intervertebral disc disorder with...,Diseases of the musculoskeletal...,3316,27,2.27,0.0002043059,1.49,3.31
723.5 ,"Torticollis, unspecified",Diseases of the musculoskeletal...,1096,9,2.27,0.020678918,1.03,4.34
375.1 ,Other disorders of lacrimal gland,Diseases of the nervous system,1101,9,2.26,0.0212139056,1.03,4.32
873 ,Other open wound of head,Injury and poisoning,2706,22,2.26,0.0005895601,1.41,3.44
724.4 ,Thoracic or lumbosacral neuritis...,Diseases of the musculoskeletal...,6316,51,2.26,0.00000027281223,1.68,2.99
444.22 ,Arterial embolism and thrombosis...,Diseases of the circulatory system,2958,24,2.26,0.0003393862,1.44,3.37
009.3 ,Diarrhea of presumed infectious...,Infectious and parasitic diseases,4065,33,2.26,0.0000327554,1.55,3.19
681.9 ,Cellulitis and abscess of unspecified...,Diseases of the skin and subcutaneous...,3715,30,2.25,0.0000857884,1.51,3.23
698.4 ,Dermatitis factitia [artefacta],Diseases of the skin and subcutaneous...,3595,29,2.25,0.0001175173,1.5,3.24
840.4 ,Rotator cuff (capsule) sprain,Injury and poisoning,1233,10,2.25,0.0164812488,1.07,4.15
427.89 ,Other specified cardiac dysrhythmias,Diseases of the circulatory system,8511,68,2.25,0.0000000052356712,1.74,2.87
216.4 ,Benign neoplasm of scalp and skin...,Neoplasms,1237,10,2.24,0.0168124959,1.07,4.14
308.0 ,Predominant disturbance of emotions,Mental disorders,1730,14,2.24,0.0070908123,1.22,3.78
574.5 ,Calculus of bile duct without...,Diseases of the digestive system,1235,10,2.24,0.016646263,1.07,4.15
923.20 ,Contusion of hand(s),Injury and poisoning,2231,18,2.24,0.0020686201,1.32,3.56
727.0 ,Synovitis and tenosynovitis,Diseases of the musculoskeletal...,7551,60,2.23,0.000000042579419,1.69,2.89
009.1 ,"Colitis, enteritis, and gastroenteritis...",Infectious and parasitic diseases,6021,48,2.23,0.00000084997779,1.64,2.97
464.11 ,Acute tracheitis with obstruction,Diseases of the respiratory system,4265,34,2.22,0.000032423,1.53,3.12
822.0 ,Closed fracture of patella,Injury and poisoning,1380,11,2.21,0.0202968619,1.1,3.97
537.9 ,Unspecified disorder of stomach...,Diseases of the digestive system,2511,20,2.21,0.0012980321,1.35,3.43
721 ,Spondylosis and allied disorders,Diseases of the musculoskeletal...,8008,63,2.21,0.000000031811652,1.69,2.84
443.9 ,"Peripheral vascular disease, unspecified",Diseases of the circulatory system,11510,90,2.21,0.00000000006141906,1.77,2.74
375.20 ,"Epiphora, unspecified as to cause",Diseases of the nervous system,1260,10,2.2,0.0288773877,1.05,4.06
727.00 ,"Synovitis and tenosynovitis, unspecified",Diseases of the musculoskeletal...,44507,322,2.19,7.254387e-32,1.94,2.48
112.9 ,Candidiasis of unspecified site,Infectious and parasitic diseases,2022,16,2.19,0.0043426864,1.25,3.58
911.0 ,"Abrasion or friction burn of trunk,...",Injury and poisoning,1773,14,2.19,0.008029655,1.19,3.69
578.1 ,Blood in stool,Diseases of the digestive system,2914,23,2.19,0.0008843206,1.38,3.31
733.00 ,"Osteoporosis, unspecified",Diseases of the musculoskeletal...,23413,176,2.18,7.745296e-19,1.86,2.55
370.49 ,Other keratoconjunctivitis,Diseases of the nervous system,3567,28,2.18,0.0002128787,1.44,3.17
715.38 ,"Osteoarthrosis, localized, not...",Diseases of the musculoskeletal...,2675,21,2.18,0.001705717,1.34,3.35
724.00 ,"Spinal stenosis, unspecified region",Diseases of the musculoskeletal...,6283,49,2.18,0.0000013383953,1.61,2.9
588.9 ,Unspecified disorder resulting...,Diseases of the genitourinary...,6677,52,2.18,0.00000061346999,1.62,2.88
355.8 ,"Mononeuritis of lower limb, unspecified",Diseases of the nervous system,1143,9,2.18,0.0415383568,0.99,4.16
728.89 ,"Other disorders of muscle, ligament,...",Diseases of the musculoskeletal...,6055,47,2.17,0.000002535596,1.59,2.9
380.22 ,Other acute otitis externa,Diseases of the nervous system,8543,66,2.17,0.000000030662933,1.67,2.78
346.9 ,"Migraine, unspecified",Diseases of the nervous system,7758,60,2.17,0.00000011031889,1.65,2.81
437.8 ,Other ill-defined cerebrovascular...,Diseases of the circulatory system,3200,25,2.17,0.0005248606,1.4,3.22
729.1 ,"Myalgia and myositis, unspecified",Diseases of the musculoskeletal...,82351,548,2.16,1.162998e-46,1.96,2.39
274.10 ,"Gouty nephropathy, unspecified","Endocrine, nutritional and metabolic...",2057,16,2.16,0.0049154594,1.23,3.52
307.81 ,Tension headache,Mental disorders,12194,93,2.16,0.00000000008009071,1.73,2.66
528.2 ,Oral aphthae,Diseases of the digestive system,8481,65,2.15,0.000000048500195,1.65,2.76
879.6 ,Open wound of other and unspecified...,Injury and poisoning,1801,14,2.15,0.0087726882,1.17,3.63
722.2 ,Displacement of intervertebral...,Diseases of the musculoskeletal...,6638,51,2.15,0.0000015038966,1.59,2.84
883.0 ,"Open wound of finger(s), without...",Injury and poisoning,10251,78,2.15,0.000000003600802,1.69,2.69
364.00 ,"Acute and subacute iridocyclitis,...",Diseases of the nervous system,2586,20,2.15,0.0025031952,1.31,3.33
708.8 ,Other specified urticaria,Diseases of the skin and subcutaneous...,4698,36,2.14,0.0000449351,1.49,2.97
333.2 ,Myoclonus,Diseases of the nervous system,1165,9,2.14,0.0432044323,0.97,4.08
364.3 ,Unspecified iridocyclitis,Diseases of the nervous system,1165,9,2.14,0.0432044323,0.97,4.08
693.8 ,Dermatitis due to other specified...,Diseases of the skin and subcutaneous...,1302,10,2.13,0.0315414958,1.02,3.93
388.3 ,Tinitus,Diseases of the nervous system,8421,64,2.13,0.000000078201757,1.64,2.74
371.89 ,Other corneal disorders,Diseases of the nervous system,1042,8,2.12,0.061553377,0.91,4.21
523.0 ,Acute gingivitis,Diseases of the digestive system,5137,39,2.12,0.0000323822,1.5,2.91
389 ,Hearing loss,Diseases of the nervous system,2221,17,2.12,0.004253046,1.23,3.41
597.8 ,Other urethritis,Diseases of the genitourinary...,1177,9,2.12,0.044241411,0.96,4.04
532.30 ,Acute duodenal ulcer without mention...,Diseases of the digestive system,3959,30,2.11,0.0002609815,1.42,3.02
596.0 ,Bladder neck obstruction,Diseases of the genitourinary...,1571,12,2.11,0.0173533412,1.09,3.71
708.1 ,Idiopathic urticaria,Diseases of the skin and subcutaneous...,2249,17,2.1,0.0069627516,1.22,3.37
715.3 ,"Osteoarthrosis, localized, not...",Diseases of the musculoskeletal...,4916,37,2.1,0.0000623544,1.47,2.91
813.41 ,Closed Colles' fracture,Injury and poisoning,1053,8,2.1,0.0627159867,0.9,4.16
386.1 ,Other and unspecified peripheral...,Diseases of the nervous system,5872,44,2.09,0.0000150047,1.51,2.82
729.0 ,"Rheumatism, unspecified and fibrositis",Diseases of the musculoskeletal...,6999,52,2.08,0.0000029237925,1.54,2.74
372.20 ,"Blepharoconjunctivitis, unspecified",Diseases of the nervous system,12955,95,2.08,0.0000000004829409,1.67,2.55
386.0 ,Meniere's disease,Diseases of the nervous system,5094,38,2.08,0.0000528417,1.46,2.87
564.5 ,Functional diarrhea,Diseases of the digestive system,12761,94,2.08,0.0000000003672634,1.67,2.57
722 ,Intervertebral disc disorders,Diseases of the musculoskeletal...,2133,16,2.08,0.0097395454,1.18,3.39
722.71 ,Intervertebral disc disorder with...,Diseases of the musculoskeletal...,1195,9,2.08,0.0459662666,0.95,3.98
726.90 ,Enthesopathy of unspecified site,Diseases of the musculoskeletal...,19844,144,2.08,0.00000000000001714924,1.74,2.47
373.0 ,Blepharitis,Diseases of the nervous system,4436,33,2.07,0.0002151852,1.42,2.92
377.10 ,"Optic atrophy, unspecified",Diseases of the nervous system,2679,20,2.07,0.0031053412,1.26,3.21
531.70 ,Chronic gastric ulcer without...,Diseases of the digestive system,8259,61,2.07,0.00000044112403,1.58,2.68
533.40 ,Chronic or unspecified peptic...,Diseases of the digestive system,5787,43,2.07,0.0000217128,1.49,2.81
478.8 ,Upper respiratory tract hypersensitivity...,Diseases of the respiratory system,1474,11,2.06,0.0258024883,1.03,3.71
216.9 ,"Benign neoplasm of skin, site...",Neoplasms,12489,91,2.06,0.0000000011174597,1.65,2.54
718.4 ,Contracture of joint,Diseases of the musculoskeletal...,1207,9,2.06,0.0472289543,0.94,3.94
571.0 ,Alcoholic fatty liver,Diseases of the digestive system,1075,8,2.06,0.0653520583,0.88,4.08
916 ,"Superficial injury of hip, thigh,...",Injury and poisoning,1615,12,2.06,0.0198595364,1.06,3.61
682.7 ,"Cellulitis and abscess of foot,...",Diseases of the skin and subcutaneous...,4469,33,2.05,0.0002272549,1.41,2.9
117.9 ,Other and unspecified mycoses,Infectious and parasitic diseases,2983,22,2.05,0.0020450154,1.28,3.11
692.89 ,Contact dermatitis and other eczema...,Diseases of the skin and subcutaneous...,14561,105,2.05,0.0000000001185716,1.66,2.49
373.2 ,Chalazion,Diseases of the nervous system,2295,17,2.05,0.0075673463,1.19,3.3
427.0 ,Paroxysmal supraventricular tachycardia,Diseases of the circulatory system,4199,31,2.05,0.0004034445,1.39,2.93
893.0 ,"Open wound of toe(s), without...",Injury and poisoning,4342,32,2.05,0.0003055304,1.4,2.91
922.1 ,Contusion of chest wall,Injury and poisoning,18003,129,2.05,0.000000000001362167,1.7,2.45
682.8 ,Cellulitis and abscess of other...,Diseases of the skin and subcutaneous...,4363,32,2.04,0.0003167112,1.39,2.89
296 ,Disorganized type,Mental disorders,1625,12,2.04,0.0205010887,1.05,3.59
300.4 ,Dysthymic disorder,Mental disorders,19808,141,2.04,0.0000000000001626694,1.7,2.42
890.0 ,"Open wound of hip and thigh, without...",Injury and poisoning,2173,16,2.04,0.010402993,1.16,3.33
724.2 ,Lumbago,Diseases of the musculoskeletal...,108709,664,2.04,8.939742e-46,1.85,2.24
716.50 ,Unspecified polyarthropathy or...,Diseases of the musculoskeletal...,2731,20,2.03,0.003600117,1.24,3.15
879.9 ,Open wound(s) (multiple) of unspecified...,Injury and poisoning,1088,8,2.03,0.0671027907,0.87,4.03
302.70 ,"Psychosexual dysfunction, unspecified",Mental disorders,1364,10,2.03,0.0369627408,0.97,3.75
724.9 ,Other unspecified back disorders,Diseases of the musculoskeletal...,7425,54,2.03,0.0000035760654,1.52,2.67
246.9 ,Unspecified disorder of thyroid,"Endocrine, nutritional and metabolic...",1372,10,2.02,0.0377932865,0.96,3.73
715.80 ,"Osteoarthrosis involving, or with...",Diseases of the musculoskeletal...,1647,12,2.02,0.0220090115,1.04,3.54
716.10 ,"Traumatic arthropathy, site unspecified",Diseases of the musculoskeletal...,2193,16,2.02,0.0108127096,1.15,3.3
424.90 ,"Endocarditis, valve unspecified,...",Diseases of the circulatory system,2055,15,2.02,0.0144352913,1.13,3.35
588 ,Disorders resulting from impaired...,Diseases of the genitourinary...,1503,11,2.02,0.0281186454,1.01,3.64
727 ,"Other disorders of synovium tendon,...",Diseases of the musculoskeletal...,3310,24,2.01,0.0019399242,1.28,3.01
464.30 ,Acute epiglottitis without mention...,Diseases of the respiratory system,1375,10,2.01,0.0381125329,0.96,3.72
693 ,Dermatitis due to substances taken...,Diseases of the skin and subcutaneous...,1102,8,2.01,0.0691470202,0.86,3.98
255.4 ,Corticoadrenal insufficiency,"Endocrine, nutritional and metabolic...",1789,13,2.01,0.0173154184,1.07,3.46
478.4 ,Polyp of vocal cord or larynx,Diseases of the respiratory system,1246,9,2,0.0519546469,0.91,3.81
373.1 ,Hordeolum and other deep inflammation...,Diseases of the nervous system,2077,15,2,0.0150152401,1.11,3.31
386.11 ,Benign paroxysmal positional vertigo,Diseases of the nervous system,7831,56,2,0.000004104688,1.5,2.61
716.99 ,"Arthropathy, unspecified, multiple...",Diseases of the musculoskeletal...,3194,23,2,0.0026570311,1.26,3.01
724.8 ,Other symptoms referable to back,Diseases of the musculoskeletal...,1383,10,2,0.0389846841,0.96,3.7
917.0 ,Abrasion or friction burn of foot...,Injury and poisoning,3334,24,2,0.0020474303,1.27,2.99
700 ,Corns and callosities,Diseases of the skin and subcutaneous...,5892,42,1.99,0.0000694041,1.43,2.7
843.9 ,Sprains and strains of unspecified...,Injury and poisoning,3485,25,1.99,0.001637867,1.28,2.95
847.2 ,Sprain of lumbar,Injury and poisoning,15209,107,1.99,0.0000000003020632,1.62,2.43
722.10 ,Displacement of lumbar intervertebral...,Diseases of the musculoskeletal...,11009,78,1.99,0.000000058125091,1.57,2.5
916.0 ,"Abrasion or friction burn of hip,...",Injury and poisoning,11013,78,1.99,0.000000058672142,1.57,2.5
922.8 ,Contusion of multiple sites of...,Injury and poisoning,1392,10,1.99,0.0400021541,0.95,3.67
274 ,Gout,"Endocrine, nutritional and metabolic...",16636,116,1.98,0.00000000008590117,1.63,2.39
386.19 ,Other peripheral vertigo,Diseases of the nervous system,3074,22,1.98,0.0036110725,1.24,3.02
307.41 ,Transient disorder of initiating...,Mental disorders,4351,31,1.98,0.0005405168,1.34,2.82
924.5 ,Contusion of unspecified part...,Injury and poisoning,4078,29,1.98,0.0009068559,1.32,2.85
733.0 ,Osteoporosis,Diseases of the musculoskeletal...,10245,72,1.97,0.00000030197448,1.54,2.5
780 ,General symptoms,"Comorbidities, signs, and ill-defined...",3388,24,1.97,0.0023420601,1.25,2.94
724.5 ,"Backache, unspecified",Diseases of the musculoskeletal...,74193,468,1.97,3.645482e-33,1.77,2.19
454.9 ,Asymptomatic varicose veins,Diseases of the circulatory system,4096,29,1.97,0.0009418983,1.31,2.84
362.56 ,Macular puckering,Diseases of the nervous system,1122,8,1.97,0.0723503586,0.85,3.9
458.9 ,"Hypotension, unspecified",Diseases of the circulatory system,2534,18,1.97,0.0074829104,1.16,3.12
599.8 ,Other specified disorders of urethra...,Diseases of the genitourinary...,1970,14,1.97,0.0212024901,1.07,3.32
607.84 ,Impotence of organic origin,Diseases of the genitourinary...,11332,79,1.96,0.000000091389358,1.54,2.46
366.15 ,Cortical senile cataract,Diseases of the nervous system,2543,18,1.96,0.0076809798,1.16,3.11
782.1 ,Rash and other nonspecific skin...,"Comorbidities, signs, and ill-defined...",5260,37,1.96,0.0001994614,1.37,2.71
535.10 ,"Atrophic gastritis, without mention...",Diseases of the digestive system,2690,19,1.96,0.008800476,1.17,3.07
891.1 ,"Open wound of knee, leg [except...",Injury and poisoning,4528,32,1.96,0.0006733992,1.34,2.79
698.8 ,Other specified pruritic conditions,Diseases of the skin and subcutaneous...,10386,72,1.95,0.00000040115402,1.52,2.47
493.10 ,"Intrinsic asthma, unspecified",Diseases of the respiratory system,3844,27,1.95,0.0016673341,1.28,2.85
533.00 ,Acute peptic ulcer of unspecified...,Diseases of the digestive system,7883,55,1.95,0.0000077747002,1.46,2.55
300.00 ,"Anxiety state, unspecified",Mental disorders,44827,294,1.95,2.052301e-22,1.72,2.21
924.9 ,Contusion of unspecified site,Injury and poisoning,8193,57,1.95,0.0000068806444,1.47,2.54
729.82 ,Cramp of limb,Diseases of the musculoskeletal...,3426,24,1.94,0.0025962518,1.24,2.91
533.9 ,"Peptic ulcer, site unspecified,...",Diseases of the digestive system,27504,185,1.94,0.000000000000004090772,1.66,2.26
924.4 ,Contusion of multiple sites of...,Injury and poisoning,1427,10,1.94,0.0443266346,0.93,3.58
444.9 ,Embolism and thrombosis of unspecified...,Diseases of the circulatory system,1428,10,1.94,0.0444588305,0.92,3.58
153.3 ,Malignant neoplasm of sigmoid...,Neoplasms,1433,10,1.93,0.045127042,0.92,3.57
211.3 ,Benign neoplasm of colon,Neoplasms,6360,44,1.93,0.0000856849,1.4,2.6
373.33 ,Xeroderma of eyelid,Diseases of the nervous system,1719,12,1.93,0.0397456264,0.99,3.39
225.0 ,Benign neoplasm of brain,Neoplasms,1430,10,1.93,0.0447246682,0.92,3.57
789.9 ,Other symptoms involving abdomen...,"Comorbidities, signs, and ill-defined...",1429,10,1.93,0.0445915083,0.92,3.58
556 ,Idiopathic proctocolitis,Diseases of the digestive system,1574,11,1.93,0.0350807193,0.96,3.47
470 ,Deviated nasal septum,Diseases of the respiratory system,5497,38,1.92,0.0002603959,1.36,2.65
111 ,"Dermatomycosis, other and unspecified",Infectious and parasitic diseases,1436,10,1.92,0.0455337603,0.92,3.56
477.9 ,"Allergic rhinitis, cause unspecified",Diseases of the respiratory system,71141,442,1.92,1.047609e-29,1.72,2.14
354.5 ,Mononeuritis multiplex,Diseases of the nervous system,1150,8,1.92,0.0773872041,0.83,3.81
110.3 ,Dermatophytosis of groin and perianal...,Infectious and parasitic diseases,22459,150,1.91,0.000000000002960436,1.61,2.26
386.12 ,Vestibular neuronitis,Diseases of the nervous system,10860,74,1.91,0.00000066717775,1.49,2.42
883 ,Open wound of finger(s),Injury and poisoning,1736,12,1.91,0.0407593893,0.98,3.36
724.1 ,Pain in thoracic spine,Diseases of the musculoskeletal...,1301,9,1.91,0.0602306622,0.87,3.65
680.2 ,Carbuncle and furuncle of trunk,Diseases of the skin and subcutaneous...,1163,8,1.9,0.0799418362,0.82,3.76
466 ,Acute bvronchitis and bronchiolitis,Diseases of the respiratory system,22090,147,1.9,0.000000000006757931,1.6,2.25
781.0 ,Abnormal involuntary movements,"Comorbidities, signs, and ill-defined...",1311,9,1.9,0.061937231,0.86,3.62
244.9 ,Unspecified acquired hypothyroidism,"Endocrine, nutritional and metabolic...",1743,12,1.9,0.0412112487,0.98,3.34
540.9 ,Acute appendicitis without mention...,Diseases of the digestive system,1451,10,1.9,0.0476326592,0.91,3.52
300.89 ,Other somatoform disorders,Mental disorders,3508,24,1.9,0.0042464171,1.21,2.84
949.0 ,"Burn of unspecified site, unspecified...",Injury and poisoning,2914,20,1.9,0.0078036387,1.16,2.95
707.9 ,Chronic ulcer of unspecified site,Diseases of the skin and subcutaneous...,2936,20,1.89,0.008197666,1.15,2.93
873.49 ,Open wound of other and multiple...,Injury and poisoning,1466,10,1.89,0.0498407597,0.9,3.48
784.0 ,Headache,"Comorbidities, signs, and ill-defined...",104862,610,1.88,8.576752e-35,1.7,2.07
873.42 ,"Open wound of forehead, without...",Injury and poisoning,2358,16,1.88,0.0231164157,1.07,3.06
357.8 ,Other inflammatory and toxic neuropathy,Diseases of the nervous system,1471,10,1.88,0.0506011398,0.9,3.47
729.2 ,"Neuralgia, neuritis, and radiculitis,...",Diseases of the musculoskeletal...,48930,308,1.87,6.280499e-21,1.65,2.12
780.50 ,"Sleep disturbance, unspecified","Comorbidities, signs, and ill-defined...",22141,145,1.87,0.00000000002561751,1.57,2.22
785.1 ,Palpitations,"Comorbidities, signs, and ill-defined...",23853,156,1.87,0.00000000000558083,1.58,2.21
214.9 ,"Lipoma, unspecified site",Neoplasms,1035,7,1.87,0.1100876373,0.75,3.87
272.2 ,Mixed hyperlipidemia,"Endocrine, nutritional and metabolic...",25283,165,1.87,0.000000000001451578,1.59,2.2
873.41 ,"Open wound of cheek, without mention...",Injury and poisoning,1181,8,1.87,0.0837022266,0.8,3.71
565.1 ,Anal fistula,Diseases of the digestive system,1626,11,1.87,0.0571174973,0.93,3.36
358.9 ,"Myoneural disorders, unspecified",Diseases of the nervous system,1926,13,1.87,0.0338484815,0.99,3.21
465.9 ,Acute upper respiratory infections...,Diseases of the respiratory system,363887,1550,1.86,1.312447e-30,1.66,2.08
475 ,Peritonsillar abscess,Diseases of the respiratory system,2375,16,1.86,0.0236041438,1.06,3.04
215.9 ,Other benign neoplasm of connective...,Neoplasms,3283,22,1.86,0.0078501343,1.16,2.82
388.40 ,"Abnormal auditory perception,...",Diseases of the nervous system,2530,17,1.86,0.0183385726,1.08,2.99
848 ,Other and ill-defined sprains...,Injury and poisoning,1483,10,1.86,0.076669699,0.89,3.44
854.09 ,Intracranial injury of other and...,Injury and poisoning,1485,10,1.86,0.0768452334,0.89,3.44
404.9 ,"Hypertensive heart and renal diseas,...",Diseases of the circulatory system,1191,8,1.86,0.0859022425,0.8,3.67
577.1 ,Chronic pancreatitis,Diseases of the digestive system,1190,8,1.86,0.0856786996,0.8,3.68
466.0 ,Acute bronchitis,Diseases of the respiratory system,208497,1053,1.85,1.254177e-41,1.69,2.03
692.9 ,"Contact dermatitis and other eczema,...",Diseases of the skin and subcutaneous...,156944,843,1.85,3.761337e-39,1.69,2.02
274.9 ,"Gout, unspecified","Endocrine, nutritional and metabolic...",68671,415,1.85,2.260949e-25,1.65,2.06
355.9 ,Mononeuritis of unspecified site,Diseases of the nervous system,2393,16,1.85,0.0241876148,1.05,3.02
110.0 ,Dermatophytosis of scalp and beard,Infectious and parasitic diseases,1349,9,1.84,0.0689855432,0.84,3.52
370.00 ,"Corneal ulcer, unspecified",Diseases of the nervous system,2109,14,1.84,0.0289431636,1,3.09
782.3 ,Edema,"Comorbidities, signs, and ill-defined...",44442,277,1.84,2.959437e-18,1.61,2.09
372.14 ,Other chronic allergic conjunctivitis,Diseases of the nervous system,26414,169,1.84,0.000000000004243739,1.56,2.15
786.51 ,Precordial pain,"Comorbidities, signs, and ill-defined...",3625,24,1.84,0.0053745417,1.17,2.74
388.31 ,Subjective tinnitus,Diseases of the nervous system,1800,12,1.84,0.0456391637,0.95,3.23
840.8 ,Sprains and strains of other specified...,Injury and poisoning,1052,7,1.84,0.1144788062,0.74,3.81
719.88 ,"Other specified disorders of joint,...",Diseases of the musculoskeletal...,1499,10,1.84,0.0781513167,0.88,3.41
413.0 ,Angina decubitus,Diseases of the circulatory system,3017,20,1.84,0.0136620322,1.12,2.85
455.3 ,External hemorrhoids without mention...,Diseases of the circulatory system,2099,14,1.84,0.0282242797,1,3.11
597.80 ,"Urethritis, unspecified",Diseases of the genitourinary...,8970,59,1.84,0.0000264549,1.39,2.38
680.0 ,Carbuncle and furuncle of face,Diseases of the skin and subcutaneous...,2879,19,1.83,0.0180171984,1.1,2.87
780.52 ,"Insomnia, unspecified","Comorbidities, signs, and ill-defined...",68761,412,1.83,2.023019e-24,1.63,2.04
306.8 ,Other specified psychophysiological...,Mental disorders,2720,18,1.83,0.0155788638,1.08,2.91
958.3 ,Posttraumatic wound infection...,Injury and poisoning,10251,67,1.83,0.0000091800652,1.41,2.34
041.9 ,"Bacterial infection, unspecified,...",Infectious and parasitic diseases,5645,37,1.82,0.0007779935,1.28,2.52
366.14 ,Posterior subcapsular polar senile...,Diseases of the nervous system,5182,34,1.82,0.0015245407,1.26,2.56
733.42 ,Aseptic necrosis of head and neck...,Diseases of the musculoskeletal...,1217,8,1.82,0.0919880345,0.78,3.6
692.0 ,Contact dermatitis and other eczema...,Diseases of the skin and subcutaneous...,13890,90,1.82,0.00000031172914,1.46,2.26
493.00 ,"Extrinsic asthma, unspecified",Diseases of the respiratory system,6255,41,1.82,0.0004314947,1.3,2.49
787.3 ,"Flatulence, eructation, and gas...","Comorbidities, signs, and ill-defined...",28122,178,1.82,0.000000000002073603,1.55,2.12
379.90 ,"Disorder of eye, unspecified",Diseases of the nervous system,1822,12,1.82,0.0477054469,0.94,3.2
533.90 ,"Peptic ulcer of unspecified site,...",Diseases of the digestive system,87301,508,1.82,5.372153e-28,1.64,2.01
535.40 ,"Other specified gastritis, without...",Diseases of the digestive system,16275,105,1.82,0.000000044366463,1.48,2.22
845.10 ,"Sprain of foot, unspecified site",Injury and poisoning,1519,10,1.82,0.0802502623,0.87,3.36
682.1 ,Cellulitis and abscess of neck,Diseases of the skin and subcutaneous...,1067,7,1.81,0.1185949627,0.73,3.75
110.5 ,Dermatophytosis of the body,Infectious and parasitic diseases,17468,112,1.81,0.000000020278004,1.48,2.2
371.00 ,"Corneal opacity, unspecified",Diseases of the nervous system,2298,15,1.81,0.0339204605,1.01,2.99
487.8 ,Influenza with other manifestations,Diseases of the respiratory system,11956,77,1.81,0.0000032612931,1.42,2.27
372.40 ,"Pterygium, unspecified",Diseases of the nervous system,10985,71,1.81,0.0000060771504,1.41,2.3
820.00 ,Closed fracture of intracapsular...,Injury and poisoning,1221,8,1.81,0.0929707089,0.78,3.58
845.19 ,Other sprain of foot,Injury and poisoning,1068,7,1.81,0.1188772994,0.72,3.75
719.45 ,"Pain in joint, pelvic region and...",Diseases of the musculoskeletal...,2745,18,1.81,0.0164614138,1.07,2.88
424.1 ,Aortic valve disorders,Diseases of the circulatory system,9570,62,1.81,0.0000226347,1.38,2.34
356.9 ,Unspecified hereditary and idiopathic...,Diseases of the nervous system,11594,75,1.81,0.0000034029745,1.42,2.29
485 ,"Bronchopneumonia, organism unspecified",Diseases of the respiratory system,7105,46,1.8,0.0003061175,1.31,2.42
211.5 ,Benign neoplasm of liver and biliary...,Neoplasms,2001,13,1.8,0.0402122591,0.95,3.09
710.9 ,Unspecified diffuse connective...,Diseases of the musculoskeletal...,1383,9,1.8,0.1085562681,0.82,3.43
402.0 ,"Hypertensive heart disease, malignant",Diseases of the circulatory system,1839,12,1.8,0.0494387389,0.93,3.17
560 ,Intestinal obstruction without...,Diseases of the digestive system,1846,12,1.8,0.0501871083,0.92,3.15
565.0 ,Anal fissure,Diseases of the digestive system,1992,13,1.8,0.0393514796,0.96,3.1
054.9 ,Herpes simplex without mention...,Infectious and parasitic diseases,5288,34,1.79,0.0017771771,1.23,2.51
367.4 ,Presbyopia,Diseases of the nervous system,13839,88,1.79,0.00000092918967,1.43,2.22
367.53 ,Spasm of accommodation,Diseases of the nervous system,2319,15,1.79,0.0350182647,1,2.96
478.5 ,Other diseases of vocal cords,Diseases of the respiratory system,9545,61,1.79,0.0000469363,1.36,2.31
555.9 ,Regional enteritis of unspecified...,Diseases of the digestive system,5263,34,1.79,0.0017044457,1.24,2.52
411.0 ,Postmyocardial infarction syndrome,Diseases of the circulatory system,2321,15,1.79,0.0351291989,1,2.96
435 ,Transient cerebral ischemia,Diseases of the circulatory system,2164,14,1.79,0.0449704203,0.97,3.02
362.6 ,Peripheral retinal degeneration,Diseases of the nervous system,1233,8,1.79,0.0959921154,0.77,3.55
727.03 ,Trigger finger (acquired),Diseases of the musculoskeletal...,3742,24,1.78,0.008845708,1.13,2.66
682 ,Other cellulitis and abscess,Diseases of the skin and subcutaneous...,5924,38,1.78,0.001025876,1.26,2.46
372.12 ,Chronic follicular conjunctivitis,Diseases of the nervous system,3104,20,1.78,0.015488314,1.09,2.77
276.5 ,Volume depletion,"Endocrine, nutritional and metabolic...",4207,27,1.78,0.0062478164,1.17,2.6
850 ,Concussion,Injury and poisoning,2793,18,1.78,0.0250086146,1.05,2.83
372.0 ,Acute conjunctivitis,Diseases of the nervous system,8329,53,1.77,0.000146816,1.32,2.33
532.70 ,Chronic duodenal ulcer without...,Diseases of the digestive system,8524,54,1.77,0.0001258804,1.32,2.32
272.1 ,Pure hyperglyceridemia,"Endocrine, nutritional and metabolic...",6599,42,1.77,0.0006332698,1.27,2.41
535.5 ,Unspecified gastritis & gastroduodenitis,Diseases of the digestive system,11569,73,1.77,0.0000104242,1.38,2.24
290.10 ,"Presenile dementia, uncomplicated",Mental disorders,1245,8,1.77,0.0991227124,0.76,3.51
892.1 ,Open wound of foot except toe(s)...,Injury and poisoning,2663,17,1.77,0.0331206431,1.02,2.84
919 ,"Superficial injury of other, multiple,...",Injury and poisoning,1562,10,1.77,0.0856773529,0.84,3.27
580 ,Acute glomerulonephritis,Diseases of the genitourinary...,1871,12,1.77,0.0530251184,0.91,3.11
110.9 ,Dermatophytosis of unspecified...,Infectious and parasitic diseases,17168,107,1.76,0.00000014661998,1.43,2.14
706.1 ,Other acne,Diseases of the skin and subcutaneous...,3621,23,1.76,0.0116818969,1.11,2.65
302.72 ,Psychosexual dysfunction with...,Mental disorders,1726,11,1.76,0.0681094386,0.88,3.16
892.0 ,Open wound of foot except toe(s)...,Injury and poisoning,12086,76,1.76,0.0000078475684,1.38,2.22
367 ,"Infantile, juvenile, and presenile...",Diseases of the nervous system,1263,8,1.75,0.150046194,0.75,3.46
535.00 ,"Acute gastritis, without mention...",Diseases of the digestive system,69396,402,1.75,4.057111e-21,1.56,1.96
721.0 ,Cervical spondylosis without myelopathy,Diseases of the musculoskeletal...,21080,130,1.75,0.000000011766167,1.45,2.09
564.1 ,Irritable bowel syndrome,Diseases of the digestive system,50610,300,1.75,8.433488e-17,1.54,1.98
882.1 ,Open wound of hand except finger(s)...,Injury and poisoning,1733,11,1.75,0.0690744865,0.87,3.15
583.9 ,"Nephritis and nephropathy, not...",Diseases of the genitourinary...,8624,54,1.75,0.0001915492,1.31,2.29
365.1 ,Open-angle glaucoma,Diseases of the nervous system,1581,10,1.75,0.088466283,0.83,3.23
729.9 ,Other and unspecified disorders...,Diseases of the musculoskeletal...,3016,19,1.74,0.021731733,1.05,2.73
756.12 ,Spondylolisthesis,Congenital anomalies,3343,21,1.74,0.0194478875,1.07,2.67
381.81 ,Dysfunction of Eustachian tube,Diseases of the nervous system,3668,23,1.74,0.012591359,1.1,2.62
531.9 ,"Gastric ulcer, unspecified as...",Diseases of the digestive system,5908,37,1.74,0.0021112479,1.22,2.41
272.0 ,Pure hypercholesterolemia,"Endocrine, nutritional and metabolic...",16193,100,1.74,0.0000005627987,1.41,2.13
721.90 ,"Spondylosis of unspecified site,...",Diseases of the musculoskeletal...,23947,146,1.74,0.0000000032304795,1.45,2.06
913.0 ,"Abrasion or friction burn of elbow,...",Injury and poisoning,5594,35,1.74,0.0024026931,1.21,2.43
349.89 ,Other specified disorders of nervous...,Diseases of the nervous system,4138,26,1.74,0.0087651587,1.13,2.56
920 ,"Contusion of face, scalp, and...",Injury and poisoning,8996,56,1.74,0.0001822022,1.31,2.27
600 ,Hyperplasia of prostate,Diseases of the genitourinary...,188728,946,1.74,1.503569e-33,1.59,1.91
465.8 ,Acute upper respiratory infections...,Diseases of the respiratory system,48347,285,1.73,0.000000000000001102801,1.52,1.97
370 ,Keratitis,Diseases of the nervous system,1917,12,1.73,0.0813865934,0.89,3.03
371.0 ,Corneal scars and opacities,Diseases of the nervous system,1279,8,1.73,0.1525381905,0.74,3.42
780.7 ,Malaise and fatigue,"Comorbidities, signs, and ill-defined...",43946,261,1.73,0.000000000000009668291,1.52,1.98
487 ,Influenza,Diseases of the respiratory system,17152,105,1.73,0.00000042492972,1.4,2.1
698.3 ,Lichenification and lichen simplex...,Diseases of the skin and subcutaneous...,20609,126,1.73,0.000000032726913,1.43,2.08
216.8 ,Benign neoplasm of other specified...,Neoplasms,1598,10,1.73,0.0911613236,0.83,3.19
529.0 ,Glossitis,Diseases of the digestive system,1916,12,1.73,0.0813077858,0.89,3.04
379.99 ,Other ill-defined disorders of...,Diseases of the nervous system,2870,18,1.73,0.0276418568,1.02,2.75
716.98 ,"Arthropathy, unspecified, other...",Diseases of the musculoskeletal...,3530,22,1.73,0.0161011637,1.08,2.62
402.11 ,Benign hypertensive heart disease...,Diseases of the circulatory system,7419,46,1.73,0.0006280025,1.26,2.31
428.1 ,Left heart failure,Diseases of the circulatory system,1761,11,1.73,0.0731874627,0.86,3.1
924.01 ,Contusion of hip,Injury and poisoning,2558,16,1.73,0.0448254562,0.98,2.82
078.1 ,Viral warts,Infectious and parasitic diseases,20054,122,1.72,0.000000083499201,1.42,2.07
894.0 ,Multiple and unspecified open...,Injury and poisoning,26051,157,1.72,0.0000000014259107,1.45,2.03
357.4 ,Polyneuropathy in other diseases...,Diseases of the nervous system,3875,24,1.72,0.0147133545,1.09,2.56
110.4 ,Dermatophytosis of foot,Infectious and parasitic diseases,53052,308,1.71,5.112609e-16,1.51,1.94
692.1 ,Contact dermatitis and other eczema...,Diseases of the skin and subcutaneous...,1619,10,1.71,0.0947475764,0.81,3.15
216 ,Benign neoplasm of skin,Neoplasms,3558,22,1.71,0.0168337166,1.07,2.6
381.4 ,"Nonsuppurative otitis media, not...",Diseases of the nervous system,2101,13,1.71,0.0653713983,0.91,2.94
388.8 ,Other disorders of ear,Diseases of the nervous system,1779,11,1.71,0.1080764644,0.85,3.07
345.9 ,"Epilepsy, unspecified",Diseases of the nervous system,1611,10,1.71,0.0933481086,0.82,3.17
440.2 ,Atherosclerosis of arteries of...,Diseases of the circulatory system,1778,11,1.71,0.075880925,0.85,3.07
366.12 ,Incipient senile cataract,Diseases of the nervous system,2116,13,1.7,0.0668242196,0.9,2.92
491.0 ,Simple chronic bronchitis,Diseases of the respiratory system,18263,110,1.7,0.00000048841838,1.39,2.06
379.21 ,Vitreous degeneration,Diseases of the nervous system,2443,15,1.7,0.0599180886,0.95,2.81
789.0 ,Abdominal pain,"Comorbidities, signs, and ill-defined...",111539,601,1.7,2.896036e-25,1.54,1.87
389.10 ,"Sensorineural hearing loss, unspecified",Diseases of the nervous system,12679,77,1.7,0.0000252831,1.34,2.14
566 ,Abscess of anal and rectal regions,Diseases of the digestive system,1791,11,1.7,0.1091134942,0.84,3.05
989.5 ,Toxic effect of venom,Injury and poisoning,1951,12,1.7,0.0843947777,0.87,2.98
276.8 ,Hypopotassemia,"Endocrine, nutritional and metabolic...",3282,20,1.69,0.0275315365,1.03,2.62
719.99 ,"Unspecified disorder of joint,...",Diseases of the musculoskeletal...,2460,15,1.69,0.0608489608,0.94,2.79
411.1 ,Intermediate coronary syndrome,Diseases of the circulatory system,4262,26,1.69,0.0141268089,1.1,2.49
884.0 ,Multiple and unspecified open...,Injury and poisoning,17529,105,1.69,0.0000014588292,1.37,2.06
571.41 ,Chronic persistent hepatitis,Diseases of the digestive system,3599,22,1.69,0.0244970739,1.06,2.57
370.23 ,Filamentary keratitis,Diseases of the nervous system,2962,18,1.68,0.0438084541,0.99,2.67
713.5 ,Arthropathy associated with neurological...,Diseases of the musculoskeletal...,1313,8,1.68,0.1587277186,0.72,3.33
296.90 ,Unspecified episodic mood disorder,Mental disorders,1976,12,1.68,0.0870100437,0.86,2.94
919.0 ,"Abrasion or friction burn of other,...",Injury and poisoning,12638,76,1.68,0.0000347376,1.32,2.12
584.9 ,"Acute kidney failure, unspecified",Diseases of the genitourinary...,1480,9,1.68,0.1244203482,0.76,3.2
465 ,Acute upper respiratory infections...,Diseases of the respiratory system,42064,242,1.67,0.000000000003382267,1.45,1.91
250.80 ,Diabetes with other specified...,"Endocrine, nutritional and metabolic...",3488,21,1.67,0.0322368393,1.03,2.56
300.09 ,Other anxiety states,Mental disorders,4968,30,1.67,0.008600755,1.12,2.4
331.2 ,Senile degeneration of brain,Diseases of the nervous system,1657,10,1.67,0.1019465988,0.8,3.08
918.1 ,Superficial injury of cornea,Injury and poisoning,7668,46,1.67,0.001479394,1.22,2.24
349.9 ,Unspecified disorders of nervous...,Diseases of the nervous system,13279,79,1.67,0.0000385944,1.31,2.09
491.21 ,Obstructive chronic bronchitis...,Diseases of the respiratory system,20194,119,1.66,0.000000489518,1.37,2.01
708.9 ,"Urticaria, unspecified",Diseases of the skin and subcutaneous...,42126,241,1.66,0.00000000000640656,1.44,1.9
788.4 ,Frequency of urination and polyuria,"Comorbidities, signs, and ill-defined...",20439,120,1.66,0.00000055941152,1.37,2
250.70 ,Diabetes with peripheral circulatory...,"Endocrine, nutritional and metabolic...",6341,38,1.66,0.0042709455,1.17,2.29
536.8 ,Dyspepsia and other specified...,Diseases of the digestive system,69814,387,1.66,3.167033e-17,1.48,1.85
332.1 ,Secondary parkinsonism,Diseases of the nervous system,9072,54,1.66,0.0005698384,1.24,2.17
362.5 ,Degeneration of macula and posterior...,Diseases of the nervous system,4681,28,1.66,0.0137695742,1.1,2.41
462 ,Acute pharyngitis,Diseases of the respiratory system,84771,460,1.65,4.91507e-19,1.48,1.83
366.1 ,Senile cataract,Diseases of the nervous system,40160,230,1.65,0.00000000001834499,1.44,1.9
472.0 ,Chronic rhinitis,Diseases of the respiratory system,21624,126,1.65,0.00000045069223,1.36,1.97
698.2 ,Prurigo,Diseases of the skin and subcutaneous...,32339,186,1.65,0.0000000015568376,1.41,1.92
372.4 ,Pterygium,Diseases of the nervous system,2846,17,1.65,0.0577132278,0.96,2.66
715.98 ,"Osteoarthrosis, unspecified whether...",Diseases of the musculoskeletal...,5219,31,1.65,0.0103072533,1.11,2.35
357.2 ,Polyneuropathy in diabetes,Diseases of the nervous system,4525,27,1.65,0.0129032119,1.08,2.42
930.1 ,Foreign body in conjunctival sac,Injury and poisoning,15471,91,1.65,0.0000129477,1.32,2.04
110.1 ,Dermatophytosis of nail,Infectious and parasitic diseases,33734,193,1.64,0.0000000010200933,1.4,1.9
682.9 ,Cellulitis and abscess of unspecified...,Diseases of the skin and subcutaneous...,38581,220,1.64,0.0000000000860314,1.42,1.89
370.21 ,Punctate keratitis,Diseases of the nervous system,9183,54,1.64,0.0008266144,1.22,2.15
493.20 ,"Chronic obstructive asthma, unspecified",Diseases of the respiratory system,14334,84,1.64,0.0000307135,1.3,2.05
709.8 ,Other specified disorders of skin,Diseases of the skin and subcutaneous...,5925,35,1.64,0.006312902,1.14,2.29
379.24 ,Other vitreous opacities,Diseases of the nervous system,7980,47,1.64,0.0018432537,1.2,2.19
528.9 ,Other and unspecified diseases...,Diseases of the digestive system,18047,105,1.64,0.0000052187715,1.33,1.99
737.30 ,"Scoliosis [and kyphoscoliosis],...",Diseases of the musculoskeletal...,1185,7,1.63,0.2157078798,0.65,3.37
738.4 ,Acquired spondylolisthesis,Diseases of the musculoskeletal...,5446,32,1.63,0.0090069951,1.11,2.31
691.8 ,Other atopic dermatitis and related...,Diseases of the skin and subcutaneous...,19047,110,1.63,0.0000037940537,1.33,1.97
112.0 ,Candidiasis of mouth,Infectious and parasitic diseases,1181,7,1.63,0.2148127632,0.65,3.39
229.8 ,Benign neoplasm of other specified...,Neoplasms,2196,13,1.63,0.1047002534,0.87,2.81
535 ,Gastritis and duodenitis,Diseases of the digestive system,18122,105,1.63,0.0000054864209,1.33,1.99
394.1 ,Rheumatic mitral insufficiency,Diseases of the circulatory system,1187,7,1.63,0.21616273,0.65,3.37
413 ,Angina pectoris,Diseases of the circulatory system,9887,58,1.63,0.0005168399,1.24,2.12
337.9 ,Unspecified disorder of autonomic...,Diseases of the nervous system,1354,8,1.63,0.1677374639,0.7,3.23
945.00 ,Burn of unspecified degree of...,Injury and poisoning,1186,7,1.63,0.2159346993,0.65,3.37
491.1 ,Mucopurulent chronic bronchitis,Diseases of the respiratory system,10993,64,1.62,0.0003920841,1.24,2.09
372.2 ,Blepharoconjunctivitis,Diseases of the nervous system,4781,28,1.62,0.0152547005,1.07,2.35
701.4 ,Keloid scar,Diseases of the skin and subcutaneous...,2212,13,1.62,0.1058823536,0.86,2.79
702.1 ,Seborrheic keratosis,Diseases of the skin and subcutaneous...,6692,39,1.62,0.0054388923,1.15,2.22
375.15 ,"Tear film insufficiency, unspecified",Diseases of the nervous system,20391,117,1.62,0.0000024657346,1.33,1.95
333.90 ,Unspecified extrapyramidal disease...,Diseases of the nervous system,1192,7,1.62,0.2173209649,0.65,3.35
680.9 ,Carbuncle and furuncle of unspecified...,Diseases of the skin and subcutaneous...,12677,73,1.61,0.0001770796,1.25,2.03
466.1 ,Acute bronchiolitis,Diseases of the respiratory system,28449,161,1.61,0.000000054115774,1.36,1.89
372 ,Disorders of conjunctiva,Diseases of the nervous system,6537,38,1.61,0.0067548052,1.14,2.22
373.11 ,Hordeolum externum,Diseases of the nervous system,6391,37,1.61,0.0064248889,1.13,2.22
251.2 ,"Hypoglycemia, unspecified","Endocrine, nutritional and metabolic...",2231,13,1.61,0.1074696512,0.85,2.76
382.4 ,Unspecified suppurative otitis...,Diseases of the nervous system,1196,7,1.61,0.2182691017,0.65,3.34
564 ,"Functional digestive disorders,...",Diseases of the digestive system,28325,160,1.61,0.000000067537012,1.36,1.89
571.49 ,Other chronic hepatitis,Diseases of the digestive system,5492,32,1.61,0.0124231474,1.1,2.29
353.2 ,"Cervical root lesions, not elsewhere...",Diseases of the nervous system,5152,30,1.61,0.0139028461,1.08,2.31
009.0 ,"Infectious colitis, enteritis,...",Infectious and parasitic diseases,17454,100,1.61,0.0000165649,1.3,1.97
680 ,Carbuncle and furuncle,Diseases of the skin and subcutaneous...,2241,13,1.6,0.1083844018,0.85,2.75
478.0 ,Hypertrophy of nasal turbinates,Diseases of the respiratory system,3118,18,1.6,0.0520999536,0.94,2.53
848.9 ,Unspecified site of sprain and...,Injury and poisoning,42326,235,1.6,0.0000000001740692,1.39,1.84
601.0 ,Acute prostatitis,Diseases of the genitourinary...,3111,18,1.6,0.0515940037,0.94,2.54
707.8 ,Chronic ulcer of other specified...,Diseases of the skin and subcutaneous...,1212,7,1.59,0.2222498877,0.64,3.3
788.1 ,Dysuria,"Comorbidities, signs, and ill-defined...",13555,77,1.59,0.0002102027,1.25,2
250.7 ,Diabetes with peripheral circulatory...,"Endocrine, nutritional and metabolic...",2258,13,1.59,0.110063869,0.84,2.73
388.2 ,"Sudden hearing loss, unspecified",Diseases of the nervous system,1904,11,1.59,0.123613525,0.79,2.87
402.00 ,Malignant hypertensive heart disease...,Diseases of the circulatory system,6993,40,1.59,0.0065686382,1.13,2.17
719.44 ,"Pain in joint, hand",Diseases of the musculoskeletal...,2081,12,1.59,0.1385170606,0.82,2.79
569.89 ,Other specified disorders of intestine,Diseases of the digestive system,1392,8,1.59,0.1775095047,0.68,3.14
362.51 ,Nonexudative senile macular degeneration,Diseases of the nervous system,2950,17,1.59,0.0636664792,0.92,2.56
473.0 ,Chronic maxillary sinusitis,Diseases of the respiratory system,1047,6,1.58,0.2912886878,0.58,3.46
386.2 ,Vertigo of central origin,Diseases of the nervous system,11083,63,1.58,0.0007578869,1.21,2.04
386.9 ,Unspecified vertiginous syndromes...,Diseases of the nervous system,21813,122,1.58,0.0000051486439,1.3,1.9
276.1 ,Hyposmolality and/or hyponatremia,"Endocrine, nutritional and metabolic...",2450,14,1.58,0.0909929816,0.86,2.66
427.81 ,Sinoatrial node dysfunction,Diseases of the circulatory system,2977,17,1.58,0.065762699,0.92,2.54
593.2 ,"Cyst of kidney, acquired",Diseases of the genitourinary...,4016,23,1.58,0.0343129218,1,2.39
455.6 ,Unspecified hemorrhoids without...,Diseases of the circulatory system,25081,140,1.58,0.00000092505912,1.32,1.88
463 ,Acute tonsillitis,Diseases of the respiratory system,75794,400,1.57,0.00000000000001532645,1.4,1.75
727.43 ,"Ganglion, unspecified",Diseases of the musculoskeletal...,1051,6,1.57,0.2922345113,0.58,3.44
728.9 ,"Unspecified disorder of muscle,...",Diseases of the musculoskeletal...,12421,70,1.57,0.0004875862,1.22,2
692.2 ,Contact dermatitis and other eczema...,Diseases of the skin and subcutaneous...,1055,6,1.57,0.2932031982,0.57,3.43
692.4 ,Contact dermatitis and other eczema...,Diseases of the skin and subcutaneous...,5839,33,1.57,0.0154998826,1.07,2.21
696.1 ,Other psoriasis,Diseases of the skin and subcutaneous...,5993,34,1.57,0.012619967,1.08,2.21
493.21 ,Chronic obstructive asthma with...,Diseases of the respiratory system,7257,41,1.57,0.0076157334,1.12,2.14
511.0 ,Pleurisy without mention of effusion...,Diseases of the respiratory system,1585,9,1.57,0.2015451916,0.71,2.99
287.5 ,"Thrombocytopenia, unspecified",Diseases of the blood and blood-forming...,1404,8,1.57,0.1808652359,0.68,3.11
536.9 ,Unspecified functional disorder...,Diseases of the digestive system,132675,662,1.57,7.89373e-20,1.42,1.72
401.1 ,Benign essential hypertension,Diseases of the circulatory system,51113,277,1.57,0.00000000004181573,1.38,1.79
332 ,Parkinson's disease,Diseases of the nervous system,4941,28,1.57,0.0233443469,1.04,2.28
574.00 ,Calculus of gallbladder with acute...,Diseases of the digestive system,2288,13,1.57,0.1134052312,0.83,2.69
354.2 ,Lesion of ulnar nerve,Diseases of the nervous system,1052,6,1.57,0.2924745489,0.58,3.44
595.0 ,Acute cystitis,Diseases of the genitourinary...,22327,124,1.57,0.0000051530506,1.29,1.88
455.9 ,Residual hemorrhoidal skin tags,Diseases of the circulatory system,1583,9,1.57,0.2012330556,0.71,2.99
365.23 ,Chronic angle-closure glaucoma,Diseases of the nervous system,5865,33,1.56,0.0158535072,1.07,2.2
366.10 ,"Senile cataract, unspecified",Diseases of the nervous system,117300,593,1.56,1.791517e-18,1.42,1.72
370.9 ,Unspecified keratitis,Diseases of the nervous system,2654,15,1.56,0.1018678381,0.87,2.59
372.39 ,Other conjunctivitis,Diseases of the nervous system,3374,19,1.56,0.0608649576,0.93,2.44
698.9 ,Unspecified pruritic disorder,Diseases of the skin and subcutaneous...,36422,199,1.56,0.00000001963644,1.34,1.81
786.5 ,Chest pain,"Comorbidities, signs, and ill-defined...",16487,92,1.56,0.0000765406,1.25,1.93
533.91 ,"Peptic ulcer of unspecified site,...",Diseases of the digestive system,3008,17,1.56,0.0912371129,0.91,2.51
564.0 ,Constipation,Diseases of the digestive system,142886,703,1.56,8.646811e-20,1.42,1.71
307.4 ,Specific disorders of sleep of...,Mental disorders,3374,19,1.56,0.0608649576,0.93,2.44
891 ,"Open wound of knee, leg (except...",Injury and poisoning,3538,20,1.56,0.0658339435,0.95,2.42
892 ,Open wound of foot except toe(s)...,Injury and poisoning,2121,12,1.56,0.1424326821,0.8,2.74
331.4 ,Obstructive hydrocephalus,Diseases of the nervous system,1411,8,1.56,0.1828805533,0.67,3.1
582.9 ,Chronic glomerulonephritis with...,Diseases of the genitourinary...,15266,85,1.56,0.0001650862,1.24,1.94
070.51 ,Acute hepatitis C without mention...,Infectious and parasitic diseases,4816,27,1.55,0.0295319143,1.02,2.27
682.3 ,Cellulitis and abscess of upper...,Diseases of the skin and subcutaneous...,1606,9,1.55,0.2050478635,0.7,2.95
372.10 ,"Chronic conjunctivitis, unspecified",Diseases of the nervous system,135803,670,1.55,6.335655e-19,1.41,1.7
714.9 ,Unspecified inflammatory polyarthropathy,Diseases of the musculoskeletal...,2488,14,1.55,0.1282299172,0.85,2.62
531.40 ,Chronic or unspecified gastric...,Diseases of the digestive system,2494,14,1.55,0.1286506916,0.84,2.61
716 ,Other and unspecified arthropathies,Diseases of the musculoskeletal...,5342,30,1.55,0.0216376043,1.05,2.23
388.30 ,"Tinnitus, unspecified",Diseases of the nervous system,23350,128,1.55,0.0000079480649,1.28,1.85
722.0 ,Displacement of cervical intervertebral...,Diseases of the musculoskeletal...,4283,24,1.55,0.0401820863,0.99,2.32
914.0 ,Abrasion or friction burn of hand(s)...,Injury and poisoning,3025,17,1.55,0.0920736746,0.9,2.5
008.5 ,"Bacterial enteritis, unspecified",Infectious and parasitic diseases,1597,9,1.55,0.2034966915,0.71,2.96
465.0 ,Acute laryngopharyngitis,Diseases of the respiratory system,69541,363,1.54,0.00000000000176483,1.37,1.73
372.00 ,"Acute conjunctivitis, unspecified",Diseases of the nervous system,53356,283,1.54,0.0000000002084786,1.35,1.75
702.0 ,Actinic keratosis,Diseases of the skin and subcutaneous...,3761,21,1.54,0.0554713365,0.95,2.37
854.00 ,Intracranial injury of other and...,Injury and poisoning,6115,34,1.54,0.0180054015,1.06,2.16
300.0 ,Anxiety states,Mental disorders,17429,96,1.54,0.0000897388,1.24,1.9
411.89 ,Other acute and subacute forms...,Diseases of the circulatory system,6853,38,1.54,0.0114385709,1.08,2.12
571.40 ,"Chronic hepatitis, unspecified",Diseases of the digestive system,50438,269,1.54,0.000000000340296,1.35,1.76
590.10 ,Acute pyelonephritis without lesion...,Diseases of the genitourinary...,2878,16,1.54,0.0873236429,0.87,2.5
366.53 ,"After-cataract, obscuring vision",Diseases of the nervous system,5976,33,1.53,0.0223370906,1.05,2.16
686.8 ,Other specified local infections...,Diseases of the skin and subcutaneous...,20756,113,1.53,0.0000357335,1.25,1.85
686.9 ,Unspecified local infection of...,Diseases of the skin and subcutaneous...,46424,246,1.53,0.0000000043230474,1.33,1.75
780.4 ,Dizziness and giddiness,"Comorbidities, signs, and ill-defined...",168245,800,1.53,2.442259e-19,1.39,1.67
133.0 ,Scabies,Infectious and parasitic diseases,8719,48,1.53,0.0053448663,1.12,2.04
780.59 ,Other sleep disturbances,"Comorbidities, signs, and ill-defined...",4888,27,1.53,0.040862193,1,2.23
371.42 ,Recurrent erosion of cornea,Diseases of the nervous system,1261,7,1.53,0.2362235854,0.61,3.17
813.81 ,Closed fracture of unspecified...,Injury and poisoning,1080,6,1.53,0.2997607102,0.56,3.35
558.9 ,Other and unspecified noninfectious...,Diseases of the digestive system,118659,590,1.53,7.1977e-17,1.39,1.69
424.2 ,"Tricuspid valve disorders, specified...",Diseases of the circulatory system,1443,8,1.53,0.2645213144,0.66,3.03
437.1 ,Other generalized ischemic cerebrovascular...,Diseases of the circulatory system,1798,10,1.53,0.1667648487,0.73,2.83
443 ,Other peripheral vascular disease,Diseases of the circulatory system,1986,11,1.53,0.1845717507,0.76,2.75
995.3 ,"Allergy, unspecified, not elsewhere...",Injury and poisoning,7080,39,1.53,0.012547373,1.08,2.1
461.9 ,"Acute sinusitis, unspecified",Diseases of the respiratory system,48770,259,1.53,0.0000000013547964,1.34,1.75
365.11 ,Primary open angle glaucoma,Diseases of the nervous system,3828,21,1.52,0.077207011,0.94,2.33
786.50 ,"Chest pain, unspecified","Comorbidities, signs, and ill-defined...",35588,190,1.52,0.0000001881409,1.3,1.77
380.15 ,Chronic mycotic otitis externa,Diseases of the nervous system,11539,63,1.52,0.0021830686,1.16,1.96
386.00 ,"Minihre's disease, unspecified",Diseases of the nervous system,21081,114,1.52,0.0000412796,1.25,1.84
870.0 ,Laceration of skin of eyelid and...,Injury and poisoning,1635,9,1.52,0.2105441014,0.69,2.89
362.0 ,Diabetic retinopathy,Diseases of the nervous system,3084,17,1.52,0.0958311808,0.88,2.45
780.5 ,Sleep disturbance,"Comorbidities, signs, and ill-defined...",23267,125,1.51,0.0000220023,1.25,1.81
154 ,"Malignant rectum neoplasm, rectosigmoid...",Neoplasms,1277,7,1.51,0.2413335661,0.61,3.13
217 ,Benign neoplasm of breast,Neoplasms,1279,7,1.51,0.2419902543,0.6,3.12
374.05 ,Trichiasis of eyelid without entropion,Diseases of the nervous system,33170,176,1.51,0.00000089134754,1.28,1.76
788.3 ,Incontinence of urine,"Comorbidities, signs, and ill-defined...",13479,73,1.51,0.0010616796,1.18,1.91
535.50 ,"Unspecified gastritis and gastroduodenitis,...",Diseases of the digestive system,76902,394,1.51,0.000000000001792525,1.35,1.69
719.4 ,Pain in joint,Diseases of the musculoskeletal...,11966,65,1.51,0.0020239159,1.16,1.94
570 ,Acute and subacute necrosis of...,Diseases of the digestive system,1096,6,1.51,0.3043946517,0.55,3.3
894 ,Multiple and unspecified open...,Injury and poisoning,2198,12,1.51,0.1528291871,0.78,2.64
681.02 ,Onychia and paronychia of finger,Diseases of the skin and subcutaneous...,1655,9,1.5,0.2147645086,0.68,2.86
477.8 ,Allergic rhinitis due to other...,Diseases of the respiratory system,5918,32,1.5,0.0291961894,1.02,2.12
371.20 ,"Corneal edema, unspecified",Diseases of the nervous system,1843,10,1.5,0.2378719758,0.72,2.76
785.0 ,"Tachycardia, unspecified","Comorbidities, signs, and ill-defined...",2214,12,1.5,0.155443353,0.77,2.62
787.0 ,Nausea and vomiting,"Comorbidities, signs, and ill-defined...",21090,113,1.5,0.0000680061,1.23,1.82
375.5 ,Stenosis and insufficiency of...,Diseases of the nervous system,1468,8,1.5,0.2687260741,0.65,2.97
530.1 ,Esophagitis,Diseases of the digestive system,23986,128,1.5,0.0000282875,1.25,1.8
380.4 ,Impacted cerumen,Diseases of the nervous system,27977,149,1.5,0.0000052937524,1.26,1.78
382.3 ,Unspecified chronic suppurative...,Diseases of the nervous system,3695,20,1.5,0.0745120117,0.91,2.32
805.2 ,Closed fracture of dorsal [thoracic]...,Injury and poisoning,1287,7,1.5,0.2446560159,0.6,3.1
427.61 ,Supraventricular premature beats,Diseases of the circulatory system,1653,9,1.5,0.2143270655,0.68,2.86
432.1 ,Subdural hemorrhage,Diseases of the circulatory system,1103,6,1.5,0.3065245388,0.55,3.28
592 ,Calculus of kidney and ureter,Diseases of the genitourinary...,4065,22,1.5,0.0659683387,0.93,2.27
154.0 ,Malignant neoplasm of rectosigmoid...,Neoplasms,1299,7,1.49,0.2487695061,0.6,3.07
812.20 ,Closed fracture of unspecified...,Injury and poisoning,1108,6,1.49,0.3080830723,0.55,3.26
715.37 ,"Osteoarthrosis, localized, not...",Diseases of the musculoskeletal...,1484,8,1.49,0.2717653823,0.64,2.94
829.0 ,"Fracture of unspecified bone,...",Injury and poisoning,1670,9,1.49,0.2181523582,0.68,2.83
280.9 ,"Iron deficiency anemia, unspecified",Diseases of the blood and blood-forming...,7458,40,1.49,0.0193940715,1.06,2.03
402.91 ,Unspecified hypertensive heart...,Diseases of the circulatory system,5553,30,1.49,0.0329807435,1,2.14
427 ,Cardiac dysrhythmias,Diseases of the circulatory system,11977,64,1.49,0.0033871767,1.14,1.91
571.9 ,Unspecified chronic liver disease...,Diseases of the digestive system,8755,47,1.49,0.0093085212,1.09,1.99
461 ,Acute sinusitis,Diseases of the respiratory system,3883,21,1.49,0.0795562602,0.92,2.29
461.0 ,Acute maxillary sinusitis,Diseases of the respiratory system,2770,15,1.49,0.1140388856,0.83,2.48
472.1 ,Chronic pharyngitis,Diseases of the respiratory system,19435,103,1.48,0.0002050639,1.2,1.81
493.90 ,"Asthma, unspecified type, unspecified",Diseases of the respiratory system,51865,266,1.48,0.000000018849264,1.29,1.68
707.1 ,"Ulcer of lower limbs, except decubitus",Diseases of the skin and subcutaneous...,4496,24,1.48,0.0616123221,0.94,2.2
380.10 ,"Infective otitis externa, unspecified",Diseases of the nervous system,29752,156,1.48,0.0000076812882,1.25,1.75
401.9 ,Unspecified essential hypertension,Diseases of the circulatory system,233870,1038,1.48,1.429033e-17,1.35,1.62
290.20 ,Senile dementia with delusional...,Mental disorders,2422,13,1.48,0.1710388802,0.79,2.54
424.0 ,Mitral valve disorders,Diseases of the circulatory system,9928,53,1.48,0.0068877289,1.11,1.95
009.2 ,Infectious diarrhea,Infectious and parasitic diseases,8427,45,1.48,0.013341996,1.08,1.99
076.9 ,"Trachoma, unspecified",Infectious and parasitic diseases,1316,7,1.47,0.3499028009,0.59,3.03
368.13 ,Visual discomfort,Diseases of the nervous system,31038,161,1.47,0.0000093295439,1.24,1.72
476.1 ,Chronic laryngotracheitis,Diseases of the respiratory system,2064,11,1.47,0.1959469449,0.73,2.64
492.0 ,Emphysematous bleb,Diseases of the respiratory system,2442,13,1.47,0.173407665,0.78,2.52
440.8 ,Atherosclerosis of other specified...,Diseases of the circulatory system,2251,12,1.47,0.2136993179,0.76,2.58
460 ,Acute nasopharyngitis [common...,Diseases of the respiratory system,160757,751,1.47,9.593812e-16,1.34,1.61
461.8 ,Other acute sinusitis,Diseases of the respiratory system,3580,19,1.47,0.094819205,0.88,2.3
365.22 ,Acute angle-closure glaucoma,Diseases of the nervous system,1321,7,1.46,0.3507245896,0.59,3.02
070 ,Viral hepatitis,Infectious and parasitic diseases,1135,6,1.46,0.3170141411,0.53,3.19
473 ,Chronic sinusitis,Diseases of the respiratory system,1508,8,1.46,0.2768140349,0.63,2.89
692.5 ,Contact dermatitis and other eczema...,Diseases of the skin and subcutaneous...,2654,14,1.46,0.1912286884,0.79,2.45
783.2 ,Abnormal loss of weight,"Comorbidities, signs, and ill-defined...",6046,32,1.46,0.0401555243,1,2.08
374.01 ,Senile entropion,Diseases of the nervous system,1696,9,1.46,0.2244613126,0.67,2.79
788.9 ,Other symptoms involving urinary...,"Comorbidities, signs, and ill-defined...",1702,9,1.46,0.2259937534,0.66,2.78
410.90 ,Acute myocardial infarction of...,Diseases of the circulatory system,3983,21,1.46,0.0859532543,0.9,2.24
919.8 ,Other and unspecified superficial...,Injury and poisoning,1508,8,1.46,0.2768140349,0.63,2.89
464 ,Acute laryngitis and tracheitis,Diseases of the respiratory system,16180,84,1.45,0.0014339977,1.15,1.8
464.4 ,Croup,Diseases of the respiratory system,2091,11,1.45,0.2008814262,0.72,2.61
110 ,Dermatophytosis,Infectious and parasitic diseases,3226,17,1.45,0.1388274308,0.84,2.34
367.89 ,Other disorders of refraction...,Diseases of the nervous system,4001,21,1.45,0.1108741218,0.89,2.23
684 ,Impetigo,Diseases of the skin and subcutaneous...,2667,14,1.45,0.1922527219,0.79,2.44
372.02 ,Acute follicular conjunctivitis,Diseases of the nervous system,1328,7,1.45,0.3519253111,0.58,3.01
784 ,Symptoms involving head and neck,"Comorbidities, signs, and ill-defined...",1901,10,1.45,0.2458893188,0.69,2.68
386 ,Vertiginous syndromes and other...,Diseases of the nervous system,12078,63,1.45,0.0057366446,1.11,1.87
345.90 ,"Epilepsy, unspecified, without...",Diseases of the nervous system,3805,20,1.45,0.1030219445,0.88,2.25
437.0 ,Cerebral atherosclerosis,Diseases of the circulatory system,14944,78,1.45,0.0018842629,1.14,1.83
977.9 ,Poisoning by unspecified drug...,Injury and poisoning,1139,6,1.45,0.3184084738,0.53,3.17
692.79 ,Other dermatitis due to solar...,Diseases of the skin and subcutaneous...,2680,14,1.44,0.1933752174,0.79,2.43
372.30 ,"Conjunctivitis, unspecified",Diseases of the nervous system,87490,426,1.44,0.0000000002236683,1.29,1.6
290.9 ,Unspecified senile psychotic condition,Mental disorders,2879,15,1.44,0.1599902692,0.8,2.38
873.0 ,"Open wound of scalp, without mention...",Injury and poisoning,10247,53,1.44,0.0126582902,1.07,1.89
333.1 ,Essential and other specified...,Diseases of the nervous system,4601,24,1.44,0.0834172501,0.92,2.15
910.0 ,"Abrasion or friction burn of face,...",Injury and poisoning,4211,22,1.44,0.0931987805,0.9,2.19
922.9 ,Contusion of unspecified part...,Injury and poisoning,3651,19,1.44,0.1263972774,0.86,2.25
357.9 ,Unspecified inflammatory and toxic...,Diseases of the nervous system,2297,12,1.44,0.2186998323,0.74,2.53
455.8 ,Unspecified hemorrhoids with other...,Diseases of the circulatory system,7717,40,1.44,0.0280853601,1.02,1.96
478.1 ,Other diseases of nasal cavity...,Diseases of the respiratory system,9303,48,1.43,0.0185801369,1.05,1.91
372.54 ,Conjunctival concretions,Diseases of the nervous system,10511,54,1.43,0.0137717303,1.07,1.87
524.60 ,"Temporomandibular joint disorders,...",Diseases of the digestive system,1152,6,1.43,0.3230611334,0.52,3.14
402.9 ,Hypertensive heart disease unspecified,Diseases of the circulatory system,27957,142,1.43,0.0001004061,1.2,1.7
306.4 ,Gastrointestinal malfunction arising...,Mental disorders,2903,15,1.43,0.1629663399,0.8,2.36
346.1 ,Common migraine,Diseases of the nervous system,2317,12,1.43,0.2213236377,0.74,2.51
472.2 ,Chronic nasopharyngitis,Diseases of the respiratory system,6636,34,1.42,0.0503846462,0.98,1.99
701.1 ,"Keratoderma, acquired",Diseases of the skin and subcutaneous...,6443,33,1.42,0.0595553991,0.97,2
374.0 ,Entropion and trichiasis of eyelid,Diseases of the nervous system,4678,24,1.42,0.1104390931,0.9,2.12
401 ,Essential hypertension,Diseases of the circulatory system,43615,218,1.42,0.0000025974177,1.23,1.64
306.9 ,Unspecified psychophysiological...,Mental disorders,11923,61,1.42,0.0108242069,1.08,1.84
912.0 ,Abrasion or friction burn of shoulder...,Injury and poisoning,1165,6,1.42,0.3278929392,0.52,3.1
491.9 ,Unspecified chronic bronchitis,Diseases of the respiratory system,81263,391,1.41,0.0000000064468607,1.25,1.57
704.8 ,Other specified diseases of hair...,Diseases of the skin and subcutaneous...,7270,37,1.41,0.0487167889,0.99,1.95
786.59 ,Other chest pain,"Comorbidities, signs, and ill-defined...",12416,63,1.41,0.0101115243,1.08,1.81
316 ,Psychic factors associated with...,Mental disorders,1558,8,1.41,0.2891114173,0.61,2.8
575.1 ,Other cholecystitis,Diseases of the digestive system,2157,11,1.41,0.2763199591,0.7,2.53
780.2 ,Syncope and collapse,"Comorbidities, signs, and ill-defined...",13667,69,1.4,0.0076242413,1.09,1.79
272.4 ,Other and unspecified hyperlipidemia,"Endocrine, nutritional and metabolic...",57024,278,1.4,0.00000063993872,1.23,1.59
401.0 ,Malignant essential hypertension,Diseases of the circulatory system,12469,63,1.4,0.0103847889,1.07,1.81
850.9 ,"Concussion, unspecified",Injury and poisoning,4727,24,1.4,0.1124443008,0.9,2.1
560.1 ,Paralytic ileus,Diseases of the digestive system,4528,23,1.4,0.1064905765,0.89,2.11
571.4 ,Chronic hepatitis,Diseases of the digestive system,23149,116,1.4,0.0007844605,1.15,1.69
427.69 ,Other premature beats,Diseases of the circulatory system,1573,8,1.4,0.2932411362,0.6,2.77
427.9 ,"Cardiac dysrhythmia, unspecified",Diseases of the circulatory system,52533,257,1.4,0.0000014457468,1.22,1.6
930.0 ,Corneal foreign body,Injury and poisoning,14911,75,1.4,0.0057370401,1.1,1.76
464.0 ,Acute laryngitis,Diseases of the respiratory system,49530,241,1.39,0.000005229834,1.21,1.59
137.1 ,Late effects of central nervous...,Infectious and parasitic diseases,2583,13,1.39,0.2468280519,0.74,2.38
372.1 ,Chronic conjunctivitis,Diseases of the nervous system,49671,242,1.39,0.0000044613996,1.21,1.59
372.71 ,Hyperemia of conjunctiva,Diseases of the nervous system,1588,8,1.39,0.2975623318,0.6,2.75
786.2 ,Cough,"Comorbidities, signs, and ill-defined...",61950,300,1.39,0.00000036571567,1.23,1.58
375.56 ,"Stenosis of nasolacrimal duct,...",Diseases of the nervous system,4979,25,1.39,0.121884795,0.89,2.06
430 ,Subarachnoid hemorrhage,Diseases of the circulatory system,2175,11,1.39,0.2786654824,0.69,2.5
581.9 ,Nephrotic syndrome with unspecified...,Diseases of the genitourinary...,4753,24,1.39,0.1137734475,0.89,2.08
362.50 ,"Macular degeneration (senile),...",Diseases of the nervous system,12585,63,1.39,0.0131824316,1.06,1.79
607.1 ,Balanoposthitis,Diseases of the genitourinary...,3401,17,1.38,0.1951798309,0.8,2.22
367.0 ,Hypermetropia,Diseases of the nervous system,2996,15,1.38,0.2196609238,0.77,2.29
111.8 ,Other specified dermatomycoses,Infectious and parasitic diseases,1597,8,1.38,0.3002441846,0.59,2.73
428.9 ,"Heart failure, unspecified",Diseases of the circulatory system,19832,98,1.38,0.0031454284,1.11,1.69
599.0 ,"Urinary tract infection, site...",Diseases of the genitourinary...,69923,335,1.38,0.00000016737177,1.23,1.56
366.50 ,"After-cataract, unspecified",Diseases of the nervous system,13192,65,1.37,0.0155728502,1.05,1.75
780.6 ,Fever,"Comorbidities, signs, and ill-defined...",46305,223,1.37,0.0000256084,1.18,1.57
780.9 ,Other general symptoms,"Comorbidities, signs, and ill-defined...",8872,44,1.37,0.0407338161,0.99,1.85
693.0 ,Dermatitis due to drugs and medicines...,Diseases of the skin and subcutaneous...,5040,25,1.37,0.1247604811,0.88,2.03
389.9 ,Unspecified hearing loss,Diseases of the nervous system,14986,74,1.37,0.0106530124,1.07,1.73
300 ,Neurotic disorders,Mental disorders,15446,76,1.37,0.0097993863,1.07,1.72
574.20 ,Calculus of gallbladder without...,Diseases of the digestive system,11762,58,1.37,0.0242616774,1.03,1.78
582.0 ,Chronic glomerulonephritis with...,Diseases of the genitourinary...,1403,7,1.37,0.3682407759,0.55,2.84
931 ,Foreign body in ear,Injury and poisoning,1805,9,1.37,0.3223912443,0.63,2.62
053.19 ,Herpes zoster with other nervous...,Infectious and parasitic diseases,2637,13,1.36,0.2539575252,0.72,2.33
477.0 ,Allergic rhinitis due to pollen,Diseases of the respiratory system,1219,6,1.36,0.4659440968,0.5,2.96
786.8 ,Hiccough,"Comorbidities, signs, and ill-defined...",2025,10,1.36,0.3490516848,0.65,2.51
787.7 ,Abnormal feces,"Comorbidities, signs, and ill-defined...",3447,17,1.36,0.199666196,0.79,2.19
250.0 ,Diabetes Mellitus w/m of complication,"Endocrine, nutritional and metabolic...",28682,139,1.36,0.0008536557,1.13,1.62
533.30 ,Acute peptic ulcer of unspecified...,Diseases of the digestive system,8315,41,1.36,0.0534397277,0.98,1.86
458.0 ,Orthostatic hypotension,Diseases of the circulatory system,1213,6,1.36,0.4647972553,0.5,2.98
608.9 ,Unspecified disorder of male genital...,Diseases of the genitourinary...,1830,9,1.35,0.3276256259,0.62,2.58
372.53 ,Conjunctival xerosis,Diseases of the nervous system,2044,10,1.35,0.3515561317,0.64,2.49
519.9 ,Unspecified disease of respiratory...,Diseases of the respiratory system,4082,20,1.35,0.1891279659,0.82,2.1
528 ,"Disease of the oral soft tissues,...",Diseases of the digestive system,1221,6,1.35,0.4663355275,0.5,2.96
709.9 ,Unspecified disorder of skin and...,Diseases of the skin and subcutaneous...,18785,91,1.35,0.0078254316,1.08,1.67
805.4 ,Closed fracture of lumbar vertebra...,Injury and poisoning,6120,30,1.35,0.1077460747,0.91,1.94
571 ,Chronic liver disease and cirrhosis,Diseases of the digestive system,5915,29,1.35,0.103304413,0.9,1.95
332.0 ,Paralysis agitans,Diseases of the nervous system,14972,73,1.35,0.0131210403,1.06,1.71
346 ,Migraine,Diseases of the nervous system,2242,11,1.35,0.2894445126,0.67,2.43
435.1 ,Vertebral artery syndrome,Diseases of the circulatory system,4695,23,1.35,0.1438479738,0.85,2.04
490 ,"Bronchitis, not specified as acute...",Diseases of the respiratory system,49073,232,1.34,0.0000494409,1.16,1.54
491.20 ,Obstructive chronic bronchitis...,Diseases of the respiratory system,24525,118,1.34,0.0027653106,1.11,1.62
518.4 ,"Acute edema of lung, unspecified",Diseases of the respiratory system,1232,6,1.34,0.4685687768,0.49,2.93
564.9 ,Unspecified functional disorder...,Diseases of the digestive system,71319,332,1.34,0.0000027955484,1.19,1.51
367.1 ,Myopia,Diseases of the nervous system,2079,10,1.33,0.3569001952,0.63,2.45
487.1 ,Influenza with other respiratory...,Diseases of the respiratory system,76607,353,1.33,0.0000029401853,1.18,1.49
786.09 ,Other respiratory abnormalities,"Comorbidities, signs, and ill-defined...",11855,57,1.33,0.0369610663,1,1.74
531.90 ,"Gastric ulcer, unspecified as...",Diseases of the digestive system,29446,140,1.33,0.0016729627,1.11,1.58
719 ,Other and unspecified disorders...,Diseases of the musculoskeletal...,1867,9,1.33,0.33627401,0.61,2.53
555.0 ,Regional enteritis of small intestine,Diseases of the digestive system,1453,7,1.33,0.3822727737,0.53,2.75
348.3 ,"Encephalopathy, unspecified",Diseases of the nervous system,1036,5,1.33,0.4354766873,0.43,3.12
434.0 ,Cerebral thrombosis,Diseases of the circulatory system,16872,81,1.33,0.013419877,1.05,1.67
596.4 ,Atony of bladder,Diseases of the genitourinary...,2485,12,1.33,0.3124712814,0.69,2.33
596.5 ,Other functional disorders of...,Diseases of the genitourinary...,8526,41,1.33,0.0837506122,0.95,1.81
601.1 ,Chronic prostatitis,Diseases of the genitourinary...,6218,30,1.33,0.1361344532,0.9,1.91
053.9 ,Herpes zoster without mention...,Infectious and parasitic diseases,15359,73,1.32,0.0245205987,1.03,1.67
367.9 ,Unspecified disorder of refraction...,Diseases of the nervous system,9609,46,1.32,0.071596126,0.97,1.78
733.1 ,Pathological fracture,Diseases of the musculoskeletal...,2290,11,1.32,0.3793054367,0.66,2.38
281.9 ,Unspecified deficiency anemia,Diseases of the blood and blood-forming...,2708,13,1.32,0.3324436723,0.7,2.27
414.0 ,Coronary atherosclerosis,Diseases of the circulatory system,61677,285,1.32,0.0000308992,1.16,1.5
414.9 ,"Chronic ischemic heart disease,...",Diseases of the circulatory system,94231,428,1.32,0.00000083148136,1.18,1.47
573.3 ,"Hepatitis, unspecified",Diseases of the digestive system,8593,41,1.32,0.0853121796,0.94,1.8
894.1 ,Multiple and unspecified open...,Injury and poisoning,1674,8,1.32,0.4106061035,0.57,2.6
575.0 ,Acute cholecystitis,Diseases of the digestive system,2303,11,1.32,0.3806304862,0.65,2.36
011.00 ,"Tuberculosis of lung, infiltrative,...",Infectious and parasitic diseases,2736,13,1.31,0.335268595,0.69,2.25
605 ,Redundant prepuce and phimosis,Diseases of the genitourinary...,1052,5,1.31,0.4418801766,0.42,3.07
070.30 ,Viral hepatitis B without mention...,Infectious and parasitic diseases,4618,22,1.31,0.2169545669,0.82,2
784.1 ,Throat pain,"Comorbidities, signs, and ill-defined...",6751,32,1.31,0.1270116803,0.89,1.86
841.9 ,Sprains and strains of unspecified...,Injury and poisoning,1683,8,1.31,0.4124396771,0.56,2.59
280.0 ,Iron deficiency anemia secondary...,Diseases of the blood and blood-forming...,2099,10,1.31,0.3603630755,0.63,2.42
294.8 ,Other persistent mental disorders...,Mental disorders,1264,6,1.31,0.4758070397,0.48,2.86
854.01 ,Intracranial injury of other and...,Injury and poisoning,2726,13,1.31,0.3342050976,0.7,2.26
300.9 ,Unspecified nonpsychotic mental...,Mental disorders,29669,139,1.31,0.0028740395,1.09,1.56
414.8 ,Other specified forms of chronic...,Diseases of the circulatory system,15273,72,1.31,0.0288988406,1.02,1.66
883.1 ,"Open wound of finger(s), complicated",Injury and poisoning,1887,9,1.31,0.437682931,0.6,2.5
440.9 ,Generalized and unspecified atherosclerosis,Diseases of the circulatory system,11233,53,1.31,0.0572786436,0.97,1.72
602.9 ,Unspecified disorder of prostate,Diseases of the genitourinary...,1056,5,1.3,0.4435191153,0.42,3.06
491 ,Chronic bronchitis,Diseases of the respiratory system,28024,130,1.3,0.0058372361,1.08,1.55
372.72 ,Conjunctival hemorrhage,Diseases of the nervous system,17482,82,1.3,0.021427339,1.03,1.63
705.1 ,Prickly heat,Diseases of the skin and subcutaneous...,2113,10,1.3,0.3629575119,0.62,2.41
250.00 ,Diabetes mellitus without mention...,"Endocrine, nutritional and metabolic...",92805,417,1.3,0.0000037253213,1.16,1.45
250.50 ,"Diabetes with ophthalmic manifestations,...","Endocrine, nutritional and metabolic...",4886,23,1.3,0.2300446007,0.82,1.96
261 ,Nutritional marasmus,"Endocrine, nutritional and metabolic...",1057,5,1.3,0.4439311504,0.42,3.05
573.9 ,Unspecified disorder of liver,Diseases of the digestive system,4237,20,1.3,0.2462735576,0.79,2.02
428.0 ,"Congestive heart failure, unspecified",Diseases of the circulatory system,35246,163,1.3,0.002129259,1.1,1.52
922.2 ,Contusion of abdominal wall,Injury and poisoning,1484,7,1.3,0.5104059403,0.52,2.69
592.0 ,Calculus of kidney,Diseases of the genitourinary...,16934,79,1.3,0.0273096231,1.02,1.62
599.6 ,"Urinary obstruction, unspecified",Diseases of the genitourinary...,1484,7,1.3,0.5104059403,0.52,2.69
784.49 ,Other voice and resonance disorders,"Comorbidities, signs, and ill-defined...",1066,5,1.29,0.4476799398,0.42,3.03
216.3 ,Benign neoplasm of skin of other...,Neoplasms,2127,10,1.29,0.3656884413,0.62,2.39
374.30 ,"Ptosis of eyelid, unspecified",Diseases of the nervous system,2555,12,1.29,0.3238378346,0.67,2.27
790.6 ,Other abnormal blood chemistry,"Comorbidities, signs, and ill-defined...",10968,51,1.29,0.0777594464,0.95,1.7
535.0 ,Acute gastritis,Diseases of the digestive system,16596,77,1.29,0.0357061606,1.01,1.62
285.9 ,"Anemia, unspecified",Diseases of the blood and blood-forming...,25767,119,1.29,0.0092742665,1.06,1.55
402 ,Hypertensive heart disease,Diseases of the circulatory system,36766,169,1.29,0.0022379069,1.09,1.51
402.90 ,Unspecified hypertensive heart...,Diseases of the circulatory system,99611,444,1.29,0.0000033982889,1.16,1.44
411.81 ,Acute coronary occlusion without...,Diseases of the circulatory system,3199,15,1.29,0.3008000242,0.72,2.14
412 ,Old myocardial infarction,Diseases of the circulatory system,7268,34,1.29,0.1403550562,0.89,1.81
413.9 ,Other and unspecified angina pectoris,Diseases of the circulatory system,45553,209,1.29,0.0006246898,1.11,1.49
414 ,Other forms of chronic ischemic...,Diseases of the circulatory system,19611,91,1.29,0.0214405058,1.03,1.59
440 ,Atherosclerosis,Diseases of the circulatory system,3211,15,1.29,0.3023388434,0.72,2.13
362 ,Other retinal disorders,Diseases of the nervous system,1063,5,1.29,0.4464223416,0.42,3.04
250.60 ,"Diabetes with neurological manifestations,...","Endocrine, nutritional and metabolic...",15406,71,1.28,0.0485199713,0.99,1.62
820.8 ,Closed fracture of unspecified...,Injury and poisoning,3017,14,1.28,0.3592282733,0.7,2.15
839.8 ,"Closed dislocation, multiple and...",Injury and poisoning,1501,7,1.28,0.5128531888,0.51,2.66
879.8 ,Open wound(s) (multiple) of unspecified...,Injury and poisoning,9524,44,1.28,0.1210371896,0.92,1.72
933.0 ,Foreign body in pharynx,Injury and poisoning,3014,14,1.28,0.3589312122,0.7,2.16
491.2 ,Obstructive chronic bronchitis,Diseases of the respiratory system,11543,53,1.27,0.0856519653,0.95,1.67
379.39 ,Other disorders of lens,Diseases of the nervous system,3472,16,1.27,0.3204426153,0.72,2.07
250.40 ,"Diabetes with renal manifestations,...","Endocrine, nutritional and metabolic...",10853,50,1.27,0.0907622224,0.94,1.69
380.2 ,Other otitis externa,Diseases of the nervous system,2173,10,1.27,0.4702320103,0.61,2.34
715.31 ,"Osteoarthrosis, localized, not...",Diseases of the musculoskeletal...,2164,10,1.27,0.4693404927,0.61,2.35
272 ,Disorders of lipoid metabolism,"Endocrine, nutritional and metabolic...",8475,39,1.27,0.144553704,0.9,1.75
873.40 ,"Open wound of face, unspecified...",Injury and poisoning,11077,51,1.27,0.0934178455,0.94,1.68
585 ,Chronic renal failure,Diseases of the genitourinary...,28159,128,1.27,0.0109729391,1.05,1.52
447.6 ,"Arteritis, unspecified",Diseases of the circulatory system,4976,23,1.27,0.2359096463,0.81,1.92
728.0 ,Infective myositis,Diseases of the musculoskeletal...,1088,5,1.26,0.6064733847,0.41,2.97
370.20 ,"Superficial keratitis, unspecified",Diseases of the nervous system,3705,17,1.26,0.3348888681,0.73,2.03
492.8 ,Other emphysema,Diseases of the respiratory system,15159,69,1.26,0.0641982297,0.98,1.61
380.1 ,Infective otitis externa,Diseases of the nervous system,1959,9,1.26,0.4479859827,0.58,2.41
719.9 ,Unspecified disorder of joint,Diseases of the musculoskeletal...,1750,8,1.26,0.4281296762,0.54,2.49
310.2 ,Postconcussion syndrome,Mental disorders,1526,7,1.26,0.5169210112,0.51,2.61
454.1 ,Varicose veins of lower extremities...,Diseases of the circulatory system,1750,8,1.26,0.4281296762,0.54,2.49
690 ,Erythematosquamous dermatosis,Diseases of the skin and subcutaneous...,22271,100,1.25,0.0352086592,1.01,1.53
373.12 ,Hordeolum internum,Diseases of the nervous system,5748,26,1.25,0.2687548212,0.81,1.84
280 ,Iron deficiency anemias,Diseases of the blood and blood-forming...,2210,10,1.25,0.4744780244,0.6,2.3
433.2 ,Occlusion and stenosis of vertebral...,Diseases of the circulatory system,2419,11,1.25,0.397482218,0.62,2.25
629.9 ,Unspecified disorder of female...,Diseases of the genitourinary...,1106,5,1.24,0.6096638525,0.4,2.92
079.9 ,Unspecified viral and chlamydial...,Infectious and parasitic diseases,1769,8,1.24,0.5475998783,0.54,2.46
530.2 ,Ulcer of esophagus,Diseases of the digestive system,5538,25,1.24,0.2613226971,0.8,1.85
558.1 ,Gastroenteritis and colitis due...,Diseases of the digestive system,1329,6,1.24,0.4935583857,0.45,2.72
437.2 ,Hypertensive encephalopathy,Diseases of the circulatory system,1549,7,1.24,0.5211319672,0.5,2.57
592.1 ,Calculus of ureter,Diseases of the genitourinary...,8266,37,1.24,0.1969859363,0.87,1.71
362.60 ,"Peripheral retinal degeneration,...",Diseases of the nervous system,3327,15,1.24,0.3837178473,0.69,2.06
366.9 ,Unspecified cataract,Diseases of the nervous system,26539,117,1.23,0.0362783858,1.01,1.48
331.0 ,Alzheimer's disease,Diseases of the nervous system,2237,10,1.23,0.4781445691,0.59,2.27
077.1 ,Epidemic keratoconjunctivitis,Infectious and parasitic diseases,4070,18,1.22,0.3608215718,0.72,1.93
705.81 ,Dyshidrosis,Diseases of the skin and subcutaneous...,3162,14,1.22,0.4556804796,0.66,2.05
821.00 ,Closed fracture of unspecified...,Injury and poisoning,2481,11,1.22,0.4999616835,0.61,2.19
427.1 ,Paroxysmal ventricular tachycardia,Diseases of the circulatory system,1128,5,1.22,0.6139809943,0.39,2.86
353 ,Nerve root and plexus disorders,Diseases of the nervous system,2023,9,1.22,0.4602995886,0.56,2.33
110.8 ,Dermatophytosis of other specified...,Infectious and parasitic diseases,1587,7,1.21,0.5290043843,0.49,2.51
154.1 ,Malignant neoplasm of rectum,Neoplasms,4567,20,1.21,0.3859878765,0.73,1.87
250.9 ,Diabetes with unspecified complication,"Endocrine, nutritional and metabolic...",6836,30,1.21,0.3103012439,0.81,1.74
533 ,"Peptic ulcer, site unspecified",Diseases of the digestive system,21746,95,1.21,0.0742927011,0.97,1.49
560.89 ,Other specified intestinal obstruction,Diseases of the digestive system,1139,5,1.21,0.6163018563,0.39,2.83
362.10 ,"Background retinopathy, unspecified",Diseases of the nervous system,3638,16,1.21,0.4062765542,0.69,1.97
365.10 ,"Open-angle glaucoma, unspecified",Diseases of the nervous system,2267,10,1.21,0.4827522987,0.58,2.24
010.90 ,"Primary tuberculous infection,...",Infectious and parasitic diseases,1151,5,1.2,0.6189504502,0.39,2.8
472 ,Chronic pharyngitis and nasopharyngitis,Diseases of the respiratory system,2745,12,1.2,0.5214806048,0.62,2.11
799.9 ,Other unknown and unspecified...,"Comorbidities, signs, and ill-defined...",3209,14,1.2,0.4602739742,0.65,2.02
263.9 ,Unspecified protein-calorie malnutrition,"Endocrine, nutritional and metabolic...",2513,11,1.2,0.5036351314,0.6,2.16
532.90 ,"Duodenal ulcer, unspecified as...",Diseases of the digestive system,20956,91,1.2,0.0892929067,0.96,1.49
574.10 ,Calculus of gallbladder with other...,Diseases of the digestive system,3216,14,1.2,0.4610467947,0.65,2.02
576.1 ,Cholangitis,Diseases of the digestive system,2513,11,1.2,0.5036351314,0.6,2.16
438 ,Late effects of cerebrovascular...,Diseases of the circulatory system,41100,176,1.2,0.0265223366,1.02,1.4
692.70 ,Unspecified dermatitis due to...,Diseases of the skin and subcutaneous...,1154,5,1.19,0.6196310119,0.39,2.79
491.8 ,Other chronic bronchitis,Diseases of the respiratory system,9510,41,1.19,0.2634374685,0.85,1.62
784.7 ,Epistaxis,"Comorbidities, signs, and ill-defined...",8555,37,1.19,0.2768787105,0.84,1.65
786.1 ,Stridor,"Comorbidities, signs, and ill-defined...",3483,15,1.19,0.4784570289,0.66,1.96
518.89 ,"Other diseases of lung, not elsewhere...",Diseases of the respiratory system,1383,6,1.19,0.6493748832,0.44,2.61
382.9 ,Unspecified otitis media,Diseases of the nervous system,12257,53,1.19,0.1968319277,0.89,1.57
873.4 ,"Facial laceration, without mention...",Injury and poisoning,4175,18,1.19,0.4375428537,0.7,1.88
591 ,Hydronephrosis,Diseases of the genitourinary...,4640,20,1.19,0.4602412051,0.72,1.84
362.01 ,Background diabetic retinopathy,Diseases of the nervous system,7627,33,1.19,0.2922750678,0.82,1.68
451.9 ,Phlebitis and thrombophlebitis...,Diseases of the circulatory system,1154,5,1.19,0.6196310119,0.39,2.79
366.19 ,Other and combined forms of senile...,Diseases of the nervous system,34783,148,1.18,0.0528783778,0.99,1.4
692 ,Contact dermatitis and other eczema,Diseases of the skin and subcutaneous...,18935,81,1.18,0.1399016519,0.94,1.48
788.2 ,Retention of urine,"Comorbidities, signs, and ill-defined...",16854,72,1.18,0.1716330227,0.92,1.5
560.9 ,Unspecified intestinal obstruction,Diseases of the digestive system,7034,30,1.18,0.3685694465,0.79,1.69
433.1 ,Carotid artery occlusion and stenosis,Diseases of the circulatory system,2337,10,1.18,0.6019655107,0.56,2.17
785.2 ,Undiagnosed cardiac murmurs,"Comorbidities, signs, and ill-defined...",1175,5,1.17,0.6245916308,0.38,2.74
571.8 ,Other chronic nonalcoholic liver...,Diseases of the digestive system,4481,19,1.17,0.4546874561,0.7,1.83
477 ,Allergic rhinitis,Diseases of the respiratory system,11900,50,1.16,0.3159051816,0.86,1.54
694.0 ,Dermatitis herpetiformis,Diseases of the skin and subcutaneous...,1655,7,1.16,0.6784657295,0.47,2.41
702.8 ,Other specified dermatoses,Diseases of the skin and subcutaneous...,3805,16,1.16,0.4995529823,0.66,1.89
496 ,"Chronic airway obstruction, not...",Diseases of the respiratory system,105449,431,1.16,0.0078863243,1.04,1.29
523.9 ,Unspecified gingival and periodontal...,Diseases of the digestive system,5209,22,1.16,0.4858910964,0.73,1.77
388.4 ,Other abnormal auditory perception,Diseases of the nervous system,1182,5,1.16,0.6263184966,0.38,2.73
850.0 ,Concussion with no loss of consciousness,Injury and poisoning,4491,19,1.16,0.455621421,0.7,1.83
306.2 ,Cardiovascular malfunction arising...,Mental disorders,1903,8,1.16,0.5690076603,0.5,2.29
599.7 ,Hematuria,Diseases of the genitourinary...,25118,105,1.16,0.1469856175,0.94,1.41
599.9 ,Unspecified disorder of urethra...,Diseases of the genitourinary...,6181,26,1.16,0.4554245597,0.75,1.7
173.9 ,Unspecified malignant neoplasm...,Neoplasms,1196,5,1.15,0.6298758627,0.37,2.7
185 ,Malignant neoplasm of prostate,Neoplasms,10579,44,1.15,0.3687438644,0.83,1.55
250.90 ,"Diabetes with unspecified complication,...","Endocrine, nutritional and metabolic...",27267,113,1.15,0.162935056,0.94,1.39
427.31 ,Atrial fibrillation,Diseases of the circulatory system,13892,58,1.15,0.2836990158,0.87,1.5
331.3 ,Communicating hydrocephalus,Diseases of the nervous system,2151,9,1.15,0.5897751653,0.52,2.19
583 ,"Nephritis and nephropathy, not...",Diseases of the genitourinary...,3349,14,1.15,0.5630197093,0.63,1.94
596.9 ,Unspecified disorder of bladder,Diseases of the genitourinary...,1192,5,1.15,0.6288457188,0.37,2.7
366 ,Cataract,Diseases of the nervous system,22350,92,1.14,0.2328723848,0.91,1.4
464.20 ,Acute laryngotracheitis without...,Diseases of the respiratory system,21021,87,1.14,0.2194022259,0.91,1.42
698 ,Pruritus and related conditions,Diseases of the skin and subcutaneous...,6057,25,1.14,0.5182024567,0.73,1.68
494 ,Bronchiectasis,Diseases of the respiratory system,14797,61,1.14,0.3316300323,0.87,1.47
789 ,Other symptoms involving abdomen...,"Comorbidities, signs, and ill-defined...",3145,13,1.14,0.6535900822,0.6,1.95
531 ,Gastric ulcer,Diseases of the digestive system,11363,47,1.14,0.3853945058,0.83,1.52
709 ,Other disorders of skin and subcutaneous...,Diseases of the skin and subcutaneous...,1218,5,1.13,0.6357279764,0.37,2.65
532.40 ,Chronic or unspecified duodenal...,Diseases of the digestive system,1700,7,1.13,0.6836405449,0.45,2.34
402.1 ,"Hypertensive heart disease, benign",Diseases of the circulatory system,6109,25,1.13,0.5207585887,0.73,1.67
365.20 ,"Primary angle-closure glaucoma,...",Diseases of the nervous system,2709,11,1.12,0.6312231889,0.56,2.01
478 ,Other diseases of upper respiratory...,Diseases of the respiratory system,2206,9,1.12,0.7203701957,0.51,2.14
372.3 ,Other and unspecified conjunctivitis,Diseases of the nervous system,7646,31,1.12,0.5031600311,0.76,1.59
493 ,Asthma,Diseases of the respiratory system,16231,66,1.12,0.3535863498,0.86,1.44
215.0 ,Other benign neoplasm of connective...,Neoplasms,1724,7,1.12,0.6868451872,0.45,2.31
242.90 ,Thyrotoxicosis without mention...,"Endocrine, nutritional and metabolic...",1958,8,1.12,0.7040398661,0.48,2.22
434.1 ,Cerebral embolism,Diseases of the circulatory system,8376,34,1.12,0.5209450804,0.77,1.57
434.9 ,"Cerebral artery occlusion, unspecified",Diseases of the circulatory system,40753,165,1.12,0.1575624808,0.95,1.32
097.9 ,"Syphilis, unspecified",Infectious and parasitic diseases,1493,6,1.11,0.6682862428,0.4,2.42
531.7 ,"Gastric ulcer, chronic without...",Diseases of the digestive system,1237,5,1.11,0.8097470837,0.36,2.61
537.89 ,Other specified disorders of stomach...,Diseases of the digestive system,1239,5,1.11,0.8099036041,0.36,2.6
425.4 ,Other primary cardiomyopathies,Diseases of the circulatory system,1729,7,1.11,0.687549364,0.45,2.3
366.8 ,Other cataract,Diseases of the nervous system,3746,15,1.1,0.6814178337,0.61,1.82
686.0 ,Pyoderma,Diseases of the skin and subcutaneous...,6732,27,1.1,0.6093939489,0.73,1.61
250 ,Diabetes mellitus,"Endocrine, nutritional and metabolic...",31603,126,1.1,0.2891143765,0.91,1.32
531.0 ,Acute with hemorrhage,Diseases of the digestive system,1250,5,1.1,0.8107974288,0.36,2.58
882 ,Open wound of hand except finger(s)...,Injury and poisoning,1756,7,1.1,0.6915587964,0.44,2.27
590.9 ,"Infection of kidney, unspecified",Diseases of the genitourinary...,2007,8,1.1,0.7092068161,0.47,2.17
362.02 ,Proliferative diabetic retinopathy,Diseases of the nervous system,3255,13,1.1,0.6611473858,0.58,1.89
464.10 ,Acute tracheitis without mention...,Diseases of the respiratory system,50161,197,1.09,0.2585113614,0.93,1.26
366.17 ,Total or mature cataract,Diseases of the nervous system,4035,16,1.09,0.6926613391,0.62,1.78
111.0 ,Pityriasis versicolor,Infectious and parasitic diseases,2770,11,1.09,0.7498690154,0.54,1.96
189.0 ,"Malignant neoplasm of kidney,...",Neoplasms,1264,5,1.09,0.8120134831,0.35,2.55
493.9 ,"Asthma, unspecified",Diseases of the respiratory system,11418,45,1.09,0.5817252514,0.79,1.46
250.4 ,Diabetes with renal manifestations,"Endocrine, nutritional and metabolic...",4025,16,1.09,0.6921535934,0.62,1.78
388.5 ,Disorders of acoustic nerve,Diseases of the nervous system,1767,7,1.09,0.6932883184,0.44,2.25
396.3 ,Mitral valve insufficiency and...,Diseases of the circulatory system,2261,9,1.09,0.7246699373,0.5,2.09
290.0 ,"Senile dementia, uncomplicated",Mental disorders,13183,52,1.09,0.5573180555,0.81,1.43
574.0 ,Calculus of gallbladder with acute...,Diseases of the digestive system,1516,6,1.09,0.8283829363,0.4,2.38
429 ,Ill-defined descriptions and complications...,Diseases of the circulatory system,1507,6,1.09,0.8278661523,0.4,2.39
592.9 ,"Urinary calculus, unspecified",Diseases of the genitourinary...,13166,52,1.09,0.5570581499,0.81,1.43
473.9 ,Unspecified sinusitis (chronic),Diseases of the respiratory system,10685,42,1.08,0.5702519144,0.78,1.47
493.0 ,Extrinsic asthma,Diseases of the respiratory system,1272,5,1.08,0.8127464633,0.35,2.53
708 ,Urticaria,Diseases of the skin and subcutaneous...,4572,18,1.08,0.710253569,0.64,1.72
709.0 ,Dyschromia,Diseases of the skin and subcutaneous...,2284,9,1.08,0.7268023412,0.49,2.06
578.9 ,Hemorrhage of gastrointestinal...,Diseases of the digestive system,19629,77,1.08,0.5060271988,0.85,1.36
933.1 ,Foreign body in larynx,Injury and poisoning,2548,10,1.08,0.7404898623,0.52,1.99
362.36 ,Venous tributary (branch) occlusion,Diseases of the nervous system,1524,6,1.08,0.8288664751,0.4,2.37
362.52 ,Exudative senile macular degeneration,Diseases of the nervous system,1527,6,1.08,0.8290535717,0.4,2.36
365.00 ,"Preglaucoma, unspecified",Diseases of the nervous system,2284,9,1.08,0.7268023412,0.49,2.06
370.40 ,"Keratoconjunctivitis, unspecified",Diseases of the nervous system,3328,13,1.07,0.7714029116,0.57,1.84
783.0 ,Anorexia,"Comorbidities, signs, and ill-defined...",3589,14,1.07,0.7796089318,0.58,1.81
239.8 ,"Neoplasms of unspecified nature,...",Neoplasms,1032,4,1.07,0.7931481172,0.29,2.74
788.6 ,Other abnormality of urination,"Comorbidities, signs, and ill-defined...",1285,5,1.07,0.8139944055,0.35,2.51
712 ,Crystal arthropathies,Diseases of the musculoskeletal...,2573,10,1.07,0.7425508642,0.51,1.97
395.1 ,Rheumatic aortic insufficiency,Diseases of the circulatory system,1287,5,1.07,0.8141924827,0.35,2.5
300.5 ,Neurasthenia,Mental disorders,1537,6,1.07,0.8296995557,0.39,2.35
595.9 ,"Cystitis, unspecified",Diseases of the genitourinary...,17231,67,1.07,0.5625299652,0.83,1.37
597.89 ,Other urethritis,Diseases of the genitourinary...,2566,10,1.07,0.7419548249,0.51,1.98
604.90 ,"Orchitis and epididymitis, unspecified",Diseases of the genitourinary...,3099,12,1.06,0.7640250413,0.55,1.87
781.2 ,Abnormality of gait,"Comorbidities, signs, and ill-defined...",1553,6,1.06,0.8308028048,0.39,2.32
706.2 ,Sebaceous cyst,Diseases of the skin and subcutaneous...,3120,12,1.06,0.7653233861,0.54,1.85
239.0 ,Neoplasm of unspecified nature...,Neoplasms,2330,9,1.06,0.8618144806,0.48,2.02
380.13 ,Other acute infections of external...,Diseases of the nervous system,1033,4,1.06,0.7933008305,0.29,2.74
805 ,Fracture of vertebral column without...,Injury and poisoning,1299,5,1.06,0.8154139731,0.34,2.48
296.20 ,"Major depressive affective disorder,...",Mental disorders,2340,9,1.06,0.8621114931,0.48,2.02
345 ,Epilepsy,Diseases of the nervous system,1557,6,1.06,0.8310916617,0.39,2.32
583.81 ,"Nephritis and nephropathy, not...",Diseases of the genitourinary...,1561,6,1.06,0.8313856226,0.39,2.31
365.9 ,Unspecified glaucoma,Diseases of the nervous system,14464,55,1.05,0.7260370987,0.78,1.37
111.9 ,"Dermatomycosis, unspecified",Infectious and parasitic diseases,4182,16,1.05,0.7958522543,0.6,1.71
482.9 ,"Bacterial pneumonia, unspecified",Diseases of the respiratory system,4979,19,1.05,0.8123506323,0.63,1.65
188.9 ,"Malignant neoplasm of bladder,...",Neoplasms,3676,14,1.05,0.7833890391,0.57,1.76
311 ,"Depressive disorder, not elsewhere...",Mental disorders,5779,22,1.05,0.8254979669,0.65,1.59
427.32 ,Atrial flutter,Diseases of the circulatory system,1044,4,1.05,0.7950112166,0.29,2.71
724 ,Other and unspecified disorders...,Diseases of the musculoskeletal...,5247,20,1.05,0.8170817475,0.64,1.63
429.9 ,"Heart disease, unspecified",Diseases of the circulatory system,15229,58,1.05,0.6822947244,0.79,1.36
959.9 ,Unspecified site injury,Injury and poisoning,2102,8,1.05,0.8546863281,0.45,2.07
379.31 ,Aphakia,Diseases of the nervous system,3713,14,1.04,0.8905838874,0.57,1.75
478.9 ,Other and unspecified diseases...,Diseases of the respiratory system,6665,25,1.03,0.8375281354,0.67,1.53
533.7 ,"Peptic ulcer, site unspecified,...",Diseases of the digestive system,1333,5,1.03,0.8191649964,0.33,2.42
435.9 ,Unspecified transient cerebral...,Diseases of the circulatory system,10637,40,1.03,0.8070060146,0.74,1.41
372.41 ,"Peripheral pterygium, stationary",Diseases of the nervous system,1083,4,1.02,0.8014885891,0.28,2.61
786.0 ,Dyspnea and respiratory abnormalities,"Comorbidities, signs, and ill-defined...",5668,21,1.02,0.9114086787,0.63,1.56
706.8 ,Other specified diseases of sebaceous...,Diseases of the skin and subcutaneous...,7838,29,1.02,0.9245158492,0.68,1.47
530.8 ,Other specified disorders of esophagus,Diseases of the digestive system,1616,6,1.02,0.835914856,0.37,2.23
799.4 ,Cachexia,"Comorbidities, signs, and ill-defined...",1345,5,1.02,0.8205839679,0.33,2.39
251.0 ,Hypoglycemic coma,"Endocrine, nutritional and metabolic...",1074,4,1.02,0.7999407293,0.28,2.63
560.81 ,Intestinal or peritoneal adhesions...,Diseases of the digestive system,1353,5,1.02,0.8215555584,0.33,2.38
331.9 ,"Cerebral degeneration, unspecified",Diseases of the nervous system,1615,6,1.02,0.8358248618,0.37,2.23
453.8 ,"Venous thrombosis, NEC",Diseases of the circulatory system,1341,5,1.02,0.8201057696,0.33,2.4
532 ,Duodenal ulcer,Diseases of the digestive system,6513,24,1.01,0.9173527057,0.65,1.51
276.9 ,Electrolyte and fluid disorders...,"Endocrine, nutritional and metabolic...",3272,12,1.01,0.8842911563,0.52,1.77
398.90 ,"Rheumatic heart disease, unspecified",Diseases of the circulatory system,1359,5,1.01,0.8222972098,0.33,2.37
599 ,Other disorders of urethra and...,Diseases of the genitourinary...,4627,17,1.01,0.9023124123,0.59,1.62
365.04 ,Ocular hypertension,Diseases of the nervous system,1366,5,1.01,0.8231760863,0.33,2.36
464.1 ,Acute tracheitis,Diseases of the respiratory system,7112,26,1,0.9210415151,0.65,1.48
597 ,"Urethritis, not sexually transmitted,...",Diseases of the genitourinary...,1655,6,1,1,0.36,2.18
695.89 ,Other specified erythematous conditions,Diseases of the skin and subcutaneous...,1947,7,0.99,1,0.4,2.04
493.01 ,Extrinsic asthma with status asthmaticus,Diseases of the respiratory system,1112,4,0.99,1,0.27,2.54
285.8 ,Other specified anemias,Diseases of the blood and blood-forming...,1106,4,0.99,1,0.27,2.56
555.1 ,Regional enteritis of large intestine,Diseases of the digestive system,1669,6,0.99,1,0.36,2.16
294.9 ,Unspecified persistent mental...,Mental disorders,2215,8,0.99,1,0.43,1.96
296.2 ,"Major depressive disorder, single...",Mental disorders,1393,5,0.99,1,0.32,2.31
434 ,Occlusion of cerebral arteries,Diseases of the circulatory system,11690,42,0.99,1,0.71,1.34
586 ,"Renal failure, unspecified",Diseases of the genitourinary...,7735,28,0.99,1,0.66,1.44
147.9 ,"Malignant neoplasm of nasopharynx,...",Neoplasms,1690,6,0.98,1,0.36,2.13
385.32 ,Cholesteatoma of middle ear,Diseases of the nervous system,1119,4,0.98,1,0.27,2.53
405.99 ,Other unspecified secondary hypertension,Diseases of the circulatory system,4464,16,0.98,1,0.56,1.61
560.39 ,Other impaction of intestine,Diseases of the digestive system,3639,13,0.98,1,0.52,1.68
577.0 ,Acute pancreatitis,Diseases of the digestive system,2517,9,0.98,1,0.45,1.87
009 ,Ill-defined intestinal infections,Infectious and parasitic diseases,2529,9,0.98,1,0.45,1.86
784.2 ,"Swelling, mass, or lump in head...","Comorbidities, signs, and ill-defined...",2275,8,0.97,1,0.42,1.91
785.50 ,"Shock, unspecified","Comorbidities, signs, and ill-defined...",1417,5,0.97,1,0.31,2.27
786.00 ,"Respiratory abnormality, unspecified","Comorbidities, signs, and ill-defined...",4803,17,0.97,1,0.56,1.56
550 ,Inguinsl hernia,Diseases of the digestive system,2542,9,0.97,1,0.44,1.85
598.9 ,"Urethral stricture, unspecified",Diseases of the genitourinary...,2543,9,0.97,1,0.44,1.85
768.5 ,Severe birth asphyxia,Certain conditions originating...,1146,4,0.96,1,0.26,2.47
532.9 ,"Duodenal ulcer, unspecified as...",Diseases of the digestive system,4306,15,0.96,1,0.53,1.58
416 ,Chronic pulmonary heart disease,Diseases of the circulatory system,2289,8,0.96,1,0.41,1.9
428 ,Heart failure,Diseases of the circulatory system,9431,33,0.96,0.9311222261,0.66,1.35
436 ,"Acute, but ill-defined, cerebrovascular...",Diseases of the circulatory system,28369,99,0.96,0.722702552,0.77,1.17
594.1 ,Other calculus in bladder,Diseases of the genitourinary...,2291,8,0.96,1,0.41,1.9
366.5 ,After-cataract,Diseases of the nervous system,3165,11,0.95,1,0.48,1.71
780.3 ,Convulsions,"Comorbidities, signs, and ill-defined...",3457,12,0.95,1,0.49,1.67
137.0 ,Late effects of respiratory or...,Infectious and parasitic diseases,12134,42,0.95,0.8189441144,0.68,1.29
786.3 ,Hemoptysis,"Comorbidities, signs, and ill-defined...",8067,28,0.95,0.9256008372,0.63,1.38
427.3 ,Atrial fibrillation and flutter,Diseases of the circulatory system,2303,8,0.95,1,0.41,1.89
429.2 ,"Cardiovascular disease, unspecified",Diseases of the circulatory system,4055,14,0.95,1,0.52,1.6
437.9 ,Unspecified cerebrovascular disease,Diseases of the circulatory system,24476,85,0.95,0.7036584649,0.76,1.18
053 ,Herpes zoster,Infectious and parasitic diseases,2037,7,0.94,1,0.38,1.95
216.5 ,"Benign neoplasm of skin of trunk,...",Neoplasms,1750,6,0.94,1,0.34,2.06
374.00 ,"Entropion, unspecified",Diseases of the nervous system,4944,17,0.94,0.9057933726,0.55,1.52
574.50 ,Calculus of bile duct without...,Diseases of the digestive system,2348,8,0.94,1,0.4,1.85
482 ,Other bacterial pneumonia,Diseases of the respiratory system,1470,5,0.93,1,0.3,2.19
533.0 ,"Peptic ulcer, site unspecified...",Diseases of the digestive system,2941,10,0.93,1,0.45,1.72
820.21 ,Closed fracture of intertrochanteric...,Injury and poisoning,2352,8,0.93,1,0.4,1.85
691 ,Atopic dermatitis and related...,Diseases of the skin and subcutaneous...,3281,11,0.92,1,0.46,1.65
698.1 ,Pruritus of genital organs,Diseases of the skin and subcutaneous...,1200,4,0.92,1,0.25,2.35
794.8 ,Nonspecific abnormal results of...,"Comorbidities, signs, and ill-defined...",6341,21,0.91,0.7529802263,0.56,1.39
153.9 ,"Malignant neoplasm of colon, unspecified...",Neoplasms,8536,28,0.9,0.6504920718,0.6,1.31
372.9 ,Unspecified disorder of conjunctiva,Diseases of the nervous system,4905,16,0.9,0.810965783,0.51,1.46
595 ,Cystitis,Diseases of the genitourinary...,6418,21,0.9,0.7536554371,0.55,1.38
686 ,Other local infections of skin...,Diseases of the skin and subcutaneous...,6162,20,0.89,0.7487216822,0.54,1.38
240.9 ,"Goiter, unspecified","Endocrine, nutritional and metabolic...",1231,4,0.89,1,0.24,2.29
530 ,Diseases of esophagus,Diseases of the digestive system,1241,4,0.89,1,0.24,2.28
530.9 ,Unspecified disorder of esophagus,Diseases of the digestive system,3077,10,0.89,0.8802774211,0.43,1.65
536 ,Disorders of function of stomach,Diseases of the digestive system,15104,49,0.89,0.4509204519,0.65,1.18
574.2 ,Calculus of gallbladder without...,Diseases of the digestive system,3089,10,0.89,0.8803810481,0.43,1.64
011 ,Pulmoary tuberculosis,Infectious and parasitic diseases,4353,14,0.88,0.7995919206,0.48,1.49
038 ,Septicemia,Infectious and parasitic diseases,4073,13,0.88,0.7929980939,0.47,1.5
255.0 ,Cushing's syndrome,"Endocrine, nutritional and metabolic...",1253,4,0.88,1,0.24,2.25
290.40 ,"Vascular dementia, uncomplicated",Mental disorders,2187,7,0.88,1,0.35,1.82
294.1 ,Dementia in conditions classified...,Mental disorders,1880,6,0.88,1,0.32,1.91
351.0 ,Bell's palsy,Diseases of the nervous system,2489,8,0.88,0.8677219215,0.38,1.74
782.4 ,"Jaundice, unspecified, not of...","Comorbidities, signs, and ill-defined...",2213,7,0.87,0.8598953598,0.35,1.8
250.6 ,Diabetes with neurological manifestations,"Endocrine, nutritional and metabolic...",5705,18,0.87,0.6574427851,0.51,1.37
799.8 ,Other ill-defined conditions,"Comorbidities, signs, and ill-defined...",3471,11,0.87,0.7769987396,0.43,1.56
854 ,Intracranial injury of other and...,Injury and poisoning,1256,4,0.87,1,0.24,2.25
431 ,Intracerebral hemorrhage,Diseases of the circulatory system,8799,28,0.87,0.532060915,0.58,1.27
153 ,Malignant colon neoplasm,Neoplasms,2243,7,0.86,0.8601025697,0.34,1.77
365 ,Glaucoma,Diseases of the nervous system,4448,14,0.86,0.7068890905,0.47,1.45
011.90 ,"Pulmonary tuberculosis, unspecified,...",Infectious and parasitic diseases,13263,41,0.85,0.3416400472,0.6,1.15
791.0 ,Proteinuria,"Comorbidities, signs, and ill-defined...",5469,17,0.85,0.6503370994,0.5,1.37
535.01 ,"Acute gastritis, with hemorrhage",Diseases of the digestive system,1943,6,0.85,0.8505105207,0.31,1.85
285 ,Other and unspecified anemias,Diseases of the blood and blood-forming...,1609,5,0.85,1,0.28,2
573.8 ,Other specified disorders of liver,Diseases of the digestive system,2273,7,0.85,0.8605107513,0.34,1.75
038.9 ,Unspecified septicemia,Infectious and parasitic diseases,10488,32,0.84,0.3667902463,0.57,1.18
239.2 ,Neoplasm of unspecified nature...,Neoplasms,1656,5,0.83,0.8388444184,0.27,1.94
807.00 ,"Closed fracture of rib(s), unspecified",Injury and poisoning,2979,9,0.83,0.7587248212,0.38,1.58
533.50 ,Chronic or unspecified peptic...,Diseases of the digestive system,2659,8,0.83,0.7459068501,0.36,1.63
550.90 ,"Inguinal hernia, without mention...",Diseases of the digestive system,10229,31,0.83,0.3607591328,0.56,1.18
595.2 ,Other chronic cystitis,Diseases of the genitourinary...,1325,4,0.83,1,0.23,2.13
362.9 ,Unspecified retinal disorder,Diseases of the nervous system,1980,6,0.83,0.8509054208,0.3,1.82
365.2 ,Primary angle-closure glaucoma,Diseases of the nervous system,2341,7,0.82,0.7315944795,0.33,1.7
162.9 ,Malignant neoplasm of bronchus...,Neoplasms,10698,32,0.82,0.2914671865,0.56,1.16
276.7 ,Hyperpotassemia,"Endocrine, nutritional and metabolic...",1338,4,0.82,1,0.22,2.11
416.9 ,"Chronic pulmonary heart disease,...",Diseases of the circulatory system,2348,7,0.82,0.7316318873,0.33,1.69
464.2 ,Acute larygotracheitis,Diseases of the respiratory system,2363,7,0.81,0.731778507,0.33,1.68
070.9 ,Unspecified viral hepatitis without...,Infectious and parasitic diseases,4048,12,0.81,0.5987642817,0.42,1.42
137 ,Late effects of TB,Infectious and parasitic diseases,5787,17,0.81,0.4416577242,0.47,1.29
011.40 ,"Tuberculous fibrosis of lung,...",Infectious and parasitic diseases,2404,7,0.8,0.7326322829,0.32,1.65
486 ,"Pneumonia, organism unspecified",Diseases of the respiratory system,44613,132,0.8,0.0121536245,0.66,0.95
500 ,Coal workers' pneumoconiosis,Diseases of the respiratory system,2740,8,0.8,0.6345255003,0.34,1.58
374.9 ,Unspecified disorder of eyelid,Diseases of the nervous system,2069,6,0.8,0.7151908108,0.29,1.74
296.30 ,"Major depressive affective disorder,...",Mental disorders,1706,5,0.8,0.8394141978,0.26,1.88
959.7 ,"Knee, leg, ankle, and foot injury",Injury and poisoning,1378,4,0.8,0.8239898073,0.22,2.05
601.9 ,"Prostatitis, unspecified",Diseases of the genitourinary...,5540,16,0.79,0.4310310854,0.45,1.29
707.0 ,Decubitus ulcer,Diseases of the skin and subcutaneous...,5185,15,0.79,0.4848848473,0.44,1.31
272.9 ,Unspecified disorder of lipoid...,"Endocrine, nutritional and metabolic...",4494,13,0.79,0.5318941216,0.42,1.36
611.1 ,Hypertrophy of breast,Diseases of the genitourinary...,1058,3,0.78,1,0.16,2.28
596.8 ,"Bladder disorder, NEC",Diseases of the genitourinary...,1409,4,0.78,0.8242746191,0.21,2
492 ,Emphysema,Diseases of the respiratory system,7857,22,0.77,0.2560858872,0.48,1.16
379.23 ,Vitreous hemorrhage,Diseases of the nervous system,2151,6,0.77,0.7172900401,0.28,1.67
799.3 ,"Debility, unspecified","Comorbidities, signs, and ill-defined...",2508,7,0.77,0.616949237,0.31,1.58
805.8 ,Closed fracture of unspecified...,Injury and poisoning,1791,5,0.77,0.6952843548,0.25,1.79
550.9 ,"Inguinal hernia, without mention...",Diseases of the digestive system,3192,9,0.77,0.5543075536,0.35,1.47
593.9 ,Unspecified disorder of kidney...,Diseases of the genitourinary...,3199,9,0.77,0.5544696695,0.35,1.47
455 ,Hemorrhoids,Diseases of the circulatory system,6411,18,0.77,0.2972655876,0.45,1.22
533.3 ,"Peptic ulcer, site unspecified,...",Diseases of the digestive system,1805,5,0.76,0.6954303519,0.25,1.78
578 ,Gastrointestinal hemorrhage,Diseases of the digestive system,1803,5,0.76,0.6954024205,0.25,1.78
483 ,Pneumonia due to other specified...,Diseases of the respiratory system,1457,4,0.75,0.8255480134,0.2,1.94
239.1 ,Neoplasm of unspecified nature...,Neoplasms,1100,3,0.75,0.8040748571,0.15,2.2
571.5 ,Cirrhosis of liver without mention...,Diseases of the digestive system,13086,36,0.75,0.0907101306,0.52,1.04
474.0 ,Chronic tonsillitis,Diseases of the respiratory system,1861,5,0.74,0.6971418132,0.24,1.73
710.2 ,Sicca syndrome,Diseases of the musculoskeletal...,3352,9,0.74,0.4695328225,0.34,1.4
923.9 ,Contusion of unspecified part...,Injury and poisoning,2983,8,0.74,0.5388612038,0.32,1.45
681.00 ,"Cellulitis and abscess of finger,...",Diseases of the skin and subcutaneous...,2267,6,0.73,0.5972335928,0.27,1.59
787.9 ,Other symptoms involving digestive...,"Comorbidities, signs, and ill-defined...",6335,17,0.73,0.2467721064,0.43,1.18
403.90 ,"Hypertensive chronic kidney disease,...",Diseases of the circulatory system,2264,6,0.73,0.5970917337,0.27,1.59
574 ,Cholelithiasis,Diseases of the digestive system,3775,10,0.73,0.4130829436,0.35,1.34
558 ,Other and unspecified noninfectious...,Diseases of the digestive system,4911,13,0.72,0.2839715309,0.38,1.24
342.9 ,"Hemiplegia, unspecified",Diseases of the nervous system,3806,10,0.72,0.345501512,0.34,1.33
411 ,Other acute and subacute forms...,Diseases of the circulatory system,2720,7,0.71,0.4263888323,0.28,1.46
782.0 ,Disturbance of skin sensation,"Comorbidities, signs, and ill-defined...",1576,4,0.7,0.672329545,0.19,1.79
820 ,Fracture of neck of femur,Injury and poisoning,1558,4,0.7,0.6715092825,0.19,1.81
298.9 ,Unspecified psychosis,Mental disorders,1969,5,0.7,0.5714144327,0.23,1.63
582 ,Chronic glomerulonephritis,Diseases of the genitourinary...,2760,7,0.7,0.4268852419,0.28,1.44
505 ,"Pneumoconiosis, unspecified",Diseases of the respiratory system,4783,12,0.69,0.2267260831,0.35,1.2
287.2 ,Other nonthrombocytopenic purpuras,Diseases of the blood and blood-forming...,2022,5,0.68,0.5746324539,0.22,1.59
250.01 ,Diabetes mellitus without mention...,"Endocrine, nutritional and metabolic...",2872,7,0.67,0.3507239762,0.27,1.38
161.9 ,"Malignant neoplasm of larynx,...",Neoplasms,1661,4,0.66,0.5399483929,0.18,1.7
162 ,"Malignant neoplasm, trachea, bronchus,...",Neoplasms,2902,7,0.66,0.3514705152,0.27,1.37
290 ,Senile and presenile organic psychotic...,Mental disorders,4122,10,0.66,0.2405830002,0.32,1.23
722.90 ,"Other and unspecified disc disorder,...",Diseases of the musculoskeletal...,2089,5,0.66,0.4641854721,0.21,1.54
188 ,Malignant neoplasm of trigone...,Neoplasms,1264,3,0.65,0.6389475913,0.13,1.91
306 ,Physiological malfunction arising...,Mental disorders,1700,4,0.65,0.5415975852,0.18,1.66
437 ,Other and ill-defined cerebrovascular...,Diseases of the circulatory system,6272,15,0.65,0.1123156575,0.36,1.08
569.0 ,Anal and rectal polyp,Diseases of the digestive system,2148,5,0.64,0.4678962257,0.21,1.49
789.5 ,Ascites,"Comorbidities, signs, and ill-defined...",1302,3,0.63,0.640952964,0.13,1.85
155.0 ,"Malignant neoplasm of liver, primary",Neoplasms,7476,17,0.62,0.0520238605,0.36,1
277.3 ,Amyloidosis,"Endocrine, nutritional and metabolic...",1763,4,0.62,0.4301467422,0.17,1.6
995.2 ,Unspecified adverse effect od...,Injury and poisoning,2234,5,0.61,0.3750043994,0.2,1.44
155 ,Malignant liver and intrahepatic...,Neoplasms,1813,4,0.6,0.4315199697,0.16,1.55
367.20 ,"Astigmatism, unspecified",Diseases of the nervous system,1849,4,0.59,0.4339255274,0.16,1.52
150.9 ,"Malignant neoplasm of esophagus,...",Neoplasms,1420,3,0.58,0.5036913947,0.12,1.7
011.9 ,"Pulmonary TB, unspecified",Infectious and parasitic diseases,3816,8,0.57,0.1354531117,0.25,1.13
035 ,Erysipelas,Infectious and parasitic diseases,1481,3,0.56,0.3900864233,0.11,1.63
379.8 ,Other specified disorders of eye...,Diseases of the nervous system,2543,5,0.54,0.1866310648,0.17,1.26
569.9 ,Unspecified disorder of intestine,Diseases of the digestive system,4051,8,0.54,0.0867915425,0.23,1.07
787.2 ,Dysphagia,"Comorbidities, signs, and ill-defined...",2588,5,0.53,0.1875839839,0.17,1.24
572.0 ,Abscess of liver,Diseases of the digestive system,1036,2,0.53,0.5991666169,0.06,1.92
493.2 ,Chronic obstructive asthma with...,Diseases of the respiratory system,5772,11,0.52,0.0269570538,0.26,0.93
722.9 ,Other and unspecified disc disorder,Diseases of the musculoskeletal...,1091,2,0.5,0.4514401931,0.06,1.82
518.81 ,Acute respiratory failure,Diseases of the respiratory system,5075,9,0.48,0.0249800134,0.22,0.92
410 ,Acute myocardial infarction,Diseases of the circulatory system,1715,3,0.48,0.3080157162,0.1,1.4
410.9 ,Acute myocardial infarction of...,Diseases of the circulatory system,1720,3,0.48,0.3086192638,0.1,1.4
388.01 ,Presbyacusis,Diseases of the nervous system,1766,3,0.47,0.2318025993,0.1,1.36
349 ,Other and unspecified disorders...,Diseases of the nervous system,2339,4,0.47,0.1638187414,0.13,1.2
521.0 ,Dental caries,Diseases of the digestive system,1191,2,0.46,0.460953957,0.06,1.67
780.0 ,Alteration of consciousness,"Comorbidities, signs, and ill-defined...",4269,7,0.45,0.0286165796,0.18,0.93
151.9 ,"Malignant neoplasm of stomach,...",Neoplasms,4876,8,0.45,0.0161371155,0.19,0.88
884 ,Multiple and unspecified open...,Injury and poisoning,1208,2,0.45,0.3400463095,0.05,1.64
578.0 ,Hematemesis,Diseases of the digestive system,1853,3,0.44,0.1759351796,0.09,1.3
476.0 ,Chronic laryngitis,Diseases of the respiratory system,1893,3,0.43,0.1770260592,0.09,1.27
798.2 ,Death occurring in less than 24...,"Comorbidities, signs, and ill-defined...",1888,3,0.43,0.1768167803,0.09,1.27
155.2 ,"Malignant neoplasm of liver, not...",Neoplasms,2607,4,0.42,0.0725076169,0.11,1.08
432.9 ,Unspecified intracranial hemorrhage,Diseases of the circulatory system,1415,2,0.39,0.2606320817,0.05,1.4
151 ,Malignant stomach neoplasm,Neoplasms,1424,2,0.38,0.2617853497,0.05,1.39
511.9 ,Unspecified pleural effusion,Diseases of the respiratory system,4446,6,0.37,0.0079215911,0.13,0.8
370.4 ,Other and unsppecified keratoconjunctivitis,Diseases of the nervous system,1048,0,0.26,0.0378616141,,0.96
785.6 ,Enlargement of lymph nodes,"Comorbidities, signs, and ill-defined...",1052,1,0.26,0.1973161549,0.01,1.45
289.9 ,Unspecified diseases of blood...,Diseases of the blood and blood-forming...,1091,1,0.25,0.2001462017,0.01,1.4
797 ,Senility without mention of psychosis,"Comorbidities, signs, and ill-defined...",1147,1,0.24,0.1406630447,0.01,1.33
290.3 ,Senile dementia with delirium,Mental disorders,1154,1,0.24,0.140773316,0.01,1.33
157.9 ,"Malignant neoplasm of pancreas,...",Neoplasms,1180,1,0.23,0.1417127706,0.01,1.3
290.2 ,Senile dementia with delusional...,Mental disorders,1207,0,0.23,0.0266591972,,0.84
799.1 ,Respiratory arrest,"Comorbidities, signs, and ill-defined...",1250,0,0.22,0.0174497696,,0.81
919.1 ,"Abrasion or friction burn of other,...",Injury and poisoning,1274,1,0.21,0.1005307983,0.01,1.2
041.8 ,Other specified bacterial infections,Infectious and parasitic diseases,1338,0,0.2,0.0187874291,,0.75
798.9 ,Unattended death,"Comorbidities, signs, and ill-defined...",1348,0,0.2,0.0190950077,,0.75
