disease_2,disease_name,category,count,co_occurrence,odds_ratio,p_value,95_ci_lower,95_ci_upper
530 ,Diseases of esophagus,Diseases of the digestive system,1914,655,27.34,< 0.0001,24.84,30.07
536 ,Disorders of function of stomach,Diseases of the digestive system,23016,5546,19.8,< 0.0001,19.17,20.47
532 ,Duodenal ulcer,Diseases of the digestive system,10997,2826,19.54,< 0.0001,18.68,20.43
564 ,"Functional digestive disorders,...",Diseases of the digestive system,27686,6260,18.72,< 0.0001,18.13,19.32
531 ,Gastric ulcer,Diseases of the digestive system,10943,2574,17.21,< 0.0001,16.44,18.02
574 ,Cholelithiasis,Diseases of the digestive system,5313,1264,16.72,< 0.0001,15.67,17.83
578 ,Gastrointestinal hemorrhage,Diseases of the digestive system,1781,368,13.55,8.70871e-254,12.05,15.22
716 ,Other and unspecified arthropathies,Diseases of the musculoskeletal...,5947,1054,11.45,< 0.0001,10.69,12.25
573 ,Other disorders of liver,Diseases of the digestive system,2260,406,11.41,6.75047e-255,10.21,12.72
300 ,Neurotic disorders,Mental disorders,21016,3417,11.14,< 0.0001,10.72,11.58
008.8 ,Intestinal infection due to other...,Infectious and parasitic diseases,2106,367,10.98,1.02321e-225,9.78,12.31
316 ,Psychic factors associated with...,Mental disorders,2942,496,10.59,1.18689e-297,9.59,11.68
437 ,Other and ill-defined cerebrovascular...,Diseases of the circulatory system,2041,329,9.99,1.45614e-191,8.84,11.25
155 ,Malignant liver and intrahepatic...,Neoplasms,1802,288,9.87,7.68135e-167,8.67,11.21
311 ,"Depressive disorder, not elsewhere...",Mental disorders,6773,1023,9.44,< 0.0001,8.81,10.1
535 ,Gastritis and duodenitis,Diseases of the digestive system,28616,3831,8.97,< 0.0001,8.65,9.3
571 ,Chronic liver disease and cirrhosis,Diseases of the digestive system,13505,1848,8.63,< 0.0001,8.2,9.07
715 ,Osteoarthrosis and allied disorders,Diseases of the musculoskeletal...,13643,1822,8.38,< 0.0001,7.96,8.81
533.0 ,"Peptic ulcer, site unspecified...",Diseases of the digestive system,2728,372,8.21,1.24338e-190,7.34,9.17
784 ,Symptoms involving head and neck,"Comorbidities, signs, and ill-defined...",2479,337,8.18,2.09983e-172,7.26,9.18
597 ,"Urethritis, not sexually transmitted,...",Diseases of the genitourinary...,2238,301,8.07,7.64317e-153,7.12,9.12
519 ,Other diseases of respiratory...,Diseases of the respiratory system,2341,314,8.04,4.93971e-159,7.11,9.07
492 ,Emphysema,Diseases of the respiratory system,2616,349,8,7.81349e-176,7.13,8.96
346 ,Migraine,Diseases of the nervous system,3112,412,7.95,4.64366e-206,7.14,8.82
416 ,Chronic pulmonary heart disease,Diseases of the circulatory system,2702,356,7.89,1.54409e-177,7.03,8.83
306 ,Physiological malfunction arising...,Mental disorders,2057,270,7.84,1.30056e-134,6.86,8.92
583 ,"Nephritis and nephropathy, not...",Diseases of the genitourinary...,3056,399,7.82,2.31692e-197,7.01,8.69
472 ,Chronic pharyngitis and nasopharyngitis,Diseases of the respiratory system,6428,826,7.77,< 0.0001,7.21,8.37
303 ,Alcohol dependence syndrome,Mental disorders,2205,287,7.76,5.15486e-142,6.83,8.8
582 ,Chronic glomerulonephritis,Diseases of the genitourinary...,2081,270,7.73,2.36074e-133,6.77,8.79
428 ,Heart failure,Diseases of the circulatory system,1890,243,7.65,2.673e-119,6.65,8.76
491 ,Chronic bronchitis,Diseases of the respiratory system,14360,1711,7.32,< 0.0001,6.95,7.71
455 ,Hemorrhoids,Diseases of the circulatory system,12759,1520,7.28,< 0.0001,6.88,7.69
558 ,Other and unspecified noninfectious...,Diseases of the digestive system,11083,1322,7.24,< 0.0001,6.82,7.68
386 ,Vertiginous syndromes and other...,Diseases of the nervous system,7799,931,7.17,< 0.0001,6.68,7.68
719.9 ,Unspecified disorder of joint,Diseases of the musculoskeletal...,2027,246,7.16,4.17107e-115,6.24,8.19
580 ,Acute glomerulonephritis,Diseases of the genitourinary...,4392,529,7.15,2.44077e-244,6.52,7.84
716.9 ,"Arthropathy, unspecified",Diseases of the musculoskeletal...,22777,2588,7.12,< 0.0001,6.82,7.43
414 ,Other forms of chronic ischemic...,Diseases of the circulatory system,8205,959,7,< 0.0001,6.53,7.5
413 ,Angina pectoris,Diseases of the circulatory system,5224,584,6.58,1.15153e-252,6.03,7.18
402 ,Hypertensive heart disease,Diseases of the circulatory system,18863,2012,6.51,< 0.0001,6.21,6.83
229 ,Benign neoplasm of other and unspecificd...,Neoplasms,1801,198,6.39,2.352414e-85,5.48,7.42
780.5 ,Sleep disturbance,"Comorbidities, signs, and ill-defined...",23982,2473,6.36,< 0.0001,6.08,6.64
296.2 ,"Major depressive disorder, single...",Mental disorders,2508,269,6.23,8.50494e-113,5.47,7.08
070 ,Viral hepatitis,Infectious and parasitic diseases,4100,438,6.23,4.59947e-182,5.63,6.89
345 ,Epilepsy,Diseases of the nervous system,2344,250,6.19,2.06657e-104,5.4,7.06
401 ,Essential hypertension,Diseases of the circulatory system,27648,2748,6.15,< 0.0001,5.9,6.41
272 ,Disorders of lipoid metabolism,"Endocrine, nutritional and metabolic...",15772,1602,6.09,< 0.0001,5.77,6.42
427 ,Cardiac dysrhythmias,Diseases of the circulatory system,6914,716,6.06,9.27312e-289,5.6,6.56
274 ,Gout,"Endocrine, nutritional and metabolic...",28270,2741,5.98,< 0.0001,5.74,6.23
571.4 ,Chronic hepatitis,Diseases of the digestive system,82034,6975,5.92,< 0.0001,5.76,6.09
830 ,Dislocation of jaw,Injury and poisoning,2709,277,5.91,4.48361e-111,5.19,6.69
477 ,Allergic rhinitis,Diseases of the respiratory system,19882,1950,5.91,< 0.0001,5.63,6.21
530.2 ,Ulcer of esophagus,Diseases of the digestive system,7126,717,5.87,2.33765e-281,5.42,6.35
595 ,Cystitis,Diseases of the genitourinary...,5546,560,5.87,1.5264e-220,5.36,6.41
528 ,"Disease of the oral soft tissues,...",Diseases of the digestive system,2109,213,5.81,8.167246e-85,5.02,6.71
724 ,Other and unspecified disorders...,Diseases of the musculoskeletal...,5866,584,5.78,7.19592e-227,5.3,6.3
473 ,Chronic sinusitis,Diseases of the respiratory system,3633,363,5.77,6.36533e-142,5.16,6.44
493 ,Asthma,Diseases of the respiratory system,10477,1030,5.77,< 0.0001,5.4,6.16
726 ,Peripheral enthesopathies and...,Diseases of the musculoskeletal...,3426,342,5.76,1.11662e-133,5.13,6.45
789 ,Other symptoms involving abdomen...,"Comorbidities, signs, and ill-defined...",4465,443,5.74,9.68083e-172,5.19,6.33
379.8 ,Other specified disorders of eye...,Diseases of the nervous system,4336,430,5.73,1.16386e-166,5.17,6.34
728 ,"Disorders of muscle, ligament,...",Diseases of the musculoskeletal...,12728,1217,5.63,< 0.0001,5.29,5.98
594 ,Calculus of lower urilnary tract,Diseases of the genitourinary...,2605,255,5.62,3.233679e-98,4.92,6.4
719 ,Other and unspecified disorders...,Diseases of the musculoskeletal...,2168,202,5.32,1.784196e-74,4.57,6.15
386.2 ,Vertigo of central origin,Diseases of the nervous system,6059,559,5.31,2.09459e-201,4.85,5.8
531.9 ,"Gastric ulcer, unspecified as...",Diseases of the digestive system,5707,522,5.25,1.77344e-186,4.79,5.75
011 ,Pulmoary tuberculosis,Infectious and parasitic diseases,2253,207,5.23,3.26217e-75,4.51,6.05
493.2 ,Chronic obstructive asthma with...,Diseases of the respiratory system,1848,169,5.2,1.92169e-61,4.41,6.1
608 ,Other disorders of male genital...,Diseases of the genitourinary...,2569,234,5.19,4.670266e-84,4.52,5.94
250 ,Diabetes mellitus,"Endocrine, nutritional and metabolic...",25729,2174,5.04,< 0.0001,4.81,5.28
110 ,Dermatophytosis,Infectious and parasitic diseases,5294,464,5,1.10131e-158,4.54,5.51
578.9 ,Hemorrhage of gastrointestinal...,Diseases of the digestive system,19900,1666,4.92,< 0.0001,4.67,5.18
727 ,"Other disorders of synovium tendon,...",Diseases of the musculoskeletal...,7268,614,4.83,1.32151e-201,4.43,5.25
535.5 ,Unspecified gastritis & gastroduodenitis,Diseases of the digestive system,19079,1565,4.8,< 0.0001,4.54,5.06
349 ,Other and unspecified disorders...,Diseases of the nervous system,3151,264,4.74,1.120666e-86,4.16,5.38
721 ,Spondylosis and allied disorders,Diseases of the musculoskeletal...,6080,500,4.67,1.51525e-159,4.25,5.12
535.4 ,Other specified gastritis,Diseases of the digestive system,8478,693,4.66,2.09017e-219,4.31,5.05
365 ,Glaucoma,Diseases of the nervous system,2180,180,4.65,1.008751e-58,3.97,5.42
599 ,Other disorders of urethra and...,Diseases of the genitourinary...,5589,458,4.65,1.14778e-145,4.21,5.12
530.1 ,Esophagitis,Diseases of the digestive system,37603,2888,4.63,< 0.0001,4.45,4.82
532.9 ,"Duodenal ulcer, unspecified as...",Diseases of the digestive system,7446,606,4.63,5.65207e-191,4.25,5.04
307.4 ,Specific disorders of sleep of...,Mental disorders,3295,269,4.61,8.013068e-86,4.05,5.22
577.1 ,Chronic pancreatitis,Diseases of the digestive system,3818,310,4.58,4.671068e-98,4.07,5.15
300.0 ,Anxiety states,Mental disorders,27746,2130,4.53,< 0.0001,4.32,4.74
789.5 ,Ascites,"Comorbidities, signs, and ill-defined...",2335,186,4.47,2.808824e-58,3.83,5.2
296 ,Disorganized type,Mental disorders,3107,243,4.39,4.721056e-74,3.84,5.01
722.1 ,Displacement of thoracic or lumbar...,Diseases of the musculoskeletal...,4059,317,4.39,6.171375e-96,3.9,4.93
366 ,Cataract,Diseases of the nervous system,2325,180,4.34,1.125365e-54,3.7,5.05
577.0 ,Acute pancreatitis,Diseases of the digestive system,8522,651,4.33,9.25117e-191,3.99,4.69
111 ,"Dermatomycosis, other and unspecified",Infectious and parasitic diseases,2316,177,4.28,5.262206e-53,3.65,4.99
716.68 ,"Unspecified monoarthritis, other...",Diseases of the musculoskeletal...,2043,155,4.24,3.002858e-46,3.58,5
708 ,Urticaria,Diseases of the skin and subcutaneous...,8642,645,4.22,7.25105e-184,3.88,4.58
211.3 ,Benign neoplasm of colon,Neoplasms,5978,446,4.2,2.27264e-127,3.8,4.62
686 ,Other local infections of skin...,Diseases of the skin and subcutaneous...,9527,704,4.18,2.88612e-198,3.86,4.52
353 ,Nerve root and plexus disorders,Diseases of the nervous system,2419,181,4.18,7.489042e-53,3.57,4.87
722 ,Intervertebral disc disorders,Diseases of the musculoskeletal...,6162,457,4.17,1.48615e-129,3.78,4.59
715.0 ,"Osteoarthrosis, generalized",Diseases of the musculoskeletal...,2145,160,4.16,9.34208e-47,3.52,4.9
786.0 ,Dyspnea and respiratory abnormalities,"Comorbidities, signs, and ill-defined...",5414,398,4.12,8.25056e-112,3.71,4.57
533.3 ,"Peptic ulcer, site unspecified,...",Diseases of the digestive system,2294,169,4.11,1.425049e-48,3.49,4.81
533.00 ,Acute peptic ulcer of unspecified...,Diseases of the digestive system,9174,655,4.02,7.09134e-177,3.71,4.36
569.9 ,Unspecified disorder of intestine,Diseases of the digestive system,5429,387,3.99,9.56391e-105,3.58,4.43
434 ,Occlusion of cerebral arteries,Diseases of the circulatory system,2052,146,3.96,1.716109e-40,3.32,4.68
894 ,Multiple and unspecified open...,Injury and poisoning,4490,318,3.95,1.170043e-85,3.51,4.43
041.8 ,Other specified bacterial infections,Infectious and parasitic diseases,3241,230,3.95,1.416325e-62,3.44,4.52
692 ,Contact dermatitis and other eczema,Diseases of the skin and subcutaneous...,23150,1586,3.94,< 0.0001,3.74,4.15
799.8 ,Other ill-defined conditions,"Comorbidities, signs, and ill-defined...",4662,326,3.9,2.173252e-86,3.47,4.37
531.70 ,Chronic gastric ulcer without...,Diseases of the digestive system,9460,656,3.9,9.26388e-171,3.59,4.22
357.4 ,Polyneuropathy in other diseases...,Diseases of the nervous system,5036,351,3.89,1.641056e-92,3.48,4.34
698 ,Pruritus and related conditions,Diseases of the skin and subcutaneous...,4078,284,3.88,4.369798e-75,3.42,4.38
571.2 ,Alcoholic cirrhosis of liver,Diseases of the digestive system,5712,395,3.86,6.83507e-103,3.47,4.28
533.9 ,"Peptic ulcer, site unspecified,...",Diseases of the digestive system,38340,2508,3.84,< 0.0001,3.68,4
592 ,Calculus of kidney and ureter,Diseases of the genitourinary...,15634,1059,3.84,8.98091e-268,3.6,4.09
733.0 ,Osteoporosis,Diseases of the musculoskeletal...,3524,243,3.83,1.072576e-63,3.35,4.37
682 ,Other cellulitis and abscess,Diseases of the skin and subcutaneous...,7417,505,3.81,1.35518e-128,3.47,4.17
847 ,Sprains and strains of other and...,Injury and poisoning,2379,163,3.8,5.832462e-43,3.22,4.46
535.0 ,Acute gastritis,Diseases of the digestive system,34623,2240,3.77,< 0.0001,3.6,3.94
786.5 ,Chest pain,"Comorbidities, signs, and ill-defined...",31767,2058,3.75,< 0.0001,3.58,3.93
574.0 ,Calculus of gallbladder with acute...,Diseases of the digestive system,1888,126,3.69,1.59898e-32,3.05,4.43
465 ,Acute upper respiratory infections...,Diseases of the respiratory system,77936,4622,3.65,< 0.0001,3.53,3.77
362.60 ,"Peripheral retinal degeneration,...",Diseases of the nervous system,3508,231,3.65,3.724898e-57,3.18,4.17
302.70 ,"Psychosexual dysfunction, unspecified",Mental disorders,2385,157,3.64,2.157823e-39,3.07,4.28
533.40 ,Chronic or unspecified peptic...,Diseases of the digestive system,8331,544,3.64,4.99273e-131,3.33,3.98
564.1 ,Irritable bowel syndrome,Diseases of the digestive system,71020,4238,3.64,< 0.0001,3.52,3.76
300.4 ,Dysthymic disorder,Mental disorders,29326,1838,3.6,< 0.0001,3.43,3.78
715.9 ,"Osteoarthrosis, unspecified whether...",Diseases of the musculoskeletal...,13739,875,3.57,1.7353e-203,3.33,3.83
709.8 ,Other specified disorders of skin,Diseases of the skin and subcutaneous...,11304,715,3.53,1.09306e-164,3.27,3.82
574.2 ,Calculus of gallbladder without...,Diseases of the digestive system,5214,332,3.53,7.981114e-78,3.14,3.94
491.2 ,Obstructive chronic bronchitis,Diseases of the respiratory system,3213,205,3.52,7.722044e-49,3.04,4.06
466 ,Acute bvronchitis and bronchiolitis,Diseases of the respiratory system,31257,1911,3.51,< 0.0001,3.34,3.68
727.0 ,Synovitis and tenosynovitis,Diseases of the musculoskeletal...,15364,957,3.5,7.34957e-216,3.27,3.74
533.70 ,Chronic peptic ulcer of unspecified...,Diseases of the digestive system,17479,1081,3.48,1.38737e-241,3.27,3.71
884 ,Multiple and unspecified open...,Injury and poisoning,4206,263,3.45,1.761635e-60,3.03,3.92
216 ,Benign neoplasm of skin,Neoplasms,7914,491,3.44,2.36997e-110,3.13,3.78
712 ,Crystal arthropathies,Diseases of the musculoskeletal...,2556,159,3.43,5.382955e-37,2.9,4.03
367 ,"Infantile, juvenile, and presenile...",Diseases of the nervous system,2349,146,3.42,4.477983e-34,2.87,4.05
575.0 ,Acute cholecystitis,Diseases of the digestive system,2543,158,3.42,1.030302e-36,2.89,4.02
137 ,Late effects of TB,Infectious and parasitic diseases,4045,248,3.38,1.36469e-55,2.96,3.85
533.30 ,Acute peptic ulcer of unspecified...,Diseases of the digestive system,10036,607,3.36,2.51596e-131,3.09,3.65
691 ,Atopic dermatitis and related...,Diseases of the skin and subcutaneous...,1821,110,3.32,4.055885e-25,2.71,4.03
440.9 ,Generalized and unspecified atherosclerosis,Diseases of the circulatory system,4163,248,3.28,2.259594e-53,2.87,3.73
715.1 ,"Osteoarthrosis, localized, primary",Diseases of the musculoskeletal...,1955,117,3.28,2.871385e-26,2.7,3.96
571.5 ,Cirrhosis of liver without mention...,Diseases of the digestive system,23959,1390,3.27,9.15654e-284,3.1,3.46
799.3 ,"Debility, unspecified","Comorbidities, signs, and ill-defined...",1903,113,3.26,3.723134e-25,2.67,3.94
532.30 ,Acute duodenal ulcer without mention...,Diseases of the digestive system,6916,408,3.26,1.601718e-85,2.94,3.6
386.12 ,Vestibular neuronitis,Diseases of the nervous system,7642,450,3.25,6.342037e-94,2.95,3.58
276.8 ,Hypopotassemia,"Endocrine, nutritional and metabolic...",1985,117,3.23,1.019888e-25,2.66,3.9
009 ,Ill-defined intestinal infections,Infectious and parasitic diseases,4356,255,3.22,1.852447e-53,2.82,3.66
571.1 ,Acute alcoholic hepatitis,Diseases of the digestive system,4245,248,3.21,6.942703e-52,2.81,3.65
571.3 ,"Alcoholic liver damage, unspecified",Diseases of the digestive system,8785,510,3.21,4.72737e-104,2.93,3.51
414.0 ,Coronary atherosclerosis,Diseases of the circulatory system,23195,1319,3.2,5.66628e-261,3.02,3.39
922 ,Contusion of trunk,Injury and poisoning,3716,215,3.18,1.415357e-44,2.75,3.65
476.0 ,Chronic laryngitis,Diseases of the respiratory system,3445,199,3.17,2.725731e-41,2.73,3.66
533.90 ,"Peptic ulcer of unspecified site,...",Diseases of the digestive system,106115,5408,3.15,< 0.0001,3.06,3.25
533.91 ,"Peptic ulcer of unspecified site,...",Diseases of the digestive system,2614,150,3.14,2.974239e-31,2.65,3.71
531.30 ,Acute gastric ulcer without mention...,Diseases of the digestive system,8147,464,3.14,4.382174e-92,2.85,3.45
531.00 ,"Acute gastric ulcer with hemorrhage,...",Diseases of the digestive system,3624,206,3.12,1.117973e-41,2.69,3.59
574.00 ,Calculus of gallbladder with acute...,Diseases of the digestive system,2737,156,3.12,4.097506e-32,2.64,3.67
722.91 ,"Other and unspecified disc disorder,...",Diseases of the musculoskeletal...,4781,271,3.11,4.732906e-54,2.74,3.52
780 ,General symptoms,"Comorbidities, signs, and ill-defined...",3638,205,3.09,6.032583e-41,2.67,3.56
388.3 ,Tinitus,Diseases of the nervous system,10467,580,3.06,4.99848e-110,2.81,3.33
298.9 ,Unspecified psychosis,Mental disorders,2644,148,3.06,9.434616e-30,2.57,3.62
300.01 ,Panic disorder without agoraphobia,Mental disorders,3554,198,3.05,6.22026e-39,2.63,3.52
530.9 ,Unspecified disorder of esophagus,Diseases of the digestive system,5145,286,3.05,2.811558e-55,2.69,3.44
531.40 ,Chronic or unspecified gastric...,Diseases of the digestive system,1889,105,3.04,2.177209e-21,2.47,3.7
346.1 ,Common migraine,Diseases of the nervous system,3282,182,3.03,1.122778e-35,2.6,3.52
533.50 ,Chronic or unspecified peptic...,Diseases of the digestive system,3339,185,3.03,3.458939e-36,2.6,3.52
424.0 ,Mitral valve disorders,Diseases of the circulatory system,11935,651,3.01,2.44953e-120,2.78,3.26
300.02 ,Generalized anxiety disorder,Mental disorders,11511,628,3.01,3.75062e-116,2.77,3.27
680 ,Carbuncle and furuncle,Diseases of the skin and subcutaneous...,3510,191,2.97,2.765928e-36,2.56,3.44
386.0 ,Meniere's disease,Diseases of the nervous system,3010,163,2.96,5.464775e-31,2.51,3.46
578.1 ,Blood in stool,Diseases of the digestive system,3882,209,2.94,6.955118e-39,2.55,3.38
215 ,Other benign neoplasm of connective...,Neoplasms,2161,116,2.93,2.976199e-22,2.4,3.53
070.3 ,Viral hepatitis B without mention...,Infectious and parasitic diseases,5910,315,2.92,8.249103e-57,2.59,3.27
250.6 ,Diabetes with neurological manifestations,"Endocrine, nutritional and metabolic...",3818,204,2.92,1.525556e-37,2.52,3.36
531.90 ,"Gastric ulcer, unspecified as...",Diseases of the digestive system,28463,1471,2.9,1.00743e-249,2.74,3.06
532.40 ,Chronic or unspecified duodenal...,Diseases of the digestive system,2327,124,2.9,2.101228e-23,2.4,3.48
239.0 ,Neoplasm of unspecified nature...,Neoplasms,3927,208,2.89,1.022837e-37,2.5,3.33
464 ,Acute laryngitis and tracheitis,Diseases of the respiratory system,36164,1849,2.89,1.01238e-309,2.75,3.03
370 ,Keratitis,Diseases of the nervous system,2637,140,2.89,4.743063e-26,2.42,3.43
575.1 ,Other cholecystitis,Diseases of the digestive system,2617,139,2.89,6.788713e-26,2.42,3.44
789.0 ,Abdominal pain,"Comorbidities, signs, and ill-defined...",231347,9742,2.87,< 0.0001,2.8,2.94
306.4 ,Gastrointestinal malfunction arising...,Mental disorders,2142,113,2.87,3.777701e-21,2.35,3.47
532.70 ,Chronic duodenal ulcer without...,Diseases of the digestive system,15389,796,2.86,1.06669e-134,2.65,3.07
560.1 ,Paralytic ileus,Diseases of the digestive system,3197,167,2.85,5.89981e-30,2.42,3.33
372 ,Disorders of conjunctiva,Diseases of the nervous system,5521,287,2.84,7.794855e-50,2.51,3.2
535.40 ,"Other specified gastritis, without...",Diseases of the digestive system,27329,1383,2.83,3.49016e-226,2.67,2.99
709 ,Other disorders of skin and subcutaneous...,Diseases of the skin and subcutaneous...,1988,103,2.82,6.843325e-19,2.29,3.44
564.0 ,Constipation,Diseases of the digestive system,57894,2835,2.82,< 0.0001,2.71,2.94
578.0 ,Hematemesis,Diseases of the digestive system,2204,114,2.81,1.131528e-20,2.31,3.4
362.0 ,Diabetic retinopathy,Diseases of the nervous system,2504,129,2.8,5.085879e-23,2.33,3.35
783.0 ,Anorexia,"Comorbidities, signs, and ill-defined...",1973,101,2.78,3.290269e-18,2.25,3.4
891 ,"Open wound of knee, leg (except...",Injury and poisoning,4611,235,2.78,8.640523e-40,2.42,3.17
380.2 ,Other otitis externa,Diseases of the nervous system,3252,165,2.76,3.018717e-28,2.34,3.23
250.4 ,Diabetes with renal manifestations,"Endocrine, nutritional and metabolic...",2370,120,2.75,6.085091e-21,2.27,3.31
530.8 ,Other specified disorders of esophagus,Diseases of the digestive system,2998,151,2.74,1.102853e-25,2.31,3.23
372.1 ,Chronic conjunctivitis,Diseases of the nervous system,42224,2050,2.74,4e-314,2.62,2.87
570 ,Acute and subacute necrosis of...,Diseases of the digestive system,3603,181,2.73,3.312919e-30,2.34,3.17
574.50 ,Calculus of bile duct without...,Diseases of the digestive system,1848,93,2.73,1.894092e-16,2.19,3.37
372.3 ,Other and unspecified conjunctivitis,Diseases of the nervous system,8053,399,2.7,3.56515e-63,2.44,2.99
782.4 ,"Jaundice, unspecified, not of...","Comorbidities, signs, and ill-defined...",3509,174,2.69,1.474393e-28,2.3,3.14
854 ,Intracranial injury of other and...,Injury and poisoning,2361,117,2.69,1.116679e-19,2.21,3.24
155.2 ,"Malignant neoplasm of liver, not...",Neoplasms,3054,151,2.68,6.968997e-25,2.26,3.16
532.00 ,"Acute duodenal ulcer with hemorrhage,...",Diseases of the digestive system,2983,147,2.68,3.871322e-24,2.25,3.16
850 ,Concussion,Injury and poisoning,4678,229,2.66,3.167257e-36,2.32,3.04
300.5 ,Neurasthenia,Mental disorders,2061,101,2.66,6.296459e-17,2.15,3.25
571.41 ,Chronic persistent hepatitis,Diseases of the digestive system,12399,602,2.66,3.438569e-91,2.44,2.89
276.9 ,Electrolyte and fluid disorders...,"Endocrine, nutritional and metabolic...",2678,131,2.65,1.968107e-21,2.21,3.17
429.9 ,"Heart disease, unspecified",Diseases of the circulatory system,9097,439,2.63,3.33658e-66,2.38,2.9
844 ,Sprains and strains of knee and...,Injury and poisoning,1804,87,2.61,0.00000000000001921158,2.08,3.24
535.01 ,"Acute gastritis, with hemorrhage",Diseases of the digestive system,3653,176,2.61,2.463145e-27,2.23,3.04
536.8 ,Dyspepsia and other specified...,Diseases of the digestive system,90672,4030,2.61,< 0.0001,2.52,2.7
211.5 ,Benign neoplasm of liver and biliary...,Neoplasms,4988,236,2.57,4.973873e-35,2.24,2.93
848 ,Other and ill-defined sprains...,Injury and poisoning,3226,153,2.57,2.062619e-23,2.17,3.02
478.8 ,Upper respiratory tract hypersensitivity...,Diseases of the respiratory system,3227,152,2.55,5.134919e-23,2.15,3
783.2 ,Abnormal loss of weight,"Comorbidities, signs, and ill-defined...",5689,266,2.54,2.352819e-38,2.23,2.87
536.9 ,Unspecified functional disorder...,Diseases of the digestive system,186678,7493,2.53,< 0.0001,2.47,2.6
564.8 ,Other specified function disorder...,Diseases of the digestive system,22328,1027,2.53,3.26107e-140,2.37,2.7
155.0 ,"Malignant neoplasm of liver, primary",Neoplasms,7766,359,2.51,4.451148e-50,2.25,2.79
787.3 ,"Flatulence, eructation, and gas...","Comorbidities, signs, and ill-defined...",41598,1863,2.51,1.03648e-243,2.39,2.63
596.5 ,Other functional disorders of...,Diseases of the genitourinary...,7158,329,2.5,1.122453e-45,2.23,2.79
840 ,Sprains and strains of shoulder...,Injury and poisoning,2740,126,2.49,1.732829e-18,2.06,2.98
880 ,Open wound of shoulder and upper...,Injury and poisoning,1822,84,2.49,0.0000000000005603832,1.98,3.1
923 ,Contusion of upper limb,Injury and poisoning,2806,129,2.49,6.684449e-19,2.07,2.97
586 ,"Renal failure, unspecified",Diseases of the genitourinary...,4507,207,2.49,3.659999e-29,2.15,2.86
070.51 ,Acute hepatitis C without mention...,Infectious and parasitic diseases,10834,494,2.48,9.608753e-67,2.26,2.72
447.6 ,"Arteritis, unspecified",Diseases of the circulatory system,5162,236,2.48,7.562511e-33,2.16,2.82
873 ,Other open wound of head,Injury and poisoning,5514,251,2.47,1.571434e-34,2.16,2.8
786.9 ,Other symptoms involving respiratory...,"Comorbidities, signs, and ill-defined...",2901,132,2.46,7.624797e-19,2.05,2.93
571.8 ,Other chronic nonalcoholic liver...,Diseases of the digestive system,19980,896,2.46,2.40483e-116,2.3,2.63
038 ,Septicemia,Infectious and parasitic diseases,2214,101,2.46,0.000000000000005520667,2,3.01
600 ,Hyperplasia of prostate,Diseases of the genitourinary...,44949,1965,2.45,6.41964e-245,2.33,2.56
882 ,Open wound of hand except finger(s)...,Injury and poisoning,4339,196,2.44,8.217251e-27,2.11,2.82
916 ,"Superficial injury of hip, thigh,...",Injury and poisoning,2614,118,2.44,6.621134e-17,2.01,2.93
560.9 ,Unspecified intestinal obstruction,Diseases of the digestive system,4184,189,2.44,4.459931e-26,2.1,2.83
924 ,Contusion of lower limb and of...,Injury and poisoning,3746,169,2.44,2.766523e-23,2.08,2.85
485 ,"Bronchopneumonia, organism unspecified",Diseases of the respiratory system,6196,277,2.42,1.264285e-36,2.14,2.73
456.4 ,Scrotal varices,Diseases of the circulatory system,2662,119,2.41,1.115017e-16,1.99,2.9
714.0 ,Rheumatoid arthritis,Diseases of the musculoskeletal...,13278,587,2.41,2.703282e-74,2.21,2.62
494 ,Bronchiectasis,Diseases of the respiratory system,7566,335,2.4,4.253795e-43,2.14,2.68
726.9 ,Unspecified enthesopathy,Diseases of the musculoskeletal...,7465,331,2.4,8.021232e-43,2.14,2.68
780.3 ,Convulsions,"Comorbidities, signs, and ill-defined...",3357,149,2.4,3.795997e-20,2.02,2.83
429.2 ,"Cardiovascular disease, unspecified",Diseases of the circulatory system,2079,92,2.39,0.0000000000004861252,1.91,2.94
823 ,Fracture of tibia and fibula,Injury and poisoning,2076,92,2.39,0.0000000000004554228,1.92,2.95
372.53 ,Conjunctival xerosis,Diseases of the nervous system,2008,89,2.39,0.00000000000112185,1.91,2.96
892 ,Open wound of foot except toe(s)...,Injury and poisoning,3130,138,2.38,1.658031e-18,1.99,2.82
402.9 ,Hypertensive heart disease unspecified,Diseases of the circulatory system,11693,508,2.36,3.115075e-62,2.15,2.58
532.90 ,"Duodenal ulcer, unspecified as...",Diseases of the digestive system,29923,1283,2.36,3.87849e-152,2.23,2.5
573.8 ,Other specified disorders of liver,Diseases of the digestive system,5395,236,2.36,3.473679e-30,2.07,2.7
574.10 ,Calculus of gallbladder with other...,Diseases of the digestive system,4194,183,2.36,1.433955e-23,2.02,2.73
721.9 ,Spondylosis of unspecified site,Diseases of the musculoskeletal...,2531,110,2.34,0.0000000000000099762,1.92,2.84
601.1 ,Chronic prostatitis,Diseases of the genitourinary...,10155,435,2.32,6.344475e-52,2.1,2.56
785.1 ,Palpitations,"Comorbidities, signs, and ill-defined...",26886,1132,2.31,6.43282e-129,2.17,2.46
300.89 ,Other somatoform disorders,Mental disorders,3953,169,2.31,5.623899e-21,1.96,2.69
493.9 ,"Asthma, unspecified",Diseases of the respiratory system,9774,417,2.31,2.325265e-49,2.09,2.55
496 ,"Chronic airway obstruction, not...",Diseases of the respiratory system,22542,952,2.31,6.37333e-109,2.16,2.47
427.0 ,Paroxysmal supraventricular tachycardia,Diseases of the circulatory system,3393,145,2.3,2.653374e-18,1.94,2.72
276.5 ,Volume depletion,"Endocrine, nutritional and metabolic...",5938,253,2.3,1.486297e-30,2.02,2.61
300.09 ,Other anxiety states,Mental disorders,6837,291,2.3,8.968042e-35,2.04,2.59
437.0 ,Cerebral atherosclerosis,Diseases of the circulatory system,3439,146,2.29,4.413286e-18,1.92,2.7
723.1 ,Cervicalgia,Diseases of the musculoskeletal...,32950,1368,2.29,3.70654e-151,2.16,2.42
569.89 ,Other specified disorders of intestine,Diseases of the digestive system,1858,79,2.29,0.0000000001396801,1.8,2.87
461 ,Acute sinusitis,Diseases of the respiratory system,18857,790,2.28,6.594513e-89,2.12,2.45
780.52 ,"Insomnia, unspecified","Comorbidities, signs, and ill-defined...",67469,2711,2.27,4.5863e-284,2.18,2.36
780.7 ,Malaise and fatigue,"Comorbidities, signs, and ill-defined...",60040,2431,2.27,5.15513e-258,2.18,2.37
414.8 ,Other specified forms of chronic...,Diseases of the circulatory system,5347,225,2.27,1.324036e-26,1.98,2.6
375.15 ,"Tear film insufficiency, unspecified",Diseases of the nervous system,14947,625,2.27,2.618826e-70,2.09,2.46
464.2 ,Acute larygotracheitis,Diseases of the respiratory system,7902,331,2.26,4.669695e-38,2.02,2.53
493.20 ,"Chronic obstructive asthma, unspecified",Diseases of the respiratory system,3499,147,2.26,9.156303e-18,1.9,2.67
574.20 ,Calculus of gallbladder without...,Diseases of the digestive system,15417,640,2.26,9.018968e-71,2.08,2.44
272.2 ,Mixed hyperlipidemia,"Endocrine, nutritional and metabolic...",58182,2340,2.25,4.0807e-244,2.16,2.35
280.9 ,"Iron deficiency anemia, unspecified",Diseases of the blood and blood-forming...,3615,151,2.25,3.823717e-18,1.9,2.65
373.0 ,Blepharitis,Diseases of the nervous system,4784,200,2.25,1.757085e-23,1.95,2.6
728.8 ,"Other disorders of muscle, ligament...",Diseases of the musculoskeletal...,3564,149,2.25,6.292181e-18,1.9,2.65
386.1 ,Other and unspecified peripheral...,Diseases of the nervous system,5366,223,2.24,9.791528e-26,1.95,2.56
845 ,Sprains and strains of ankle and...,Injury and poisoning,2500,104,2.24,0.0000000000007714107,1.82,2.72
486 ,"Pneumonia, organism unspecified",Diseases of the respiratory system,24054,984,2.24,5.28251e-105,2.09,2.39
698.0 ,Pruritus ani,Diseases of the skin and subcutaneous...,1927,80,2.23,0.0000000003221866,1.76,2.79
250.0 ,Diabetes Mellitus w/m of complication,"Endocrine, nutritional and metabolic...",25489,1033,2.22,7.98622e-108,2.08,2.36
300.9 ,Unspecified nonpsychotic mental...,Mental disorders,39567,1592,2.22,3.0318e-164,2.11,2.34
354.0 ,Carpal tunnel syndrome,Diseases of the nervous system,14426,590,2.22,3.672446e-63,2.04,2.41
720.0 ,Ankylosing spondylitis,Diseases of the musculoskeletal...,8377,345,2.22,3.554416e-38,1.99,2.48
564.9 ,Unspecified functional disorder...,Diseases of the digestive system,100189,3857,2.22,< 0.0001,2.14,2.29
787.0 ,Nausea and vomiting,"Comorbidities, signs, and ill-defined...",30278,1221,2.21,3.75003e-126,2.08,2.34
571.0 ,Alcoholic fatty liver,Diseases of the digestive system,6332,260,2.21,6.679544e-29,1.95,2.51
715.31 ,"Osteoarthrosis, localized, not...",Diseases of the musculoskeletal...,2146,88,2.2,0.00000000007639963,1.76,2.73
881 ,"Open wound of elbow, forearm,...",Injury and poisoning,2713,111,2.2,0.0000000000003245384,1.8,2.66
303.00 ,Acute alcoholic intoxication in...,Mental disorders,2473,101,2.19,0.000000000005299529,1.78,2.68
307.40 ,"Nonorganic sleep disorder, unspecified",Mental disorders,4664,190,2.19,3.683372e-21,1.89,2.54
372.4 ,Pterygium,Diseases of the nervous system,2459,100,2.19,0.000000000007930555,1.77,2.67
478 ,Other diseases of upper respiratory...,Diseases of the respiratory system,3694,150,2.18,5.136256e-17,1.84,2.57
725 ,Polymyalgia rheumatica,Diseases of the musculoskeletal...,1872,76,2.18,0.0000000027447027,1.71,2.74
585 ,Chronic renal failure,Diseases of the genitourinary...,12749,514,2.18,1.711603e-53,1.99,2.39
296.90 ,Unspecified episodic mood disorder,Mental disorders,3004,121,2.16,0.00000000000008547564,1.79,2.6
307.41 ,Transient disorder of initiating...,Mental disorders,4481,180,2.16,1.320162e-19,1.85,2.51
310.2 ,Postconcussion syndrome,Mental disorders,2787,112,2.16,0.000000000001044582,1.77,2.61
285.9 ,"Anemia, unspecified",Diseases of the blood and blood-forming...,14166,560,2.14,1.587407e-55,1.96,2.33
389.1 ,Sensorineural hearing loss,Diseases of the nervous system,2414,96,2.13,0.00000000007260265,1.72,2.62
491.1 ,Mucopurulent chronic bronchitis,Diseases of the respiratory system,6546,259,2.13,1.469269e-26,1.87,2.41
715.09 ,"Osteoarthrosis, generalized, multiple...",Diseases of the musculoskeletal...,3375,133,2.12,0.00000000000002715747,1.76,2.52
300.00 ,"Anxiety state, unspecified",Mental disorders,62266,2365,2.12,1.51513e-214,2.03,2.21
307.42 ,Persistent disorder of initiating...,Mental disorders,6077,239,2.12,2.914642e-24,1.85,2.41
564.5 ,Functional diarrhea,Diseases of the digestive system,22078,862,2.12,1.857921e-82,1.98,2.27
402.1 ,"Hypertensive heart disease, benign",Diseases of the circulatory system,2493,98,2.11,0.00000000009166479,1.7,2.58
296.30 ,"Major depressive affective disorder,...",Mental disorders,2362,93,2.11,0.0000000002128678,1.7,2.6
490 ,"Bronchitis, not specified as acute...",Diseases of the respiratory system,46346,1771,2.11,1.41078e-161,2.01,2.22
782.3 ,Edema,"Comorbidities, signs, and ill-defined...",16961,659,2.1,2.243238e-62,1.94,2.28
788.1 ,Dysuria,"Comorbidities, signs, and ill-defined...",6578,257,2.1,1.418841e-25,1.85,2.38
413.0 ,Angina decubitus,Diseases of the circulatory system,1889,74,2.1,0.000000016561968,1.64,2.65
427.2 ,"Paroxysmal tachycardia, unspecified",Diseases of the circulatory system,2193,86,2.1,0.0000000010517509,1.67,2.61
296.20 ,"Major depressive affective disorder,...",Mental disorders,2891,113,2.1,0.000000000004706899,1.72,2.53
306.2 ,Cardiovascular malfunction arising...,Mental disorders,2582,101,2.1,0.00000000004757729,1.7,2.56
358.9 ,"Myoneural disorders, unspecified",Diseases of the nervous system,2991,117,2.1,0.000000000001577748,1.73,2.53
721.42 ,"Spondylosis with myelopathy, lumbar...",Diseases of the musculoskeletal...,7086,277,2.1,1.678189e-27,1.86,2.37
571.9 ,Unspecified chronic liver disease...,Diseases of the digestive system,24589,950,2.1,2.223217e-88,1.97,2.25
728.9 ,"Unspecified disorder of muscle,...",Diseases of the musculoskeletal...,25815,997,2.1,8.537507e-93,1.97,2.24
427.9 ,"Cardiac dysrhythmia, unspecified",Diseases of the circulatory system,31987,1221,2.09,2.16979e-110,1.97,2.21
357.2 ,Polyneuropathy in diabetes,Diseases of the nervous system,2855,111,2.09,0.000000000009302444,1.71,2.52
933 ,Foreign body in pharynx and larynx,Injury and poisoning,2029,79,2.09,0.0000000076032947,1.64,2.62
756.12 ,Spondylolisthesis,Congenital anomalies,2391,93,2.09,0.0000000004555942,1.68,2.57
780.2 ,Syncope and collapse,"Comorbidities, signs, and ill-defined...",7891,307,2.09,5.343896e-30,1.86,2.35
601.9 ,"Prostatitis, unspecified",Diseases of the genitourinary...,8265,319,2.08,1.60456e-30,1.85,2.32
786.09 ,Other respiratory abnormalities,"Comorbidities, signs, and ill-defined...",9749,376,2.08,1.771773e-35,1.87,2.3
788.4 ,Frequency of urination and polyuria,"Comorbidities, signs, and ill-defined...",16065,614,2.07,6.480286e-56,1.9,2.24
883 ,Open wound of finger(s),Injury and poisoning,7533,288,2.06,4.358238e-27,1.82,2.31
535.00 ,"Acute gastritis, without mention...",Diseases of the digestive system,153468,5393,2.06,< 0.0001,2,2.13
472.1 ,Chronic pharyngitis,Diseases of the respiratory system,31933,1197,2.05,2.52088e-103,1.93,2.17
719.4 ,Pain in joint,Diseases of the musculoskeletal...,18293,692,2.05,2.433319e-61,1.89,2.21
919 ,"Superficial injury of other, multiple,...",Injury and poisoning,1867,71,2.04,0.00000010078922,1.58,2.58
402.00 ,Malignant hypertensive heart disease...,Diseases of the circulatory system,3506,133,2.03,0.0000000000003892639,1.7,2.42
706.8 ,Other specified diseases of sebaceous...,Diseases of the skin and subcutaneous...,3002,114,2.03,0.00000000001988661,1.67,2.46
306.9 ,Unspecified psychophysiological...,Mental disorders,17823,669,2.03,4.31806e-58,1.87,2.19
558.2 ,Toxic gastroenteritis and colitis,Diseases of the digestive system,2642,100,2.03,0.0000000003474064,1.64,2.48
724.1 ,Pain in thoracic spine,Diseases of the musculoskeletal...,2343,89,2.03,0.0000000035373347,1.63,2.52
573.3 ,"Hepatitis, unspecified",Diseases of the digestive system,28478,1063,2.03,1.137309e-90,1.91,2.16
715.3 ,"Osteoarthrosis, localized, not...",Diseases of the musculoskeletal...,3184,120,2.02,0.000000000008354705,1.67,2.42
307.81 ,Tension headache,Mental disorders,22666,844,2.02,1.652298e-71,1.88,2.16
005.9 ,"Food poisoning, unspecified",Infectious and parasitic diseases,1936,73,2.02,0.0000001062689,1.57,2.55
137.0 ,Late effects of respiratory or...,Infectious and parasitic diseases,6591,247,2.01,3.335671e-22,1.76,2.29
683 ,Acute lymphadenitis,Diseases of the skin and subcutaneous...,3200,120,2.01,0.00000000001438393,1.66,2.41
729.1 ,"Myalgia and myositis, unspecified",Diseases of the musculoskeletal...,156541,5380,2.01,< 0.0001,1.95,2.07
715.15 ,"Osteoarthrosis, localized, primary,...",Diseases of the musculoskeletal...,2246,84,2,0.000000017339903,1.59,2.49
722.0 ,Displacement of cervical intervertebral...,Diseases of the musculoskeletal...,11180,413,1.99,6.570799e-35,1.8,2.19
594.2 ,Calculus in urethra,Diseases of the genitourinary...,3601,134,1.99,0.000000000001260588,1.66,2.37
070.30 ,Viral hepatitis B without mention...,Infectious and parasitic diseases,36074,1307,1.98,5.52559e-103,1.87,2.09
487 ,Influenza,Diseases of the respiratory system,14123,520,1.98,3.009331e-43,1.81,2.17
726.90 ,Enthesopathy of unspecified site,Diseases of the musculoskeletal...,48276,1739,1.98,1.90888e-135,1.88,2.08
786.50 ,"Chest pain, unspecified","Comorbidities, signs, and ill-defined...",57894,2069,1.97,1.85679e-158,1.89,2.07
794.8 ,Nonspecific abnormal results of...,"Comorbidities, signs, and ill-defined...",19601,714,1.97,3.04501e-57,1.82,2.12
372.2 ,Blepharoconjunctivitis,Diseases of the nervous system,2774,102,1.97,0.0000000010088309,1.6,2.4
250.40 ,"Diabetes with renal manifestations,...","Endocrine, nutritional and metabolic...",7221,264,1.96,2.470133e-22,1.73,2.22
362.5 ,Degeneration of macula and posterior...,Diseases of the nervous system,2241,82,1.96,0.000000065845686,1.55,2.44
575.6 ,Cholesterolosis of gallbladder,Diseases of the digestive system,2568,94,1.96,0.0000000076419614,1.58,2.41
386.9 ,Unspecified vertiginous syndromes...,Diseases of the nervous system,14778,536,1.95,8.230469e-43,1.79,2.13
389.10 ,"Sensorineural hearing loss, unspecified",Diseases of the nervous system,5605,204,1.95,2.615902e-17,1.69,2.24
715.98 ,"Osteoarthrosis, unspecified whether...",Diseases of the musculoskeletal...,3018,110,1.95,0.000000000383084,1.6,2.36
780.59 ,Other sleep disturbances,"Comorbidities, signs, and ill-defined...",6031,218,1.94,3.959052e-18,1.68,2.22
353.2 ,"Cervical root lesions, not elsewhere...",Diseases of the nervous system,10620,383,1.94,1.686146e-30,1.74,2.15
724.00 ,"Spinal stenosis, unspecified region",Diseases of the musculoskeletal...,2587,94,1.94,0.0000000088556251,1.56,2.39
412 ,Old myocardial infarction,Diseases of the circulatory system,2303,83,1.93,0.00000010082864,1.53,2.4
959.7 ,"Knee, leg, ankle, and foot injury",Injury and poisoning,3596,130,1.93,0.00000000001789459,1.61,2.31
593.2 ,"Cyst of kidney, acquired",Diseases of the genitourinary...,2134,77,1.93,0.00000028686202,1.52,2.42
784.7 ,Epistaxis,"Comorbidities, signs, and ill-defined...",15587,557,1.92,1.338225e-42,1.76,2.1
786.51 ,Precordial pain,"Comorbidities, signs, and ill-defined...",6494,232,1.91,1.180145e-18,1.67,2.18
780.53 ,"Hypersomnia with sleep apnea,...","Comorbidities, signs, and ill-defined...",3233,115,1.9,0.000000000653938,1.56,2.29
607.84 ,Impotence of organic origin,Diseases of the genitourinary...,12695,448,1.9,2.151215e-33,1.72,2.08
427.89 ,Other specified cardiac dysrhythmias,Diseases of the circulatory system,6014,214,1.9,4.422506e-17,1.65,2.18
715.26 ,"Osteoarthrosis, localized, secondary,...",Diseases of the musculoskeletal...,2562,91,1.9,0.000000042347692,1.52,2.34
305.00 ,"Alcohol abuse, unspecified",Mental disorders,1886,67,1.9,0.0000027441252,1.46,2.42
346.9 ,"Migraine, unspecified",Diseases of the nervous system,14113,500,1.9,1.614054e-37,1.74,2.08
722.73 ,Intervertebral disc disorder with...,Diseases of the musculoskeletal...,6353,226,1.9,5.730494e-18,1.66,2.18
569.0 ,Anal and rectal polyp,Diseases of the digestive system,3180,113,1.9,0.0000000010518309,1.56,2.29
786.3 ,Hemoptysis,"Comorbidities, signs, and ill-defined...",7419,262,1.89,3.674933e-20,1.66,2.14
780.4 ,Dizziness and giddiness,"Comorbidities, signs, and ill-defined...",158604,5158,1.88,< 0.0001,1.82,1.94
070.31 ,Viral hepatitis B without mention...,Infectious and parasitic diseases,2186,77,1.88,0.00000062534075,1.48,2.36
250.01 ,Diabetes mellitus without mention...,"Endocrine, nutritional and metabolic...",2581,91,1.88,0.000000070963254,1.51,2.32
470 ,Deviated nasal septum,Diseases of the respiratory system,18633,652,1.88,8.776243e-47,1.74,2.04
367.4 ,Presbyopia,Diseases of the nervous system,22001,767,1.88,2.896907e-54,1.75,2.02
386.11 ,Benign paroxysmal positional vertigo,Diseases of the nervous system,5234,183,1.87,0.00000000000003839814,1.6,2.17
295 ,Schizophrenic disorders,Mental disorders,3980,139,1.87,0.00000000003764925,1.56,2.21
303.90 ,Other and unspecified alcohol...,Mental disorders,5527,193,1.87,0.00000000000000844675,1.61,2.16
242.9 ,Thyrotoxicosis w/m of goiter or...,"Endocrine, nutritional and metabolic...",3329,116,1.86,0.000000001765877,1.53,2.24
472.0 ,Chronic rhinitis,Diseases of the respiratory system,59587,2006,1.85,1.58577e-128,1.77,1.94
785.0 ,"Tachycardia, unspecified","Comorbidities, signs, and ill-defined...",2412,83,1.84,0.0000006774131,1.46,2.29
459.9 ,Unspecified circulatory system...,Diseases of the circulatory system,2819,97,1.84,0.000000083380318,1.48,2.25
569.3 ,Hemorrhage of rectum and anus,Diseases of the digestive system,6696,230,1.84,1.369187e-16,1.6,2.1
726.1 ,"Rotator cuff syndrome of shoulder,...",Diseases of the musculoskeletal...,3141,108,1.84,0.000000014214855,1.5,2.22
111.8 ,Other specified dermatomycoses,Infectious and parasitic diseases,2764,95,1.83,0.00000009431982,1.48,2.25
788.3 ,Incontinence of urine,"Comorbidities, signs, and ill-defined...",3259,112,1.83,0.000000008331406,1.5,2.22
693.8 ,Dermatitis due to other specified...,Diseases of the skin and subcutaneous...,4171,143,1.83,0.00000000007218909,1.54,2.16
345.9 ,"Epilepsy, unspecified",Diseases of the nervous system,2394,82,1.83,0.00000091114748,1.45,2.28
535.10 ,"Atrophic gastritis, without mention...",Diseases of the digestive system,2705,93,1.83,0.00000014504048,1.47,2.26
362.50 ,"Macular degeneration (senile),...",Diseases of the nervous system,3179,109,1.83,0.000000012320928,1.5,2.22
428.0 ,"Congestive heart failure, unspecified",Diseases of the circulatory system,7007,239,1.82,7.225753e-17,1.6,2.08
302.72 ,Psychosexual dysfunction with...,Mental disorders,2408,82,1.82,0.0000010089904,1.44,2.26
491.9 ,Unspecified chronic bronchitis,Diseases of the respiratory system,44587,1490,1.82,1.187332e-92,1.72,1.92
556 ,Idiopathic proctocolitis,Diseases of the digestive system,3436,117,1.82,0.0000000067024326,1.5,2.19
382.0 ,Acute suppurative otitis media,Diseases of the nervous system,2332,79,1.81,0.000002106681,1.42,2.26
294.9 ,Unspecified persistent mental...,Mental disorders,1859,63,1.81,0.0000191305,1.38,2.32
555.0 ,Regional enteritis of small intestine,Diseases of the digestive system,3104,105,1.8,0.000000054407631,1.47,2.19
977.9 ,Poisoning by unspecified drug...,Injury and poisoning,2224,75,1.8,0.0000039440981,1.41,2.26
780.0 ,Alteration of consciousness,"Comorbidities, signs, and ill-defined...",2640,89,1.8,0.00000051059312,1.44,2.22
607.1 ,Balanoposthitis,Diseases of the genitourinary...,12998,435,1.79,7.875575e-28,1.62,1.97
250.60 ,"Diabetes with neurological manifestations,...","Endocrine, nutritional and metabolic...",9489,317,1.79,1.473367e-20,1.59,2
353.1 ,Lumbosacral plexus lesions,Diseases of the nervous system,2386,80,1.79,0.0000027639419,1.41,2.23
535.50 ,"Unspecified gastritis and gastroduodenitis,...",Diseases of the digestive system,136957,4319,1.79,2.34305e-233,1.73,1.85
721.90 ,"Spondylosis of unspecified site,...",Diseases of the musculoskeletal...,15698,524,1.79,7.203639e-33,1.64,1.96
722.2 ,Displacement of intervertebral...,Diseases of the musculoskeletal...,16668,557,1.79,5.598446e-35,1.64,1.95
382.3 ,Unspecified chronic suppurative...,Diseases of the nervous system,5190,173,1.78,0.0000000000093424,1.52,2.07
784.0 ,Headache,"Comorbidities, signs, and ill-defined...",193570,5931,1.78,1.27986e-300,1.73,1.83
411.1 ,Intermediate coronary syndrome,Diseases of the circulatory system,2337,78,1.78,0.0000045817179,1.4,2.23
250.9 ,Diabetes with unspecified complication,"Endocrine, nutritional and metabolic...",5444,182,1.78,0.000000000001748089,1.53,2.07
723.2 ,Cervicocranial syndrome,Diseases of the musculoskeletal...,2930,98,1.78,0.00000021949781,1.44,2.18
787.7 ,Abnormal feces,"Comorbidities, signs, and ill-defined...",4749,158,1.77,0.00000000006634419,1.5,2.08
308.0 ,Predominant disturbance of emotions,Mental disorders,2988,99,1.77,0.00000029049234,1.43,2.16
729.2 ,"Neuralgia, neuritis, and radiculitis,...",Diseases of the musculoskeletal...,70040,2250,1.77,5.02365e-124,1.69,1.84
153.9 ,"Malignant neoplasm of colon, unspecified...",Neoplasms,4152,137,1.76,0.0000000019232717,1.47,2.09
373.1 ,Hordeolum and other deep inflammation...,Diseases of the nervous system,11602,382,1.76,2.435522e-23,1.59,1.95
379.91 ,Pain in or around eye,Diseases of the nervous system,2330,77,1.76,0.0000064947941,1.38,2.21
780.50 ,"Sleep disturbance, unspecified","Comorbidities, signs, and ill-defined...",23334,760,1.75,1.419216e-43,1.63,1.88
780.6 ,Fever,"Comorbidities, signs, and ill-defined...",67112,2139,1.75,1.67889e-114,1.67,1.83
692.4 ,Contact dermatitis and other eczema...,Diseases of the skin and subcutaneous...,15661,511,1.75,7.008708e-30,1.6,1.91
709.2 ,Scar conditions and fibrosis of...,Diseases of the skin and subcutaneous...,2714,89,1.75,0.0000015484364,1.4,2.16
919.8 ,Other and unspecified superficial...,Injury and poisoning,2499,82,1.75,0.00000471687,1.38,2.18
528.2 ,Oral aphthae,Diseases of the digestive system,18872,616,1.75,9.009478e-36,1.61,1.9
726.0 ,Adhesive capsulitis of shoulder,Diseases of the musculoskeletal...,21018,685,1.75,1.886741e-39,1.62,1.89
009.2 ,Infectious diarrhea,Infectious and parasitic diseases,23156,754,1.75,2.773399e-43,1.62,1.88
414.9 ,"Chronic ischemic heart disease,...",Diseases of the circulatory system,42567,1369,1.74,7.460454e-75,1.65,1.84
528.5 ,Diseases of lips,Diseases of the digestive system,2538,83,1.74,0.0000040471696,1.38,2.17
565.0 ,Anal fissure,Diseases of the digestive system,5844,191,1.74,0.000000000003647578,1.5,2.01
372.54 ,Conjunctival concretions,Diseases of the nervous system,18231,590,1.74,2.230213e-33,1.59,1.89
593.9 ,Unspecified disorder of kidney...,Diseases of the genitourinary...,2574,84,1.74,0.0000046137038,1.38,2.16
011.9 ,"Pulmonary TB, unspecified",Infectious and parasitic diseases,1895,62,1.74,0.0000679895,1.33,2.24
599.7 ,Hematuria,Diseases of the genitourinary...,34752,1114,1.73,3.075914e-60,1.63,1.84
848.8 ,Other specified sites of sprains...,Injury and poisoning,8898,288,1.73,4.134648e-17,1.53,1.94
478.6 ,Edema of larynx,Diseases of the respiratory system,2272,74,1.73,0.0000150146,1.36,2.19
365.04 ,Ocular hypertension,Diseases of the nervous system,1974,64,1.73,0.0000676845,1.32,2.21
722.93 ,"Other and unspecified disc disorder,...",Diseases of the musculoskeletal...,9337,302,1.73,8.341177e-18,1.53,1.94
724.3 ,Sciatica,Diseases of the musculoskeletal...,62098,1963,1.73,7.75701e-102,1.65,1.81
738.4 ,Acquired spondylolisthesis,Diseases of the musculoskeletal...,3912,127,1.73,0.000000021229145,1.44,2.07
782.2 ,"Localized superficial swelling,...","Comorbidities, signs, and ill-defined...",2351,76,1.72,0.0000149161,1.35,2.16
413.9 ,Other and unspecified angina pectoris,Diseases of the circulatory system,27042,863,1.72,3.718342e-46,1.6,1.84
715.90 ,"Osteoarthrosis, unspecified whether...",Diseases of the musculoskeletal...,44624,1416,1.72,5.136921e-74,1.63,1.82
353.9 ,Unspecified nerve root and plexus...,Diseases of the nervous system,5246,169,1.72,0.0000000001948845,1.46,2
787.9 ,Other symptoms involving digestive...,"Comorbidities, signs, and ill-defined...",9540,305,1.71,2.612565e-17,1.52,1.91
695.89 ,Other specified erythematous conditions,Diseases of the skin and subcutaneous...,4791,154,1.71,0.0000000012713517,1.45,2.01
388.31 ,Subjective tinnitus,Diseases of the nervous system,2094,67,1.7,0.0000783888,1.31,2.17
306.8 ,Other specified psychophysiological...,Mental disorders,4418,141,1.7,0.000000011086506,1.43,2.01
362.02 ,Proliferative diabetic retinopathy,Diseases of the nervous system,2950,94,1.7,0.0000028681964,1.37,2.08
558.9 ,Other and unspecified noninfectious...,Diseases of the digestive system,306809,8677,1.7,< 0.0001,1.66,1.74
366.1 ,Senile cataract,Diseases of the nervous system,2761,88,1.7,0.0000071204516,1.36,2.1
924.9 ,Contusion of unspecified site,Injury and poisoning,17131,545,1.7,3.213825e-29,1.56,1.86
008.5 ,"Bacterial enteritis, unspecified",Infectious and parasitic diseases,4712,150,1.7,0.0000000036174403,1.43,2
786.59 ,Other chest pain,"Comorbidities, signs, and ill-defined...",17465,550,1.69,1.563633e-28,1.54,1.84
461.8 ,Other acute sinusitis,Diseases of the respiratory system,16149,510,1.69,9.402528e-27,1.54,1.85
475 ,Peritonsillar abscess,Diseases of the respiratory system,9812,311,1.69,3.870359e-17,1.51,1.9
353.4 ,"Lumbosacral root lesions, not...",Diseases of the nervous system,5665,180,1.69,0.0000000001390837,1.45,1.96
354.2 ,Lesion of ulnar nerve,Diseases of the nervous system,2638,84,1.69,0.0000090188769,1.35,2.11
511.9 ,Unspecified pleural effusion,Diseases of the respiratory system,2457,78,1.69,0.0000226856,1.33,2.12
571.40 ,"Chronic hepatitis, unspecified",Diseases of the digestive system,150341,4492,1.69,1.24941e-198,1.63,1.74
372.0 ,Acute conjunctivitis,Diseases of the nervous system,15656,494,1.69,7.125781e-26,1.54,1.85
935.1 ,Foreign body in esophagus,Injury and poisoning,2141,68,1.69,0.0000697745,1.31,2.15
727.43 ,"Ganglion, unspecified",Diseases of the musculoskeletal...,3219,102,1.69,0.0000015308122,1.37,2.05
729.4 ,"Fasciitis, unspecified",Diseases of the musculoskeletal...,84043,2582,1.69,8.07778e-122,1.62,1.76
599.8 ,Other specified disorders of urethra...,Diseases of the genitourinary...,2434,77,1.68,0.0000289115,1.32,2.11
402.11 ,Benign hypertensive heart disease...,Diseases of the circulatory system,3007,95,1.68,0.000003587273,1.35,2.06
274.11 ,Uric acid nephrolithiasis,"Endocrine, nutritional and metabolic...",1960,62,1.68,0.0001788756,1.28,2.17
710.2 ,Sicca syndrome,Diseases of the musculoskeletal...,2717,86,1.68,0.0000116476,1.34,2.09
848.0 ,Sprain of septal cartilage of...,Injury and poisoning,2253,71,1.68,0.0000746811,1.3,2.12
491.8 ,Other chronic bronchitis,Diseases of the respiratory system,5262,166,1.68,0.0000000010951187,1.43,1.96
529.0 ,Glossitis,Diseases of the digestive system,3190,101,1.68,0.0000018979662,1.37,2.05
009.1 ,"Colitis, enteritis, and gastroenteritis...",Infectious and parasitic diseases,18813,591,1.68,2.760204e-30,1.55,1.83
009.3 ,Diarrhea of presumed infectious...,Infectious and parasitic diseases,10803,341,1.68,2.408911e-18,1.51,1.88
455.6 ,Unspecified hemorrhoids without...,Diseases of the circulatory system,43449,1339,1.67,6.524096e-63,1.57,1.76
714.9 ,Unspecified inflammatory polyarthropathy,Diseases of the musculoskeletal...,3289,103,1.67,0.0000020374053,1.35,2.03
478.1 ,Other diseases of nasal cavity...,Diseases of the respiratory system,28206,875,1.67,2.666694e-42,1.55,1.78
491.21 ,Obstructive chronic bronchitis...,Diseases of the respiratory system,4743,149,1.67,0.000000010375961,1.41,1.97
722.71 ,Intervertebral disc disorder with...,Diseases of the musculoskeletal...,2738,86,1.67,0.0000128098,1.33,2.07
723.0 ,Spinal stenosis in cervical region,Diseases of the musculoskeletal...,5476,172,1.67,0.0000000008998127,1.43,1.95
528.9 ,Other and unspecified diseases...,Diseases of the digestive system,45235,1395,1.67,1.055338e-65,1.58,1.76
597.8 ,Other urethritis,Diseases of the genitourinary...,2353,74,1.67,0.0000564142,1.31,2.11
698.1 ,Pruritus of genital organs,Diseases of the skin and subcutaneous...,2462,77,1.66,0.0000442367,1.31,2.09
839.8 ,"Closed dislocation, multiple and...",Injury and poisoning,4643,145,1.66,0.000000025495867,1.4,1.96
272.1 ,Pure hyperglyceridemia,"Endocrine, nutritional and metabolic...",18286,567,1.66,1.012496e-27,1.52,1.81
289.3 ,"Lymphadenitis, unspecified, except...",Diseases of the blood and blood-forming...,3142,98,1.66,0.0000042846098,1.34,2.03
715.00 ,"Osteoarthrosis, generalized, site...",Diseases of the musculoskeletal...,6557,204,1.66,0.0000000000559993,1.43,1.91
474.0 ,Chronic tonsillitis,Diseases of the respiratory system,6275,196,1.66,0.00000000007589707,1.43,1.92
718.4 ,Contracture of joint,Diseases of the musculoskeletal...,1980,62,1.66,0.0002027728,1.27,2.14
367.1 ,Myopia,Diseases of the nervous system,13872,432,1.66,8.340346e-22,1.51,1.83
724.02 ,"Spinal stenosis, lumbar region,...",Diseases of the musculoskeletal...,8554,267,1.66,0.00000000000003610317,1.47,1.88
959.8 ,"Other specified sites, including...",Injury and poisoning,1948,61,1.66,0.0002428079,1.27,2.15
386.00 ,"Minihre's disease, unspecified",Diseases of the nervous system,12944,399,1.65,1.423989e-19,1.48,1.82
272.4 ,Other and unspecified hyperlipidemia,"Endocrine, nutritional and metabolic...",109926,3269,1.65,1.09171e-137,1.59,1.71
460 ,Acute nasopharyngitis [common...,Diseases of the respiratory system,429709,11407,1.65,< 0.0001,1.61,1.69
464.1 ,Acute tracheitis,Diseases of the respiratory system,15470,478,1.65,2.510627e-23,1.5,1.81
478.5 ,Other diseases of vocal cords,Diseases of the respiratory system,25944,797,1.65,3.191793e-37,1.53,1.77
716.99 ,"Arthropathy, unspecified, multiple...",Diseases of the musculoskeletal...,3385,105,1.65,0.0000027963622,1.34,2
355.0 ,Lesion of sciatic nerve,Diseases of the nervous system,3198,99,1.65,0.0000052222043,1.33,2.01
380.23 ,Other chronic otitis externa,Diseases of the nervous system,4071,126,1.65,0.00000028416116,1.37,1.97
781.9 ,Other symptoms involving nervous...,"Comorbidities, signs, and ill-defined...",7603,234,1.64,0.000000000005592704,1.43,1.87
386.10 ,"Peripheral vertigo, unspecified",Diseases of the nervous system,8487,261,1.64,0.0000000000003320387,1.44,1.85
428.9 ,"Heart failure, unspecified",Diseases of the circulatory system,3962,122,1.64,0.00000065692068,1.36,1.96
701.4 ,Keloid scar,Diseases of the skin and subcutaneous...,4725,146,1.64,0.000000035391996,1.38,1.94
491.20 ,Obstructive chronic bronchitis...,Diseases of the respiratory system,7322,225,1.64,0.00000000001408177,1.43,1.87
367.53 ,Spasm of accommodation,Diseases of the nervous system,5144,159,1.64,0.0000000090180312,1.39,1.93
592.0 ,Calculus of kidney,Diseases of the genitourinary...,55233,1670,1.64,4.261407e-73,1.56,1.72
381.81 ,Dysfunction of Eustachian tube,Diseases of the nervous system,14116,431,1.63,2.748461e-20,1.48,1.79
427.31 ,Atrial fibrillation,Diseases of the circulatory system,2644,81,1.63,0.0000604322,1.29,2.03
701.1 ,"Keratoderma, acquired",Diseases of the skin and subcutaneous...,6683,205,1.63,0.0000000001554654,1.41,1.88
250.80 ,Diabetes with other specified...,"Endocrine, nutritional and metabolic...",2448,75,1.63,0.0001084966,1.28,2.05
706.1 ,Other acne,Diseases of the skin and subcutaneous...,26555,808,1.63,2.111428e-36,1.52,1.75
715.37 ,"Osteoarthrosis, localized, not...",Diseases of the musculoskeletal...,1959,60,1.63,0.0004812021,1.24,2.1
353.8 ,Other nerve root and plexus disorders,Diseases of the nervous system,1886,58,1.63,0.0005198374,1.24,2.12
356.9 ,Unspecified hereditary and idiopathic...,Diseases of the nervous system,10552,323,1.63,9.182412e-16,1.46,1.82
726.2 ,"Other affections of shoulder region,...",Diseases of the musculoskeletal...,2870,88,1.63,0.0000274738,1.3,2.02
690 ,Erythematosquamous dermatosis,Diseases of the skin and subcutaneous...,22712,687,1.62,1.900007e-30,1.5,1.75
715.16 ,"Osteoarthrosis, localized, primary,...",Diseases of the musculoskeletal...,10479,319,1.62,0.000000000000003071019,1.45,1.81
723.8 ,Other syndromes affecting cervical...,Diseases of the musculoskeletal...,2591,79,1.62,0.0000716825,1.28,2.03
368.13 ,Visual discomfort,Diseases of the nervous system,49488,1484,1.62,7.923142e-63,1.54,1.71
380.22 ,Other acute otitis externa,Diseases of the nervous system,18951,573,1.62,1.535836e-25,1.48,1.76
524.60 ,"Temporomandibular joint disorders,...",Diseases of the digestive system,2537,77,1.61,0.000108321,1.27,2.02
894.1 ,Multiple and unspecified open...,Injury and poisoning,2359,71,1.6,0.0002746101,1.24,2.02
721.0 ,Cervical spondylosis without myelopathy,Diseases of the musculoskeletal...,31770,946,1.6,4.678696e-39,1.49,1.71
721.1 ,Cervical spondylosis with myelopathy,Diseases of the musculoskeletal...,10691,322,1.6,0.000000000000007912032,1.43,1.79
367.0 ,Hypermetropia,Diseases of the nervous system,2324,70,1.6,0.0002557964,1.24,2.03
380.1 ,Infective otitis externa,Diseases of the nervous system,4115,124,1.6,0.0000014410518,1.33,1.92
070.9 ,Unspecified viral hepatitis without...,Infectious and parasitic diseases,12077,361,1.59,6.138708e-16,1.43,1.77
240.9 ,"Goiter, unspecified","Endocrine, nutritional and metabolic...",4315,129,1.59,0.0000014452945,1.32,1.89
706.2 ,Sebaceous cyst,Diseases of the skin and subcutaneous...,10030,300,1.59,0.0000000000001439352,1.41,1.79
707.9 ,Chronic ulcer of unspecified site,Diseases of the skin and subcutaneous...,1900,57,1.59,0.00102267,1.2,2.07
461.0 ,Acute maxillary sinusitis,Diseases of the respiratory system,13251,395,1.59,3.616792e-17,1.43,1.76
349.9 ,Unspecified disorders of nervous...,Diseases of the nervous system,16111,480,1.59,1.736883e-20,1.45,1.74
528.0 ,Stomatitis,Diseases of the digestive system,24183,720,1.59,5.502131e-30,1.48,1.72
379.99 ,Other ill-defined disorders of...,Diseases of the nervous system,3614,108,1.59,0.000010437,1.3,1.92
729.9 ,Other and unspecified disorders...,Diseases of the musculoskeletal...,6411,192,1.59,0.0000000030509038,1.37,1.84
388.8 ,Other disorders of ear,Diseases of the nervous system,3227,96,1.58,0.0000342658,1.28,1.94
791.0 ,Proteinuria,"Comorbidities, signs, and ill-defined...",7149,212,1.58,0.0000000010942695,1.37,1.81
854.0 ,Intracranial injury of other and...,Injury and poisoning,3052,91,1.58,0.0000492105,1.27,1.95
478.0 ,Hypertrophy of nasal turbinates,Diseases of the respiratory system,12821,381,1.58,2.259173e-16,1.43,1.75
491.0 ,Simple chronic bronchitis,Diseases of the respiratory system,12029,357,1.58,0.000000000000002166916,1.42,1.76
354.9 ,"Mononeuritis of upper limb, unspecified",Diseases of the nervous system,2189,65,1.58,0.0007175111,1.21,2.02
565.1 ,Anal fistula,Diseases of the digestive system,7685,229,1.58,0.0000000001708133,1.38,1.81
724.4 ,Thoracic or lumbosacral neuritis...,Diseases of the musculoskeletal...,8078,240,1.58,0.00000000007346475,1.38,1.8
590.10 ,Acute pyelonephritis without lesion...,Diseases of the genitourinary...,4129,123,1.58,0.0000026767411,1.31,1.89
009.0 ,"Infectious colitis, enteritis,...",Infectious and parasitic diseases,50973,1489,1.58,1.304369e-56,1.49,1.66
388.30 ,"Tinnitus, unspecified",Diseases of the nervous system,26446,774,1.57,5.121002e-30,1.45,1.68
402.10 ,Benign hypertensive heart disease...,Diseases of the circulatory system,16698,492,1.57,4.717194e-20,1.43,1.72
710.9 ,Unspecified diffuse connective...,Diseases of the musculoskeletal...,1995,59,1.57,0.0013163798,1.19,2.03
723.3 ,Cervicobrachial syndrome (diffuse),Diseases of the musculoskeletal...,5164,153,1.57,0.00000023297853,1.33,1.85
724.5 ,"Backache, unspecified",Diseases of the musculoskeletal...,151376,4254,1.57,3.43727e-143,1.52,1.62
959.5 ,Finger injury,Injury and poisoning,1793,53,1.57,0.0023525349,1.17,2.06
054.9 ,Herpes simplex without mention...,Infectious and parasitic diseases,20359,597,1.57,1.235654e-23,1.44,1.7
599.0 ,"Urinary tract infection, site...",Diseases of the genitourinary...,76332,2195,1.56,1.681935e-78,1.5,1.64
601.0 ,Acute prostatitis,Diseases of the genitourinary...,2279,67,1.56,0.0007040875,1.2,1.99
785.6 ,Enlargement of lymph nodes,"Comorbidities, signs, and ill-defined...",3122,92,1.56,0.0000778408,1.26,1.93
411.89 ,Other acute and subacute forms...,Diseases of the circulatory system,3002,88,1.56,0.0001296896,1.24,1.92
873.4 ,"Facial laceration, without mention...",Injury and poisoning,11012,322,1.56,0.0000000000002877667,1.39,1.74
473.9 ,Unspecified sinusitis (chronic),Diseases of the respiratory system,29706,863,1.56,2.854999e-32,1.45,1.67
716.96 ,"Arthropathy, unspecified, lower...",Diseases of the musculoskeletal...,3711,109,1.56,0.0000181511,1.28,1.89
721.3 ,Lumbosacral spondylosis without...,Diseases of the musculoskeletal...,56235,1621,1.56,2.848877e-58,1.48,1.64
919.9 ,Other and unspecified superficial...,Injury and poisoning,1866,55,1.56,0.0021586517,1.17,2.05
922.2 ,Contusion of abdominal wall,Injury and poisoning,4282,126,1.56,0.0000040176499,1.3,1.87
379.24 ,Other vitreous opacities,Diseases of the nervous system,9821,288,1.56,0.000000000003729137,1.38,1.76
788.2 ,Retention of urine,"Comorbidities, signs, and ill-defined...",2430,71,1.55,0.0006007064,1.21,1.96
693.9 ,Dermatitis due to unspecified...,Diseases of the skin and subcutaneous...,11499,335,1.55,0.0000000000001523012,1.39,1.73
465.0 ,Acute laryngopharyngitis,Diseases of the respiratory system,242658,6555,1.55,2.65385e-193,1.51,1.59
473.8 ,Other chronic sinusitis,Diseases of the respiratory system,3123,91,1.55,0.0001061174,1.24,1.91
537.89 ,Other specified disorders of stomach...,Diseases of the digestive system,2289,67,1.55,0.000739427,1.2,1.98
555.9 ,Regional enteritis of unspecified...,Diseases of the digestive system,12129,354,1.55,0.00000000000003036072,1.39,1.73
959.9 ,Unspecified site injury,Injury and poisoning,2363,69,1.55,0.0006762145,1.2,1.97
729.0 ,"Rheumatism, unspecified and fibrositis",Diseases of the musculoskeletal...,7541,220,1.55,0.0000000022766785,1.35,1.77
784.1 ,Throat pain,"Comorbidities, signs, and ill-defined...",18573,535,1.54,8.837674e-20,1.41,1.67
692.0 ,Contact dermatitis and other eczema...,Diseases of the skin and subcutaneous...,24956,719,1.54,3.516303e-26,1.43,1.66
790.6 ,Other abnormal blood chemistry,"Comorbidities, signs, and ill-defined...",18236,528,1.54,5.340059e-20,1.41,1.68
799.9 ,Other unknown and unspecified...,"Comorbidities, signs, and ill-defined...",2759,80,1.54,0.000356209,1.22,1.92
693.0 ,Dermatitis due to drugs and medicines...,Diseases of the skin and subcutaneous...,5878,170,1.54,0.00000022306659,1.31,1.79
366.9 ,Unspecified cataract,Diseases of the nervous system,2993,87,1.54,0.0001691819,1.23,1.91
729.6 ,Residual foreign body in soft...,Diseases of the musculoskeletal...,1788,52,1.54,0.0040787491,1.15,2.03
246.9 ,Unspecified disorder of thyroid,"Endocrine, nutritional and metabolic...",4691,135,1.53,0.0000050635046,1.28,1.81
443.9 ,"Peripheral vascular disease, unspecified",Diseases of the circulatory system,6420,185,1.53,0.00000010030023,1.31,1.77
715.30 ,"Osteoarthrosis, localized, not...",Diseases of the musculoskeletal...,3567,103,1.53,0.0000627193,1.25,1.86
716.66 ,"Unspecified monoarthritis, lower...",Diseases of the musculoskeletal...,2153,62,1.53,0.0019906255,1.17,1.97
722.52 ,Degeneration of lumbar or lumbosacral...,Diseases of the musculoskeletal...,2039,59,1.53,0.0020087294,1.16,1.99
365.11 ,Primary open angle glaucoma,Diseases of the nervous system,2423,70,1.53,0.0010094435,1.19,1.94
919.1 ,"Abrasion or friction burn of other,...",Injury and poisoning,2356,68,1.53,0.0011217584,1.18,1.95
370.9 ,Unspecified keratitis,Diseases of the nervous system,5827,168,1.53,0.00000032845092,1.3,1.79
573.9 ,Unspecified disorder of liver,Diseases of the digestive system,14122,405,1.53,0.000000000000005382508,1.38,1.69
727.9 ,"Unspecified disorder of synovium,...",Diseases of the musculoskeletal...,6021,174,1.53,0.00000018406608,1.31,1.78
786.2 ,Cough,"Comorbidities, signs, and ill-defined...",96080,2680,1.52,4.932934e-84,1.46,1.59
790.4 ,Nonspecific elevation of levels...,"Comorbidities, signs, and ill-defined...",1951,56,1.52,0.003557415,1.14,1.98
477.8 ,Allergic rhinitis due to other...,Diseases of the respiratory system,9386,269,1.52,0.0000000001768268,1.34,1.72
717.7 ,Chondromalacia of patella,Diseases of the musculoskeletal...,4294,123,1.52,0.0000157955,1.26,1.82
362.41 ,Central serous retinopathy,Diseases of the nervous system,4384,126,1.52,0.0000114952,1.27,1.82
527.2 ,Sialoadenitis,Diseases of the digestive system,2575,74,1.52,0.0006769749,1.19,1.92
566 ,Abscess of anal and rectal regions,Diseases of the digestive system,6903,198,1.52,0.000000040911862,1.31,1.76
724.2 ,Lumbago,Diseases of the musculoskeletal...,220095,5895,1.52,6.27798e-163,1.47,1.56
379.23 ,Vitreous hemorrhage,Diseases of the nervous system,2373,68,1.52,0.0011983149,1.18,1.93
733.42 ,Aseptic necrosis of head and neck...,Diseases of the musculoskeletal...,5214,149,1.52,0.0000027943591,1.28,1.79
405.99 ,Other unspecified secondary hypertension,Diseases of the circulatory system,3275,93,1.51,0.0002506395,1.21,1.85
805.4 ,Closed fracture of lumbar vertebra...,Injury and poisoning,4182,119,1.51,0.0000331878,1.25,1.81
355.9 ,Mononeuritis of unspecified site,Diseases of the nervous system,2979,85,1.51,0.0003617234,1.2,1.88
537.9 ,Unspecified disorder of stomach...,Diseases of the digestive system,3906,111,1.51,0.0000632954,1.24,1.82
371.8 ,Other corneal disorders,Diseases of the nervous system,1892,54,1.51,0.004122236,1.13,1.98
726.12 ,Bicipital tenosynovitis,Diseases of the musculoskeletal...,3164,90,1.51,0.00025902,1.21,1.86
372.14 ,Other chronic allergic conjunctivitis,Diseases of the nervous system,50585,1424,1.51,6.281556e-46,1.43,1.6
582.9 ,Chronic glomerulonephritis with...,Diseases of the genitourinary...,11937,338,1.51,0.000000000003818161,1.35,1.68
998.5 ,Postoperative infection,Injury and poisoning,5171,147,1.51,0.0000041810547,1.27,1.78
078.1 ,Viral warts,Infectious and parasitic diseases,40469,1134,1.5,6.843746e-36,1.41,1.6
471.9 ,Unspecified nasal polyp,Diseases of the respiratory system,2193,62,1.5,0.0028669801,1.14,1.93
477.9 ,"Allergic rhinitis, cause unspecified",Diseases of the respiratory system,126178,3446,1.5,5.979131e-99,1.45,1.56
492.8 ,Other emphysema,Diseases of the respiratory system,3649,103,1.5,0.0001289178,1.22,1.82
493.10 ,"Intrinsic asthma, unspecified",Diseases of the respiratory system,2582,73,1.5,0.0011559464,1.17,1.89
493.21 ,Chronic obstructive asthma with...,Diseases of the respiratory system,2124,60,1.5,0.0032170374,1.14,1.94
493.91 ,"Asthma, unspecified type, with...",Diseases of the respiratory system,3844,109,1.5,0.0000719005,1.23,1.82
726.8 ,Other peripheral enthesopathies,Diseases of the musculoskeletal...,3067,87,1.5,0.0004340933,1.2,1.86
786.00 ,"Respiratory abnormality, unspecified","Comorbidities, signs, and ill-defined...",3874,109,1.49,0.0000980597,1.22,1.81
429.3 ,Cardiomegaly,Diseases of the circulatory system,2385,67,1.49,0.0026031548,1.15,1.9
700 ,Corns and callosities,Diseases of the skin and subcutaneous...,6823,192,1.49,0.00000024411175,1.29,1.72
840.4 ,Rotator cuff (capsule) sprain,Injury and poisoning,3053,86,1.49,0.0005421876,1.19,1.85
272.0 ,Pure hypercholesterolemia,"Endocrine, nutritional and metabolic...",25248,705,1.49,2.307355e-22,1.38,1.61
455.0 ,Internal hemorrhoids without mention...,Diseases of the circulatory system,9706,273,1.49,0.0000000008976591,1.32,1.69
706.0 ,Acne varioliformis,Diseases of the skin and subcutaneous...,4281,120,1.49,0.000052709,1.23,1.78
555.1 ,Regional enteritis of large intestine,Diseases of the digestive system,3550,100,1.49,0.0001717282,1.21,1.82
370.21 ,Punctate keratitis,Diseases of the nervous system,25398,711,1.49,7.744647e-23,1.38,1.61
726.19 ,Other specified disorders of bursae...,Diseases of the musculoskeletal...,6900,194,1.49,0.00000022467238,1.29,1.72
380.15 ,Chronic mycotic otitis externa,Diseases of the nervous system,15594,437,1.49,0.00000000000001309306,1.35,1.64
110.1 ,Dermatophytosis of nail,Infectious and parasitic diseases,44735,1235,1.48,2.246979e-36,1.4,1.57
786.1 ,Stridor,"Comorbidities, signs, and ill-defined...",2761,77,1.48,0.0013057871,1.16,1.85
239.8 ,"Neoplasms of unspecified nature,...",Neoplasms,2332,65,1.48,0.0030392401,1.14,1.89
437.9 ,Unspecified cerebrovascular disease,Diseases of the circulatory system,6613,184,1.48,0.00000084846985,1.27,1.71
704.8 ,Other specified diseases of hair...,Diseases of the skin and subcutaneous...,26645,741,1.48,5.080175e-23,1.38,1.6
274.0 ,"Gouty arthropathy, unspecified","Endocrine, nutritional and metabolic...",109118,2959,1.48,4.652892e-81,1.43,1.54
715.36 ,"Osteoarthrosis, localized, not...",Diseases of the musculoskeletal...,17717,494,1.48,5.864042e-16,1.35,1.62
897.0 ,Traumatic amputation of leg(s)...,Injury and poisoning,1789,50,1.48,0.0091416707,1.09,1.96
372.10 ,"Chronic conjunctivitis, unspecified",Diseases of the nervous system,141594,3794,1.48,2.409897e-99,1.43,1.53
782.0 ,Disturbance of skin sensation,"Comorbidities, signs, and ill-defined...",1986,55,1.47,0.0082946963,1.1,1.92
401.0 ,Malignant essential hypertension,Diseases of the circulatory system,5790,161,1.47,0.0000044747672,1.25,1.73
215.2 ,Other benign neoplasm of connective...,Neoplasms,1946,54,1.47,0.0077063896,1.1,1.93
692.79 ,Other dermatitis due to solar...,Diseases of the skin and subcutaneous...,5844,162,1.47,0.0000049566807,1.25,1.72
435.9 ,Unspecified transient cerebral...,Diseases of the circulatory system,3130,87,1.47,0.0008076024,1.18,1.82
438 ,Late effects of cerebrovascular...,Diseases of the circulatory system,7480,207,1.47,0.00000027121619,1.27,1.69
706.3 ,Seborrhea,Diseases of the skin and subcutaneous...,11278,312,1.47,0.0000000002851717,1.31,1.64
844.1 ,Sprain of medial collateral ligament...,Injury and poisoning,2489,69,1.47,0.0025733019,1.14,1.87
847.1 ,Sprain of thoracic,Injury and poisoning,4456,124,1.47,0.0000584002,1.22,1.76
472.2 ,Chronic nasopharyngitis,Diseases of the respiratory system,21161,584,1.47,9.594276e-18,1.35,1.6
873.41 ,"Open wound of cheek, without mention...",Injury and poisoning,3036,84,1.47,0.0010841528,1.16,1.82
351.0 ,Bell's palsy,Diseases of the nervous system,4587,127,1.47,0.0000593533,1.22,1.75
550.9 ,"Inguinal hernia, without mention...",Diseases of the digestive system,1981,55,1.47,0.006572989,1.1,1.92
723.4 ,"Brachial neuritis or radiculitis,...",Diseases of the musculoskeletal...,8076,224,1.47,0.000000082657706,1.28,1.68
372.40 ,"Pterygium, unspecified",Diseases of the nervous system,10204,283,1.47,0.0000000014910815,1.3,1.66
581.9 ,Nephrotic syndrome with unspecified...,Diseases of the genitourinary...,3881,108,1.47,0.0001610237,1.21,1.79
588.9 ,Unspecified disorder resulting...,Diseases of the genitourinary...,4122,114,1.47,0.0001282479,1.21,1.77
242.90 ,Thyrotoxicosis without mention...,"Endocrine, nutritional and metabolic...",6624,183,1.46,0.0000016846137,1.26,1.7
696.3 ,Pityriasis rosea,Diseases of the skin and subcutaneous...,3046,84,1.46,0.0011138522,1.16,1.81
698.9 ,Unspecified pruritic disorder,Diseases of the skin and subcutaneous...,40922,1115,1.46,7.263328e-31,1.37,1.55
493.00 ,"Extrinsic asthma, unspecified",Diseases of the respiratory system,5247,145,1.46,0.000020265,1.23,1.73
720.1 ,Spinal enthesopathy,Diseases of the musculoskeletal...,3843,106,1.46,0.0002425038,1.19,1.77
528.3 ,Cellulitis and abscess of oral...,Diseases of the digestive system,1817,50,1.46,0.0124074132,1.08,1.93
371.42 ,Recurrent erosion of cornea,Diseases of the nervous system,3081,85,1.46,0.0011795882,1.16,1.81
372.9 ,Unspecified disorder of conjunctiva,Diseases of the nervous system,3449,95,1.46,0.000580658,1.18,1.79
995.3 ,"Allergy, unspecified, not elsewhere...",Injury and poisoning,13315,367,1.46,0.00000000001320521,1.32,1.63
385.32 ,Cholesteatoma of middle ear,Diseases of the nervous system,2587,71,1.45,0.0030723799,1.13,1.84
780.9 ,Other general symptoms,"Comorbidities, signs, and ill-defined...",11478,313,1.45,0.000000001204031,1.29,1.62
686.0 ,Pyoderma,Diseases of the skin and subcutaneous...,12487,340,1.45,0.0000000002567429,1.29,1.61
788.0 ,Renal colic,"Comorbidities, signs, and ill-defined...",20769,565,1.45,3.873863e-16,1.33,1.57
702.1 ,Seborrheic keratosis,Diseases of the skin and subcutaneous...,4561,125,1.45,0.0000910811,1.21,1.74
717.9 ,Unspecified internal derangement...,Diseases of the musculoskeletal...,3290,90,1.45,0.0010881527,1.16,1.79
882.2 ,Open wound of hand except finger(s)...,Injury and poisoning,1820,50,1.45,0.0125089701,1.07,1.93
719.00 ,"Effusion of joint, site unspecified",Diseases of the musculoskeletal...,2590,71,1.45,0.0030992678,1.13,1.84
365.9 ,Unspecified glaucoma,Diseases of the nervous system,7661,210,1.45,0.00000046414103,1.26,1.67
704.00 ,"Alopecia, unspecified",Diseases of the skin and subcutaneous...,3983,108,1.44,0.0003918635,1.17,1.74
349.89 ,Other specified disorders of nervous...,Diseases of the nervous system,3899,106,1.44,0.0004199838,1.17,1.75
493.90 ,"Asthma, unspecified type, unspecified",Diseases of the respiratory system,41187,1106,1.44,1.722879e-28,1.35,1.53
924.00 ,Contusion of thigh,Injury and poisoning,3018,82,1.44,0.0020976368,1.14,1.79
608.4 ,Other inflammatory disorders of...,Diseases of the genitourinary...,1957,53,1.43,0.012817133,1.07,1.88
698.3 ,Lichenification and lichen simplex...,Diseases of the skin and subcutaneous...,29796,797,1.43,2.045962e-20,1.33,1.53
464.30 ,Acute epiglottitis without mention...,Diseases of the respiratory system,4782,129,1.43,0.0001621466,1.19,1.7
728.89 ,"Other disorders of muscle, ligament,...",Diseases of the musculoskeletal...,12746,344,1.43,0.0000000005831675,1.28,1.6
605 ,Redundant prepuce and phimosis,Diseases of the genitourinary...,4202,113,1.42,0.000443111,1.17,1.72
840.9 ,Sprains and strains of unspecified...,Injury and poisoning,16639,444,1.42,0.00000000000865485,1.29,1.56
455.8 ,Unspecified hemorrhoids with other...,Diseases of the circulatory system,14945,399,1.42,0.00000000009350231,1.28,1.57
873.1 ,"Open wound of scalp, complicated",Injury and poisoning,2355,63,1.42,0.010061538,1.08,1.82
478.4 ,Polyp of vocal cord or larynx,Diseases of the respiratory system,3864,104,1.42,0.0007567819,1.16,1.73
910 ,"Superficial injury of face, neck,...",Injury and poisoning,2416,65,1.42,0.0071651581,1.09,1.82
362.10 ,"Background retinopathy, unspecified",Diseases of the nervous system,2637,71,1.42,0.0052726217,1.11,1.8
362.6 ,Peripheral retinal degeneration,Diseases of the nervous system,1942,52,1.42,0.0159257781,1.05,1.87
724.9 ,Other unspecified back disorders,Diseases of the musculoskeletal...,14041,376,1.42,0.0000000002312372,1.28,1.58
372.11 ,Simple chronic conjunctivitis,Diseases of the nervous system,31499,841,1.42,2.812089e-21,1.33,1.53
727.00 ,"Synovitis and tenosynovitis, unspecified",Diseases of the musculoskeletal...,101703,2662,1.42,9.612923e-60,1.36,1.48
727.06 ,Tenosynovitis of foot and ankle,Diseases of the musculoskeletal...,3864,104,1.42,0.0007567819,1.16,1.73
592.1 ,Calculus of ureter,Diseases of the genitourinary...,51259,1355,1.42,7.057297e-32,1.34,1.5
386.19 ,Other peripheral vertigo,Diseases of the nervous system,2704,72,1.41,0.0059142191,1.1,1.78
681.11 ,Onychia and paronychia of toe,Diseases of the skin and subcutaneous...,6239,166,1.41,0.0000349094,1.2,1.64
462 ,Acute pharyngitis,Diseases of the respiratory system,286807,7146,1.41,3.21829e-132,1.38,1.45
487.0 ,Influenza with pneumonia,Diseases of the respiratory system,3573,95,1.41,0.0017340761,1.13,1.73
892.1 ,Open wound of foot except toe(s)...,Injury and poisoning,4378,117,1.41,0.0004705484,1.17,1.7
362.9 ,Unspecified retinal disorder,Diseases of the nervous system,1842,49,1.41,0.0212419896,1.04,1.87
920 ,"Contusion of face, scalp, and...",Injury and poisoning,22565,600,1.41,0.000000000000003105478,1.3,1.53
367.20 ,"Astigmatism, unspecified",Diseases of the nervous system,2138,57,1.41,0.0138489268,1.06,1.83
922.9 ,Contusion of unspecified part...,Injury and poisoning,8188,218,1.41,0.0000020164127,1.23,1.61
728.85 ,Spasm of muscle,Diseases of the musculoskeletal...,6004,160,1.41,0.0000456094,1.2,1.65
054.2 ,Herpetic gingivostomatitis,Infectious and parasitic diseases,2821,75,1.41,0.0056765506,1.1,1.77
381.01 ,Acute serous otitis media,Diseases of the nervous system,2318,62,1.41,0.0095463684,1.08,1.82
110.4 ,Dermatophytosis of foot,Infectious and parasitic diseases,95795,2486,1.4,6.868049e-53,1.35,1.46
133.0 ,Scabies,Infectious and parasitic diseases,7718,204,1.4,0.0000063353935,1.21,1.61
401.1 ,Benign essential hypertension,Diseases of the circulatory system,37485,984,1.4,1.536981e-22,1.31,1.49
225.0 ,Benign neoplasm of brain,Neoplasms,1847,49,1.4,0.0262275809,1.03,1.86
463 ,Acute tonsillitis,Diseases of the respiratory system,363051,8850,1.4,3.33581e-148,1.37,1.44
370.40 ,"Keratoconjunctivitis, unspecified",Diseases of the nervous system,5149,136,1.4,0.0002307215,1.17,1.66
727.09 ,Other synovitis and tenosynovitis,Diseases of the musculoskeletal...,6882,182,1.4,0.00002124,1.2,1.62
727.3 ,Other bursitis,Diseases of the musculoskeletal...,2233,59,1.4,0.0159705084,1.06,1.81
591 ,Hydronephrosis,Diseases of the genitourinary...,15483,409,1.4,0.0000000001970923,1.27,1.55
034.0 ,Streptococcal sore throat,Infectious and parasitic diseases,2452,65,1.4,0.0095198734,1.08,1.79
466.0 ,Acute bronchitis,Diseases of the respiratory system,451547,10715,1.39,1.62689e-155,1.36,1.42
715.35 ,"Osteoarthrosis, localized, not...",Diseases of the musculoskeletal...,4192,110,1.39,0.0012278174,1.14,1.68
715.38 ,"Osteoarthrosis, localized, not...",Diseases of the musculoskeletal...,2618,69,1.39,0.0097710984,1.08,1.77
914.0 ,Abrasion or friction burn of hand(s)...,Injury and poisoning,5746,151,1.39,0.0001308541,1.17,1.64
097.9 ,"Syphilis, unspecified",Infectious and parasitic diseases,2334,61,1.38,0.0152413353,1.05,1.78
388.70 ,"Otalgia, unspecified",Diseases of the nervous system,2296,60,1.38,0.0175545771,1.05,1.79
682.1 ,Cellulitis and abscess of neck,Diseases of the skin and subcutaneous...,2032,53,1.38,0.027815822,1.03,1.81
402.91 ,Unspecified hypertensive heart...,Diseases of the circulatory system,2229,58,1.38,0.0198367771,1.04,1.79
215.0 ,Other benign neoplasm of connective...,Neoplasms,4212,110,1.38,0.0012818661,1.13,1.67
436 ,"Acute, but ill-defined, cerebrovascular...",Diseases of the circulatory system,6886,179,1.38,0.0000567899,1.18,1.6
844.0 ,Sprain of lateral collateral ligament...,Injury and poisoning,2069,54,1.38,0.0239070233,1.03,1.81
465.9 ,Acute upper respiratory infections...,Diseases of the respiratory system,985333,20891,1.38,1.75108e-145,1.34,1.41
719.48 ,"Pain in joint, other specified...",Diseases of the musculoskeletal...,5406,141,1.38,0.0003236531,1.16,1.63
726.6 ,Enthesopathy of knee,Diseases of the musculoskeletal...,2113,55,1.38,0.0253010011,1.03,1.8
933.0 ,Foreign body in pharynx,Injury and poisoning,15788,412,1.38,0.0000000007514727,1.25,1.53
373.00 ,"Blepharitis, unspecified",Diseases of the nervous system,15647,406,1.38,0.0000000019114707,1.24,1.52
842.09 ,Other sprains and strains of wrist,Injury and poisoning,3636,94,1.37,0.0042242373,1.1,1.68
708.8 ,Other specified urticaria,Diseases of the skin and subcutaneous...,11485,297,1.37,0.00000038034261,1.22,1.54
464.4 ,Croup,Diseases of the respiratory system,2703,70,1.37,0.0134515731,1.06,1.74
715.10 ,"Osteoarthrosis, localized, primary,...",Diseases of the musculoskeletal...,2813,73,1.37,0.0104567567,1.07,1.73
922.8 ,Contusion of multiple sites of...,Injury and poisoning,3509,91,1.37,0.0043742816,1.1,1.69
571.49 ,Other chronic hepatitis,Diseases of the digestive system,17844,462,1.37,0.0000000001869821,1.25,1.51
229.8 ,Benign neoplasm of other specified...,Neoplasms,5784,149,1.36,0.0003556279,1.15,1.6
708.0 ,Allergic urticaria,Diseases of the skin and subcutaneous...,38428,984,1.36,1.530134e-19,1.28,1.45
709.0 ,Dyschromia,Diseases of the skin and subcutaneous...,4856,125,1.36,0.0010956998,1.13,1.63
716.90 ,"Arthropathy, unspecified, site...",Diseases of the musculoskeletal...,47744,1217,1.36,2.754523e-23,1.28,1.44
555.2 ,Regional enteritis of small intestine...,Diseases of the digestive system,3954,102,1.36,0.0029264943,1.11,1.66
726.31 ,Medial epicondylitis,Diseases of the musculoskeletal...,2643,68,1.36,0.0153088294,1.05,1.73
931 ,Foreign body in ear,Injury and poisoning,6210,160,1.36,0.0002321181,1.16,1.6
727.03 ,Trigger finger (acquired),Diseases of the musculoskeletal...,5523,142,1.36,0.0005452766,1.14,1.61
727.89 ,"Other disorders of synovium, tendon,...",Diseases of the musculoskeletal...,3188,82,1.36,0.0077808769,1.08,1.69
595.9 ,"Cystitis, unspecified",Diseases of the genitourinary...,17297,443,1.36,0.0000000017272816,1.23,1.49
038.9 ,Unspecified septicemia,Infectious and parasitic diseases,5458,140,1.36,0.0006134424,1.14,1.6
110.5 ,Dermatophytosis of the body,Infectious and parasitic diseases,28826,735,1.35,0.00000000000001522165,1.26,1.46
680.2 ,Carbuncle and furuncle of trunk,Diseases of the skin and subcutaneous...,1913,49,1.35,0.0439496135,1,1.8
111.9 ,"Dermatomycosis, unspecified",Infectious and parasitic diseases,9917,253,1.35,0.0000067528729,1.19,1.53
274.9 ,"Gout, unspecified","Endocrine, nutritional and metabolic...",117407,2937,1.35,6.431433e-50,1.3,1.41
461.9 ,"Acute sinusitis, unspecified",Diseases of the respiratory system,263719,6398,1.35,3.153606e-95,1.32,1.39
719.49 ,"Pain in joint, multiple sites",Diseases of the musculoskeletal...,11467,293,1.35,0.0000010939707,1.2,1.52
722.10 ,Displacement of lumbar intervertebral...,Diseases of the musculoskeletal...,26401,673,1.35,0.0000000000002094712,1.25,1.46
916.1 ,"Abrasion or friction burn of hip,...",Injury and poisoning,2965,76,1.35,0.0126227761,1.06,1.7
365.00 ,"Preglaucoma, unspecified",Diseases of the nervous system,1843,47,1.35,0.0493691286,0.99,1.8
724.8 ,Other symptoms referable to back,Diseases of the musculoskeletal...,2854,73,1.35,0.0135186463,1.06,1.71
733.00 ,"Osteoporosis, unspecified",Diseases of the musculoskeletal...,8053,206,1.35,0.0000426042,1.17,1.55
597.89 ,Other urethritis,Diseases of the genitourinary...,4111,105,1.35,0.0035184381,1.1,1.64
686.8 ,Other specified local infections...,Diseases of the skin and subcutaneous...,37852,955,1.34,2.273688e-17,1.26,1.43
788.9 ,Other symptoms involving urinary...,"Comorbidities, signs, and ill-defined...",2604,66,1.34,0.0257638321,1.03,1.71
692.9 ,"Contact dermatitis and other eczema,...",Diseases of the skin and subcutaneous...,265685,6376,1.34,4.886417e-87,1.3,1.37
705.81 ,Dyshidrosis,Diseases of the skin and subcutaneous...,23801,601,1.34,0.00000000001806187,1.23,1.45
455.1 ,Internal thrombosed hemorrhoids,Diseases of the circulatory system,2166,55,1.34,0.0402716594,1.01,1.75
843.9 ,Sprains and strains of unspecified...,Injury and poisoning,6124,155,1.34,0.0006161327,1.13,1.57
455.5 ,External hemorrhoids with other...,Diseases of the circulatory system,3386,86,1.34,0.0097202685,1.07,1.66
847.0 ,Sprain of neck,Injury and poisoning,24872,628,1.34,0.000000000006958096,1.23,1.45
933.1 ,Foreign body in larynx,Injury and poisoning,12646,320,1.34,0.00000079735694,1.19,1.5
592.9 ,"Urinary calculus, unspecified",Diseases of the genitourinary...,56339,1415,1.34,1.479671e-24,1.27,1.42
729.5 ,Pain in limb,Diseases of the musculoskeletal...,17068,433,1.34,0.0000000075349366,1.22,1.48
388.2 ,"Sudden hearing loss, unspecified",Diseases of the nervous system,2426,61,1.33,0.0369344705,1.01,1.71
698.2 ,Prurigo,Diseases of the skin and subcutaneous...,54867,1365,1.33,2.836568e-22,1.26,1.4
465.8 ,Acute upper respiratory infections...,Diseases of the respiratory system,117159,2883,1.33,1.033594e-43,1.28,1.38
350.1 ,Trigeminal neuralgia,Diseases of the nervous system,2416,61,1.33,0.0305326848,1.02,1.72
362.01 ,Background diabetic retinopathy,Diseases of the nervous system,4424,111,1.33,0.0048980958,1.09,1.6
371.89 ,Other corneal disorders,Diseases of the nervous system,5929,149,1.33,0.001007917,1.12,1.56
930.1 ,Foreign body in conjunctival sac,Injury and poisoning,62201,1553,1.33,7.235047e-26,1.27,1.41
110.3 ,Dermatophytosis of groin and perianal...,Infectious and parasitic diseases,44091,1092,1.32,1.781577e-17,1.24,1.4
111.0 ,Pityriasis versicolor,Infectious and parasitic diseases,26657,665,1.32,0.00000000001160249,1.22,1.43
682.5 ,Cellulitis and abscess of buttock,Diseases of the skin and subcutaneous...,1796,45,1.32,0.069178546,0.96,1.78
242.00 ,Toxic diffuse goiter without mention...,"Endocrine, nutritional and metabolic...",2689,67,1.32,0.0337506579,1.02,1.68
842.00 ,"Sprain of wrist, unspecified site",Injury and poisoning,4837,121,1.32,0.003706319,1.09,1.58
883.1 ,"Open wound of finger(s), complicated",Injury and poisoning,9824,246,1.32,0.0000329799,1.16,1.5
893.1 ,"Open wound of toe(s), complicated",Injury and poisoning,2114,53,1.32,0.0465070412,0.99,1.74
917.0 ,Abrasion or friction burn of foot...,Injury and poisoning,6466,162,1.32,0.000729495,1.13,1.55
919.4 ,"Insect bite, nonvenomous, of other,...",Injury and poisoning,12226,305,1.32,0.0000045010897,1.17,1.48
923.00 ,Contusion of shoulder region,Injury and poisoning,8703,217,1.32,0.0001146393,1.15,1.51
372.30 ,"Conjunctivitis, unspecified",Diseases of the nervous system,131806,3207,1.32,5.460926e-45,1.27,1.37
372.39 ,Other conjunctivitis,Diseases of the nervous system,4813,120,1.32,0.0042854853,1.09,1.58
989.5 ,Toxic effect of venom,Injury and poisoning,5195,130,1.32,0.0026620628,1.1,1.57
728.71 ,Plantar fascial fibromatosis,Diseases of the musculoskeletal...,2362,59,1.32,0.0415519394,1,1.71
374.05 ,Trichiasis of eyelid without entropion,Diseases of the nervous system,10469,262,1.32,0.0000191947,1.17,1.5
595.0 ,Acute cystitis,Diseases of the genitourinary...,26072,651,1.32,0.00000000001776518,1.22,1.43
388.40 ,"Abnormal auditory perception,...",Diseases of the nervous system,1856,46,1.31,0.0742407257,0.95,1.75
682.3 ,Cellulitis and abscess of upper...,Diseases of the skin and subcutaneous...,1976,49,1.31,0.0694358097,0.96,1.74
692.70 ,Unspecified dermatitis due to...,Diseases of the skin and subcutaneous...,2493,62,1.31,0.0396919497,1,1.69
250.00 ,Diabetes mellitus without mention...,"Endocrine, nutritional and metabolic...",90775,2220,1.31,5.82473e-32,1.26,1.37
250.70 ,Diabetes with peripheral circulatory...,"Endocrine, nutritional and metabolic...",3696,92,1.31,0.0133400579,1.06,1.62
464.11 ,Acute tracheitis with obstruction,Diseases of the respiratory system,9695,241,1.31,0.0000563401,1.15,1.49
848.9 ,Unspecified site of sprain and...,Injury and poisoning,114200,2769,1.31,1.403388e-37,1.26,1.36
477.0 ,Allergic rhinitis due to pollen,Diseases of the respiratory system,2208,55,1.31,0.0509810531,0.99,1.72
719.90 ,"Unspecified disorder of joint,...",Diseases of the musculoskeletal...,2897,72,1.31,0.0291383622,1.02,1.66
720.9 ,Unspecified inflammatory spondylopathy,Diseases of the musculoskeletal...,2294,57,1.31,0.0467126942,0.99,1.71
918.1 ,Superficial injury of cornea,Injury and poisoning,30016,743,1.31,0.000000000003015019,1.22,1.41
924.21 ,Contusion of ankle,Injury and poisoning,4731,117,1.31,0.0055870401,1.08,1.57
726.32 ,Lateral epicondylitis,Diseases of the musculoskeletal...,16186,402,1.31,0.00000022432675,1.19,1.45
583.9 ,"Nephritis and nephropathy, not...",Diseases of the genitourinary...,6472,161,1.31,0.0010193992,1.12,1.54
382.4 ,Unspecified suppurative otitis...,Diseases of the nervous system,2970,73,1.3,0.0314305612,1.01,1.64
402.90 ,Unspecified hypertensive heart...,Diseases of the circulatory system,52765,1286,1.3,2.763983e-18,1.23,1.37
696.1 ,Other psoriasis,Diseases of the skin and subcutaneous...,9189,226,1.3,0.0001748753,1.13,1.48
455.2 ,Internal hemorrhoids with other...,Diseases of the circulatory system,10867,267,1.3,0.0000506032,1.15,1.47
845.0 ,Sprains and strains of ankle,Injury and poisoning,2880,71,1.3,0.0340808144,1.01,1.65
464.0 ,Acute laryngitis,Diseases of the respiratory system,173215,4131,1.3,1.938233e-50,1.26,1.34
882.1 ,Open wound of hand except finger(s)...,Injury and poisoning,3948,97,1.3,0.014229092,1.05,1.59
366.10 ,"Senile cataract, unspecified",Diseases of the nervous system,7625,187,1.3,0.0007707877,1.11,1.5
053.9 ,Herpes zoster without mention...,Infectious and parasitic diseases,18624,459,1.3,0.000000078318877,1.19,1.43
110.0 ,Dermatophytosis of scalp and beard,Infectious and parasitic diseases,2370,58,1.29,0.0597196347,0.98,1.68
117.9 ,Other and unspecified mycoses,Infectious and parasitic diseases,6405,156,1.29,0.0028761761,1.09,1.51
401.9 ,Unspecified essential hypertension,Diseases of the circulatory system,172053,4079,1.29,2.344784e-47,1.25,1.33
682.4 ,"Cellulitis and abscess of hand,...",Diseases of the skin and subcutaneous...,2704,66,1.29,0.0482823877,0.99,1.64
692.3 ,Contact dermatitis and other eczema...,Diseases of the skin and subcutaneous...,7268,178,1.29,0.0010696365,1.11,1.5
844.2 ,Sprain of cruciate ligament of...,Injury and poisoning,2380,58,1.29,0.0606609988,0.97,1.67
708.1 ,Idiopathic urticaria,Diseases of the skin and subcutaneous...,5654,138,1.29,0.0046497221,1.08,1.53
708.9 ,"Urticaria, unspecified",Diseases of the skin and subcutaneous...,101636,2448,1.29,1.822608e-31,1.24,1.35
891.1 ,"Open wound of knee, leg [except...",Injury and poisoning,6403,156,1.29,0.0028715556,1.09,1.51
372.72 ,Conjunctival hemorrhage,Diseases of the nervous system,37557,911,1.29,0.0000000000007579611,1.2,1.38
604.90 ,"Orchitis and epididymitis, unspecified",Diseases of the genitourinary...,4696,114,1.28,0.0118639058,1.05,1.54
682.8 ,Cellulitis and abscess of other...,Diseases of the skin and subcutaneous...,7155,174,1.28,0.0017820258,1.1,1.49
466.1 ,Acute bronchiolitis,Diseases of the respiratory system,59886,1440,1.28,2.067752e-18,1.21,1.35
511.0 ,Pleurisy without mention of effusion...,Diseases of the respiratory system,2222,54,1.28,0.0739123385,0.96,1.68
722.90 ,"Other and unspecified disc disorder,...",Diseases of the musculoskeletal...,3456,84,1.28,0.0289921031,1.02,1.59
528.6 ,"Leukoplakia of oral mucosa, including...",Diseases of the digestive system,2019,49,1.28,0.0872707397,0.94,1.7
726.10 ,Disorders of bursae and tendons...,Diseases of the musculoskeletal...,10384,252,1.28,0.0001776586,1.13,1.45
372.71 ,Hyperemia of conjunctiva,Diseases of the nervous system,2472,60,1.28,0.0651606192,0.97,1.65
008.6 ,"Virus Enteritis, specified",Infectious and parasitic diseases,2021,49,1.28,0.1025555266,0.94,1.7
216.6 ,Benign neoplasm of skin of upper...,Neoplasms,3239,78,1.27,0.0394830569,1,1.59
815.00 ,Closed fracture of metacarpal...,Injury and poisoning,2701,65,1.27,0.0664773347,0.98,1.62
454.9 ,Asymptomatic varicose veins,Diseases of the circulatory system,1956,47,1.27,0.1151148792,0.93,1.69
707.1 ,"Ulcer of lower limbs, except decubitus",Diseases of the skin and subcutaneous...,2318,56,1.27,0.0797780824,0.96,1.66
847.2 ,Sprain of lumbar,Injury and poisoning,52665,1254,1.27,0.000000000000005337646,1.19,1.34
879.6 ,Open wound of other and unspecified...,Injury and poisoning,3112,75,1.27,0.0485346797,1,1.6
723.5 ,"Torticollis, unspecified",Diseases of the musculoskeletal...,3332,80,1.27,0.0420734415,1,1.58
922.3 ,Contusion of back,Injury and poisoning,13608,327,1.27,0.0000417899,1.13,1.42
923.9 ,Contusion of unspecified part...,Injury and poisoning,7625,183,1.27,0.0021624888,1.09,1.47
372.02 ,Acute follicular conjunctivitis,Diseases of the nervous system,5171,124,1.27,0.0124308704,1.05,1.51
930.0 ,Corneal foreign body,Injury and poisoning,102178,2412,1.27,2.405783e-26,1.21,1.32
958.3 ,Posttraumatic wound infection...,Injury and poisoning,16019,384,1.27,0.0000100094,1.14,1.4
041.9 ,"Bacterial infection, unspecified,...",Infectious and parasitic diseases,10942,264,1.27,0.0001719819,1.12,1.44
382.00 ,Acute suppurative otitis media...,Diseases of the nervous system,5078,121,1.26,0.0155812382,1.04,1.51
162.9 ,Malignant neoplasm of bronchus...,Neoplasms,2544,61,1.26,0.0808865292,0.96,1.63
841.9 ,Sprains and strains of unspecified...,Injury and poisoning,6094,146,1.26,0.0064422666,1.06,1.49
455.4 ,External thrombosed hemorrhoids,Diseases of the circulatory system,2139,51,1.26,0.1127787032,0.93,1.66
723.9 ,Unspecified musculoskeletal disorders...,Diseases of the musculoskeletal...,3005,72,1.26,0.0526654574,0.99,1.6
372.20 ,"Blepharoconjunctivitis, unspecified",Diseases of the nervous system,8470,202,1.26,0.0018622777,1.09,1.45
011.90 ,"Pulmonary tuberculosis, unspecified,...",Infectious and parasitic diseases,6276,150,1.26,0.0063107694,1.06,1.48
110.9 ,Dermatophytosis of unspecified...,Infectious and parasitic diseases,48693,1150,1.25,0.0000000000005575078,1.18,1.33
692.5 ,Contact dermatitis and other eczema...,Diseases of the skin and subcutaneous...,3872,92,1.25,0.0391150247,1.01,1.54
295.90 ,"Unspecified schizophrenia, unspecified",Mental disorders,3239,77,1.25,0.0534505096,0.99,1.57
345.90 ,"Epilepsy, unspecified, without...",Diseases of the nervous system,5709,135,1.25,0.0133294851,1.04,1.48
719.40 ,"Pain in joint, site unspecified",Diseases of the musculoskeletal...,65549,1541,1.25,2.033116e-16,1.19,1.32
360.89 ,Other disorders of globe,Diseases of the nervous system,3292,78,1.25,0.0554137853,0.98,1.56
922.1 ,Contusion of chest wall,Injury and poisoning,42534,1004,1.25,0.00000000001949274,1.17,1.33
367.9 ,Unspecified disorder of refraction...,Diseases of the nervous system,19413,458,1.25,0.0000070275123,1.13,1.37
379.21 ,Vitreous degeneration,Diseases of the nervous system,3506,83,1.25,0.0478669856,0.99,1.55
597.80 ,"Urethritis, unspecified",Diseases of the genitourinary...,16237,383,1.25,0.0000413833,1.12,1.38
682.9 ,Cellulitis and abscess of unspecified...,Diseases of the skin and subcutaneous...,57464,1344,1.24,0.00000000000007443962,1.18,1.31
216.4 ,Benign neoplasm of scalp and skin...,Neoplasms,2882,68,1.24,0.0762695295,0.96,1.58
216.9 ,"Benign neoplasm of skin, site...",Neoplasms,27756,652,1.24,0.00000015002557,1.15,1.34
825.25 ,Closed fracture of metatarsal...,Injury and poisoning,2939,69,1.24,0.0907895763,0.96,1.57
845.00 ,"Sprain of ankle, unspecified site",Injury and poisoning,12455,293,1.24,0.0003786458,1.1,1.4
879.9 ,Open wound(s) (multiple) of unspecified...,Injury and poisoning,1782,42,1.24,0.1648281479,0.89,1.69
367.89 ,Other disorders of refraction...,Diseases of the nervous system,5518,130,1.24,0.0177796927,1.04,1.48
370.24 ,Photokeratitis,Diseases of the nervous system,2389,56,1.24,0.1158948849,0.93,1.61
924.4 ,Contusion of multiple sites of...,Injury and poisoning,2968,70,1.24,0.0800803193,0.97,1.58
389.9 ,Unspecified hearing loss,Diseases of the nervous system,10878,254,1.23,0.0015274159,1.08,1.4
410.90 ,Acute myocardial infarction of...,Diseases of the circulatory system,2055,48,1.23,0.1689095675,0.9,1.64
250.50 ,"Diabetes with ophthalmic manifestations,...","Endocrine, nutritional and metabolic...",2438,57,1.23,0.1193675322,0.93,1.6
709.9 ,Unspecified disorder of skin and...,Diseases of the skin and subcutaneous...,50694,1175,1.23,0.00000000002492905,1.16,1.3
719.41 ,"Pain in joint, shoulder region",Diseases of the musculoskeletal...,11461,268,1.23,0.0009885349,1.09,1.39
924.10 ,Contusion of lower leg,Injury and poisoning,5019,117,1.23,0.0298627803,1.01,1.48
924.11 ,Contusion of knee,Injury and poisoning,12936,302,1.23,0.0005453137,1.1,1.38
373.12 ,Hordeolum internum,Diseases of the nervous system,40346,935,1.23,0.0000000031417859,1.15,1.31
845.09 ,Other sprains and strains of ankle,Injury and poisoning,6784,157,1.22,0.0161920641,1.03,1.43
476.1 ,Chronic laryngotracheitis,Diseases of the respiratory system,2285,53,1.22,0.1456963027,0.91,1.6
487.1 ,Influenza with other respiratory...,Diseases of the respiratory system,163728,3698,1.22,6.898684e-27,1.17,1.26
380.10 ,"Infective otitis externa, unspecified",Diseases of the nervous system,72218,1660,1.22,0.00000000000001780307,1.16,1.29
692.8 ,"Contact dermatitis and other eczema,...",Diseases of the skin and subcutaneous...,3996,92,1.21,0.0722317974,0.98,1.49
464.20 ,Acute laryngotracheitis without...,Diseases of the respiratory system,61661,1407,1.21,0.00000000001346714,1.15,1.28
921.3 ,Contusion of eyeball,Injury and poisoning,3669,84,1.21,0.0905085974,0.96,1.5
945.00 ,Burn of unspecified degree of...,Injury and poisoning,2578,59,1.21,0.1699932886,0.91,1.56
729.8 ,Other musculoskeletal symptoms...,Diseases of the musculoskeletal...,1824,42,1.21,0.2291210176,0.87,1.65
594.1 ,Other calculus in bladder,Diseases of the genitourinary...,2350,54,1.21,0.1733306223,0.91,1.59
608.9 ,Unspecified disorder of male genital...,Diseases of the genitourinary...,6656,152,1.2,0.0276039294,1.02,1.41
681.9 ,Cellulitis and abscess of unspecified...,Diseases of the skin and subcutaneous...,6946,158,1.2,0.0277775341,1.02,1.4
682.2 ,Cellulitis and abscess of trunk,Diseases of the skin and subcutaneous...,2423,55,1.2,0.1811211897,0.9,1.56
789.9 ,Other symptoms involving abdomen...,"Comorbidities, signs, and ill-defined...",2467,56,1.2,0.184391062,0.9,1.56
704.01 ,Alopecia areata,Diseases of the skin and subcutaneous...,2952,67,1.2,0.1564825833,0.92,1.52
705.1 ,Prickly heat,Diseases of the skin and subcutaneous...,5912,135,1.2,0.0359880514,1.01,1.43
847.9 ,Sprain of unspecified site of...,Injury and poisoning,10151,231,1.2,0.0078143403,1.05,1.37
873.43 ,"Open wound of lip, without mention...",Injury and poisoning,2376,54,1.2,0.2009397063,0.9,1.57
719.88 ,"Other specified disorders of joint,...",Diseases of the musculoskeletal...,2627,60,1.2,0.1532169985,0.92,1.55
380.4 ,Impacted cerumen,Diseases of the nervous system,38820,880,1.2,0.00000031533218,1.12,1.28
680.9 ,Carbuncle and furuncle of unspecified...,Diseases of the skin and subcutaneous...,32514,732,1.19,0.0000078450303,1.1,1.28
681.02 ,Onychia and paronychia of finger,Diseases of the skin and subcutaneous...,3888,88,1.19,0.1123824788,0.95,1.47
682.6 ,"Cellulitis and abscess of leg,...",Diseases of the skin and subcutaneous...,9026,203,1.19,0.0185302482,1.03,1.36
692.1 ,Contact dermatitis and other eczema...,Diseases of the skin and subcutaneous...,2292,52,1.19,0.1940539252,0.89,1.57
540.9 ,Acute appendicitis without mention...,Diseases of the digestive system,5048,114,1.19,0.0709802094,0.98,1.43
919.0 ,"Abrasion or friction burn of other,...",Injury and poisoning,20209,457,1.19,0.0002878965,1.08,1.31
924.20 ,Contusion of foot,Injury and poisoning,8344,189,1.19,0.0178663648,1.03,1.38
727.01 ,Synovitis and tenosynovitis in...,Diseases of the musculoskeletal...,3007,68,1.19,0.1603794634,0.92,1.51
382.9 ,Unspecified otitis media,Diseases of the nervous system,32893,736,1.18,0.0000154895,1.1,1.27
680.8 ,Carbuncle and furuncle of other...,Diseases of the skin and subcutaneous...,2672,60,1.18,0.2018973464,0.9,1.53
682.7 ,"Cellulitis and abscess of foot,...",Diseases of the skin and subcutaneous...,4735,106,1.18,0.0986777006,0.96,1.43
692.89 ,Contact dermatitis and other eczema...,Diseases of the skin and subcutaneous...,18457,412,1.18,0.0015275949,1.06,1.3
694.0 ,Dermatitis herpetiformis,Diseases of the skin and subcutaneous...,1876,42,1.18,0.2724796443,0.85,1.6
278.0 ,Obesity,"Endocrine, nutritional and metabolic...",5076,114,1.18,0.080271251,0.97,1.42
715.96 ,"Osteoarthrosis, unspecified whether...",Diseases of the musculoskeletal...,7481,168,1.18,0.0340246935,1.01,1.38
881.0 ,"Open wound of elbow, forearm,...",Injury and poisoning,2095,47,1.18,0.2621214627,0.86,1.58
923.3 ,Contusion of finger,Injury and poisoning,4694,105,1.18,0.097506169,0.96,1.43
927.20 ,Crushing injury of hand(s),Injury and poisoning,2583,58,1.18,0.220026199,0.89,1.53
110.2 ,Dermatophytosis of hand,Infectious and parasitic diseases,5637,125,1.17,0.0876913123,0.97,1.39
824.8 ,"Unspecified fracture of ankle,...",Injury and poisoning,1844,41,1.17,0.306175184,0.84,1.59
250.90 ,"Diabetes with unspecified complication,...","Endocrine, nutritional and metabolic...",23124,513,1.17,0.0006329345,1.07,1.28
373.2 ,Chalazion,Diseases of the nervous system,12540,278,1.17,0.0126645431,1.03,1.32
214.9 ,"Lipoma, unspecified site",Neoplasms,4251,94,1.16,0.1441749308,0.94,1.43
455.3 ,External hemorrhoids without mention...,Diseases of the circulatory system,3123,69,1.16,0.2129845259,0.9,1.48
715.11 ,"Osteoarthrosis, localized, primary,...",Diseases of the musculoskeletal...,1858,41,1.16,0.3493311184,0.83,1.58
519.9 ,Unspecified disease of respiratory...,Diseases of the respiratory system,5549,122,1.16,0.1153088297,0.96,1.39
923.11 ,Contusion of elbow,Injury and poisoning,4494,99,1.16,0.1550729033,0.94,1.42
924.01 ,Contusion of hip,Injury and poisoning,2954,65,1.16,0.2515384482,0.89,1.48
381.4 ,"Nonsuppurative otitis media, not...",Diseases of the nervous system,3783,83,1.15,0.1903287823,0.92,1.44
077.1 ,Epidemic keratoconjunctivitis,Infectious and parasitic diseases,15755,345,1.15,0.0099687415,1.03,1.28
099.9 ,"Venereal disease, unspecified",Infectious and parasitic diseases,1929,42,1.15,0.3595858387,0.82,1.55
686.9 ,Unspecified local infection of...,Diseases of the skin and subcutaneous...,89432,1936,1.15,0.000000011673496,1.1,1.2
239.2 ,Neoplasm of unspecified nature...,Neoplasms,3979,87,1.15,0.2011366977,0.92,1.42
244.9 ,Unspecified acquired hypothyroidism,"Endocrine, nutritional and metabolic...",1831,40,1.15,0.3913973416,0.82,1.57
274.10 ,"Gouty nephropathy, unspecified","Endocrine, nutritional and metabolic...",2155,47,1.15,0.3435677995,0.84,1.53
844.9 ,Sprains and strains of unspecified...,Injury and poisoning,13538,295,1.15,0.0212089309,1.02,1.29
295.30 ,"Paranoid type schizophrenia, unspecified",Mental disorders,2152,47,1.15,0.3430808689,0.84,1.53
464.10 ,Acute tracheitis without mention...,Diseases of the respiratory system,128326,2781,1.15,0.000000000002782794,1.11,1.2
923.21 ,Contusion of wrist,Injury and poisoning,3648,80,1.15,0.2028231389,0.91,1.44
372.8 ,Other disorders of conjunctiva,Diseases of the nervous system,3922,86,1.15,0.1978419066,0.92,1.43
380.13 ,Other acute infections of external...,Diseases of the nervous system,2336,51,1.15,0.3242910959,0.85,1.52
608.89 ,Other specified disorders of male...,Diseases of the genitourinary...,2022,44,1.14,0.3699360168,0.83,1.54
892.0 ,Open wound of foot except toe(s)...,Injury and poisoning,23107,498,1.14,0.006161091,1.04,1.24
829.0 ,"Fracture of unspecified bone,...",Injury and poisoning,3868,83,1.13,0.2635104658,0.9,1.4
842.10 ,"Sprain of hand, unspecified site",Injury and poisoning,2883,62,1.13,0.3392653647,0.86,1.45
716.10 ,"Traumatic arthropathy, site unspecified",Diseases of the musculoskeletal...,4106,88,1.13,0.2771066323,0.9,1.39
880.03 ,"Open wound of upper arm, without...",Injury and poisoning,3124,67,1.13,0.3254847601,0.87,1.44
478.9 ,Other and unspecified diseases...,Diseases of the respiratory system,12293,265,1.13,0.0468679303,1,1.28
370.00 ,"Corneal ulcer, unspecified",Diseases of the nervous system,5476,118,1.13,0.181092405,0.94,1.36
927.3 ,Crushing injury of finger(s),Injury and poisoning,8513,183,1.13,0.1031069162,0.97,1.31
780.8 ,Generalized hyperhidrosis,"Comorbidities, signs, and ill-defined...",1932,41,1.12,0.4539766875,0.8,1.52
883.2 ,"Open wound of finger(s), with...",Injury and poisoning,3767,80,1.12,0.33933665,0.88,1.39
381.00 ,"Acute nonsuppurative otitis media,...",Diseases of the nervous system,3197,68,1.12,0.3641627181,0.87,1.42
821.00 ,Closed fracture of unspecified...,Injury and poisoning,2276,48,1.11,0.4892002563,0.81,1.48
879.8 ,Open wound(s) (multiple) of unspecified...,Injury and poisoning,19227,404,1.11,0.0495470663,1,1.22
370.49 ,Other keratoconjunctivitis,Diseases of the nervous system,4724,100,1.11,0.2863326309,0.9,1.36
924.5 ,Contusion of unspecified part...,Injury and poisoning,7513,159,1.11,0.189622557,0.94,1.3
216.3 ,Benign neoplasm of skin of other...,Neoplasms,4949,104,1.1,0.3221814165,0.9,1.34
691.8 ,Other atopic dermatitis and related...,Diseases of the skin and subcutaneous...,29763,620,1.1,0.0260363247,1.01,1.19
434.0 ,Cerebral thrombosis,Diseases of the circulatory system,3308,69,1.1,0.4445840437,0.85,1.39
434.9 ,"Cerebral artery occlusion, unspecified",Diseases of the circulatory system,7536,158,1.1,0.2208161845,0.94,1.29
854.09 ,Intracranial injury of other and...,Injury and poisoning,3348,70,1.1,0.4110361704,0.85,1.39
875.0 ,"Open wound of chest (wall), without...",Injury and poisoning,1869,39,1.1,0.5529381453,0.78,1.51
523.0 ,Acute gingivitis,Diseases of the digestive system,7705,161,1.1,0.2420641588,0.93,1.28
590.9 ,"Infection of kidney, unspecified",Diseases of the genitourinary...,2776,58,1.1,0.486644733,0.83,1.42
215.9 ,Other benign neoplasm of connective...,Neoplasms,5653,117,1.09,0.3546754758,0.9,1.31
816.00 ,Closed fracture of phalanx or...,Injury and poisoning,5649,117,1.09,0.3543687316,0.9,1.31
840.0 ,Acromioclavicular (joint) (ligament)...,Injury and poisoning,2166,45,1.09,0.5293012095,0.79,1.47
716.60 ,"Unspecified monoarthritis, site...",Diseases of the musculoskeletal...,2451,51,1.09,0.5056422806,0.81,1.44
482.9 ,"Bacterial pneumonia, unspecified",Diseases of the respiratory system,3662,76,1.09,0.4317247132,0.86,1.37
487.8 ,Influenza with other manifestations,Diseases of the respiratory system,24321,505,1.09,0.0526446485,1,1.19
370.20 ,"Superficial keratitis, unspecified",Diseases of the nervous system,8586,178,1.09,0.2511958483,0.93,1.26
924.3 ,Contusion of toe,Injury and poisoning,2548,53,1.09,0.5135284136,0.82,1.43
726.5 ,Enthesopathy of hip region,Diseases of the musculoskeletal...,1973,41,1.09,0.5635761697,0.78,1.49
216.7 ,Benign neoplasm of skin of lower...,Neoplasms,2394,49,1.08,0.6001640051,0.79,1.43
873.42 ,"Open wound of forehead, without...",Injury and poisoning,6155,126,1.08,0.4007444878,0.89,1.28
716.50 ,Unspecified polyarthropathy or...,Diseases of the musculoskeletal...,2475,51,1.08,0.5558619744,0.8,1.43
880.00 ,"Open wound of shoulder region,...",Injury and poisoning,2477,51,1.08,0.5561126061,0.8,1.43
912.0 ,Abrasion or friction burn of shoulder...,Injury and poisoning,2716,56,1.08,0.5272946729,0.82,1.41
823.80 ,Closed fracture of unspecified...,Injury and poisoning,2601,53,1.07,0.6149958742,0.8,1.4
842.01 ,Sprain of carpal (joint) of wrist,Injury and poisoning,2108,43,1.07,0.6321392345,0.77,1.45
845.10 ,"Sprain of foot, unspecified site",Injury and poisoning,4091,83,1.07,0.5666718732,0.85,1.32
719.46 ,"Pain in joint, lower leg",Diseases of the musculoskeletal...,15154,309,1.07,0.2324257752,0.95,1.2
372.00 ,"Acute conjunctivitis, unspecified",Diseases of the nervous system,119200,2412,1.07,0.0022794066,1.02,1.11
719.43 ,"Pain in joint, forearm",Diseases of the musculoskeletal...,1828,37,1.06,0.6687904495,0.75,1.47
884.0 ,Multiple and unspecified open...,Injury and poisoning,42557,861,1.06,0.0752557562,0.99,1.14
719.99 ,"Unspecified disorder of joint,...",Diseases of the musculoskeletal...,4115,83,1.06,0.6071355179,0.84,1.32
523.9 ,Unspecified gingival and periodontal...,Diseases of the digestive system,7355,149,1.06,0.4416975176,0.9,1.25
726.71 ,Achilles bursitis or tendinitis,Diseases of the musculoskeletal...,2814,57,1.06,0.6287903878,0.8,1.38
599.9 ,Unspecified disorder of urethra...,Diseases of the genitourinary...,8917,179,1.05,0.4844006793,0.9,1.22
110.8 ,Dermatophytosis of other specified...,Infectious and parasitic diseases,3595,72,1.05,0.6687854754,0.82,1.33
372.05 ,Acute atopic conjunctivitis,Diseases of the nervous system,2156,43,1.05,0.7522210334,0.76,1.42
943.00 ,Burn of unspecified degree of...,Injury and poisoning,2152,43,1.05,0.7519525308,0.76,1.42
727.05 ,Other tenosynovitis of hand and...,Diseases of the musculoskeletal...,5101,102,1.05,0.6080103299,0.85,1.28
373.11 ,Hordeolum externum,Diseases of the nervous system,36095,722,1.05,0.185547862,0.97,1.13
784.2 ,"Swelling, mass, or lump in head...","Comorbidities, signs, and ill-defined...",5534,110,1.04,0.6574438639,0.86,1.26
147.9 ,"Malignant neoplasm of nasopharynx,...",Neoplasms,4526,90,1.04,0.6631938168,0.84,1.29
431 ,Intracerebral hemorrhage,Diseases of the circulatory system,6540,130,1.04,0.6180939628,0.87,1.24
840.8 ,Sprains and strains of other specified...,Injury and poisoning,3442,68,1.04,0.7548478647,0.8,1.32
473.0 ,Chronic maxillary sinusitis,Diseases of the respiratory system,3597,71,1.04,0.759999956,0.81,1.31
716.59 ,Unspecified polyarthropathy or...,Diseases of the musculoskeletal...,2171,43,1.04,0.7535269649,0.75,1.41
882.0 ,Open wound of hand except finger(s)...,Injury and poisoning,27428,543,1.04,0.3729312803,0.95,1.13
719.44 ,"Pain in joint, hand",Diseases of the musculoskeletal...,4397,87,1.04,0.6990924252,0.83,1.28
915.0 ,"Abrasion or friction burn of finger(s),...",Injury and poisoning,3468,69,1.04,0.7089262167,0.81,1.33
681.00 ,"Cellulitis and abscess of finger,...",Diseases of the skin and subcutaneous...,2943,58,1.03,0.7870325474,0.78,1.34
873.40 ,"Open wound of face, unspecified...",Injury and poisoning,26866,527,1.03,0.4996654313,0.94,1.12
893.0 ,"Open wound of toe(s), without...",Injury and poisoning,8711,171,1.03,0.6943226006,0.88,1.2
825.0 ,"Fracture of calcaneus, closed",Injury and poisoning,2572,50,1.02,0.8850838732,0.75,1.35
272.9 ,Unspecified disorder of lipoid...,"Endocrine, nutritional and metabolic...",10125,197,1.02,0.7704869429,0.88,1.18
455.9 ,Residual hemorrhoidal skin tags,Diseases of the circulatory system,3384,66,1.02,0.8501069809,0.79,1.31
923.20 ,Contusion of hand(s),Injury and poisoning,6591,128,1.02,0.8213897696,0.85,1.21
726.60 ,"Enthesopathy of knee, unspecified",Diseases of the musculoskeletal...,2326,45,1.02,0.879375519,0.74,1.36
372.56 ,Conjunctival deposits,Diseases of the nervous system,2479,48,1.02,0.8830572467,0.75,1.35
606.9 ,"Male infertility, unspecified",Diseases of the genitourinary...,2339,45,1.01,0.9395979142,0.73,1.36
239.9 ,"Neoplasm of unspecified nature,...",Neoplasms,1913,37,1.01,0.8673136159,0.71,1.4
850.0 ,Concussion with no loss of consciousness,Injury and poisoning,7913,153,1.01,0.8367700201,0.86,1.19
719.45 ,"Pain in joint, pelvic region and...",Diseases of the musculoskeletal...,3591,69,1.01,0.9028280942,0.78,1.28
923.8 ,Contusion of multiple sites of...,Injury and poisoning,2703,52,1.01,0.9438047523,0.75,1.33
823.00 ,Closed fracture of upper end of...,Injury and poisoning,1987,38,1,0.9345967255,0.71,1.38
464.21 ,Acute laryngotracheitis with obstruction,Diseases of the respiratory system,4312,82,1,1,0.79,1.24
854.00 ,Intracranial injury of other and...,Injury and poisoning,10798,205,1,1,0.86,1.14
719.47 ,"Pain in joint, ankle and foot",Diseases of the musculoskeletal...,11329,217,1,0.9450102817,0.87,1.15
894.0 ,Multiple and unspecified open...,Injury and poisoning,42375,805,1,0.942581251,0.93,1.07
911.0 ,"Abrasion or friction burn of trunk,...",Injury and poisoning,4413,84,1,1,0.79,1.24
923.10 ,Contusion of forearm,Injury and poisoning,2157,41,1,1,0.71,1.36
079.9 ,Unspecified viral and chlamydial...,Infectious and parasitic diseases,3858,73,0.99,1,0.78,1.25
684 ,Impetigo,Diseases of the skin and subcutaneous...,3673,69,0.99,0.9518577518,0.76,1.25
807.00 ,"Closed fracture of rib(s), unspecified",Injury and poisoning,4586,87,0.99,1,0.8,1.23
822.0 ,Closed fracture of patella,Injury and poisoning,2057,39,0.99,1,0.7,1.36
698.8 ,Other specified pruritic conditions,Diseases of the skin and subcutaneous...,9887,186,0.99,0.8827270854,0.85,1.14
873.0 ,"Open wound of scalp, without mention...",Injury and poisoning,23319,439,0.99,0.8093861217,0.9,1.09
873.8 ,Other and unspecified open wound...,Injury and poisoning,7412,140,0.99,0.9660306996,0.83,1.17
881.02 ,"Open wound of wrist, without mention...",Injury and poisoning,2395,45,0.99,1,0.72,1.32
883.0 ,"Open wound of finger(s), without...",Injury and poisoning,48320,910,0.99,0.7227493526,0.92,1.06
550.90 ,"Inguinal hernia, without mention...",Diseases of the digestive system,5853,110,0.99,0.9237128479,0.81,1.19
928.3 ,Crushing injury of toe(s),Injury and poisoning,1798,34,0.99,1,0.68,1.39
845.19 ,Other sprain of foot,Injury and poisoning,3055,57,0.98,0.9471640779,0.74,1.27
910.0 ,"Abrasion or friction burn of face,...",Injury and poisoning,9804,183,0.98,0.8240516688,0.84,1.13
913.0 ,"Abrasion or friction burn of elbow,...",Injury and poisoning,9857,184,0.98,0.8245145548,0.84,1.13
680.0 ,Carbuncle and furuncle of face,Diseases of the skin and subcutaneous...,5536,102,0.97,0.7677486643,0.79,1.18
846.0 ,Sprain of lumbosacral (joint)...,Injury and poisoning,2860,53,0.97,0.8911965942,0.73,1.27
726.11 ,Calcifying tendinitis of shoulder,Diseases of the musculoskeletal...,2695,50,0.97,0.9437256479,0.72,1.29
682.0 ,Cellulitis and abscess of face,Diseases of the skin and subcutaneous...,5100,93,0.96,0.7194798505,0.77,1.17
370.23 ,Filamentary keratitis,Diseases of the nervous system,2122,39,0.96,0.936575465,0.68,1.32
216.5 ,"Benign neoplasm of skin of trunk,...",Neoplasms,3646,66,0.95,0.7161548355,0.73,1.21
718.40 ,"Contracture of joint, site unspecified",Diseases of the musculoskeletal...,3418,62,0.95,0.7541406858,0.73,1.22
886.0 ,Traumatic amputation of other...,Injury and poisoning,2376,43,0.95,0.8215883099,0.68,1.28
364.00 ,"Acute and subacute iridocyclitis,...",Diseases of the nervous system,4369,79,0.95,0.6979814564,0.75,1.18
870.0 ,Laceration of skin of eyelid and...,Injury and poisoning,4254,76,0.94,0.6133212321,0.74,1.17
716.98 ,"Arthropathy, unspecified, other...",Diseases of the musculoskeletal...,3995,72,0.94,0.6850148675,0.74,1.19
949.0 ,"Burn of unspecified site, unspecified...",Injury and poisoning,7075,127,0.94,0.5416698898,0.78,1.12
693.1 ,Dermatitis due to food taken internally,Diseases of the skin and subcutaneous...,2432,43,0.93,0.7102049979,0.67,1.25
810.00 ,"Closed fracture of clavicle, unspecified...",Injury and poisoning,4687,83,0.93,0.5559563603,0.74,1.15
881.01 ,"Open wound of elbow, without mention...",Injury and poisoning,3212,57,0.93,0.6509308349,0.7,1.21
891.0 ,"Open wound of knee, leg [except...",Injury and poisoning,29670,527,0.93,0.0989183103,0.85,1.01
916.0 ,"Abrasion or friction burn of hip,...",Injury and poisoning,18290,324,0.93,0.1827415892,0.83,1.04
719.42 ,"Pain in joint, upper arm",Diseases of the musculoskeletal...,1783,31,0.91,0.665140281,0.62,1.3
904.9 ,Injury to blood vessels of unspecified...,Injury and poisoning,1905,33,0.91,0.6745508638,0.62,1.28
713.8 ,Arthropathy associated with other...,Diseases of the musculoskeletal...,2278,39,0.9,0.5400724107,0.64,1.23
890.0 ,"Open wound of hip and thigh, without...",Injury and poisoning,4239,73,0.9,0.4306565882,0.7,1.14
373.13 ,Abscess of eyelid,Diseases of the nervous system,6123,105,0.9,0.3026607162,0.73,1.09
216.8 ,Benign neoplasm of other specified...,Neoplasms,3810,65,0.89,0.4059988152,0.69,1.14
274.89 ,Gout with other specified manifestations,"Endocrine, nutritional and metabolic...",5233,89,0.89,0.310843284,0.71,1.1
850.9 ,"Concussion, unspecified",Injury and poisoning,8640,146,0.88,0.1444151471,0.74,1.04
854.01 ,Intracranial injury of other and...,Injury and poisoning,5945,100,0.88,0.2166646803,0.71,1.07
519.8 ,Other diseases of respiratory...,Diseases of the respiratory system,2020,34,0.88,0.5149037875,0.61,1.24
112.9 ,Candidiasis of unspecified site,Infectious and parasitic diseases,4350,72,0.87,0.2434809675,0.68,1.09
716.16 ,"Traumatic arthropathy, lower leg",Diseases of the musculoskeletal...,1855,31,0.87,0.5512159162,0.59,1.25
881.00 ,"Open wound of forearm, without...",Injury and poisoning,10800,180,0.87,0.0716187951,0.75,1.01
823.82 ,Closed fracture of unspecified...,Injury and poisoning,1952,32,0.86,0.4552826956,0.58,1.21
698.4 ,Dermatitis factitia [artefacta],Diseases of the skin and subcutaneous...,7187,118,0.86,0.1094416397,0.71,1.03
782.1 ,Rash and other nonspecific skin...,"Comorbidities, signs, and ill-defined...",9148,148,0.85,0.0421033076,0.71,0.99
813.81 ,Closed fracture of unspecified...,Injury and poisoning,2397,39,0.85,0.369004788,0.6,1.17
372.12 ,Chronic follicular conjunctivitis,Diseases of the nervous system,2821,46,0.85,0.333939443,0.62,1.14
629.9 ,Unspecified disorder of female...,Diseases of the genitourinary...,2458,39,0.83,0.2682334334,0.59,1.14
876.0 ,"Open wound of back, without mention...",Injury and poisoning,1974,31,0.82,0.3221532497,0.56,1.17
214.1 ,Lipoma of other skin and subcutaneous...,Neoplasms,3016,47,0.81,0.1819632525,0.6,1.09
826.0 ,Closed fracture of one or more...,Injury and poisoning,3149,48,0.8,0.1329072751,0.59,1.06
145.9 ,"Malignant neoplasm of mouth, unspecified",Neoplasms,2300,35,0.79,0.1942830378,0.55,1.11
229.9 ,Benign neoplasm of unspecified...,Neoplasms,2772,42,0.79,0.1439018521,0.57,1.07
379.90 ,"Disorder of eye, unspecified",Diseases of the nervous system,3231,48,0.78,0.0819211568,0.57,1.03
873.49 ,Open wound of other and multiple...,Injury and poisoning,3863,56,0.76,0.0389178225,0.57,0.98
844.8 ,Sprains and strains of other specified...,Injury and poisoning,2441,35,0.75,0.0884771507,0.52,1.04
726.4 ,Enthesopathy of wrist and carpus,Diseases of the musculoskeletal...,2080,29,0.73,0.0916560565,0.49,1.05
403.90 ,"Hypertensive chronic kidney disease,...",Diseases of the circulatory system,1934,26,0.7,0.0796865972,0.46,1.03
702.8 ,Other specified dermatoses,Diseases of the skin and subcutaneous...,5465,73,0.7,0.0014866263,0.54,0.88
295.32 ,"Paranoid type schizophrenia, chronic",Mental disorders,2232,30,0.7,0.0524134525,0.47,1
729.81 ,Swelling of limb,Diseases of the musculoskeletal...,3291,38,0.6,0.0008853772,0.42,0.83
