disease_2,disease_name,category,count,co_occurrence,odds_ratio,p_value,95_ci_lower,95_ci_upper
528 ,"Disease of the oral soft tissues,...",Diseases of the digestive system,2109,45,15.86,2.984154e-37,11.49,21.37
493.00 ,"Extrinsic asthma, unspecified",Diseases of the respiratory system,5247,76,10.82,5.436584e-50,8.48,13.63
473.0 ,Chronic maxillary sinusitis,Diseases of the respiratory system,3597,51,10.48,1.374224e-33,7.76,13.86
477 ,Allergic rhinitis,Diseases of the respiratory system,19882,256,10.39,7.93657e-156,9.08,11.85
786.9 ,Other symptoms involving respiratory...,"Comorbidities, signs, and ill-defined...",2901,37,9.36,3.031221e-23,6.56,12.97
477.8 ,Allergic rhinitis due to other...,Diseases of the respiratory system,9386,105,8.42,5.393055e-58,6.85,10.26
493.91 ,"Asthma, unspecified type, with...",Diseases of the respiratory system,3844,40,7.62,7.319477e-22,5.42,10.43
473.8 ,Other chronic sinusitis,Diseases of the respiratory system,3123,30,7,7.172448e-16,4.7,10.04
476.1 ,Chronic laryngotracheitis,Diseases of the respiratory system,2285,22,6.99,0.00000000000465918,4.37,10.65
493.21 ,Chronic obstructive asthma with...,Diseases of the respiratory system,2124,20,6.83,0.00000000006274061,4.16,10.61
402.11 ,Benign hypertensive heart disease...,Diseases of the circulatory system,3007,28,6.78,0.0000000000000137967,4.49,9.84
478.0 ,Hypertrophy of nasal turbinates,Diseases of the respiratory system,12821,110,6.44,1.078062e-49,5.27,7.82
476.0 ,Chronic laryngitis,Diseases of the respiratory system,3445,29,6.12,0.0000000000000572558,4.08,8.84
491.1 ,Mucopurulent chronic bronchitis,Diseases of the respiratory system,6546,53,5.94,1.615263e-23,4.43,7.81
372.8 ,Other disorders of conjunctiva,Diseases of the nervous system,3922,32,5.94,0.000000000000006845408,4.05,8.42
491.0 ,Simple chronic bronchitis,Diseases of the respiratory system,12029,95,5.89,3.459047e-40,4.74,7.24
477.9 ,"Allergic rhinitis, cause unspecified",Diseases of the respiratory system,126178,731,5.72,1.87589e-249,5.23,6.25
470 ,Deviated nasal septum,Diseases of the respiratory system,18633,136,5.52,2.946073e-53,4.61,6.58
493.10 ,"Intrinsic asthma, unspecified",Diseases of the respiratory system,2582,19,5.33,0.0000000098253464,3.19,8.35
306.8 ,Other specified psychophysiological...,Mental disorders,4418,32,5.27,0.0000000000001618913,3.59,7.47
698.1 ,Pruritus of genital organs,Diseases of the skin and subcutaneous...,2462,17,4.99,0.00000013998845,2.9,8.03
493 ,Asthma,Diseases of the respiratory system,10477,69,4.85,4.199245e-25,3.76,6.17
491.9 ,Unspecified chronic bronchitis,Diseases of the respiratory system,44587,270,4.81,1.593021e-88,4.22,5.47
493.9 ,"Asthma, unspecified",Diseases of the respiratory system,9774,62,4.66,6.707072e-22,3.55,6
478.8 ,Upper respiratory tract hypersensitivity...,Diseases of the respiratory system,3227,20,4.48,0.000000065378848,2.73,6.95
485 ,"Bronchopneumonia, organism unspecified",Diseases of the respiratory system,6196,38,4.46,0.0000000000001450524,3.15,6.15
472.0 ,Chronic rhinitis,Diseases of the respiratory system,59587,328,4.46,1.196912e-97,3.96,5.02
715.1 ,"Osteoarthrosis, localized, primary",Diseases of the musculoskeletal...,1955,12,4.42,0.0000289688,2.28,7.76
034.0 ,Streptococcal sore throat,Infectious and parasitic diseases,2452,15,4.41,0.0000032095672,2.46,7.31
300.89 ,Other somatoform disorders,Mental disorders,3953,24,4.39,0.0000000049335498,2.81,6.56
716.50 ,Unspecified polyarthropathy or...,Diseases of the musculoskeletal...,2475,15,4.37,0.0000035858264,2.44,7.24
780.59 ,Other sleep disturbances,"Comorbidities, signs, and ill-defined...",6031,36,4.34,0.000000000001340369,3.03,6.03
493.20 ,"Chronic obstructive asthma, unspecified",Diseases of the respiratory system,3499,21,4.34,0.000000052843024,2.68,6.66
729.8 ,Other musculoskeletal symptoms...,Diseases of the musculoskeletal...,1824,11,4.34,0.0000717161,2.16,7.81
531.70 ,Chronic gastric ulcer without...,Diseases of the digestive system,9460,56,4.33,1.320728e-18,3.26,5.65
694.0 ,Dermatitis herpetiformis,Diseases of the skin and subcutaneous...,1876,11,4.22,0.0000916102,2.1,7.59
381.4 ,"Nonsuppurative otitis media, not...",Diseases of the nervous system,3783,22,4.2,0.000000044244916,2.63,6.39
493.90 ,"Asthma, unspecified type, unspecified",Diseases of the respiratory system,41187,221,4.17,4.318906e-63,3.61,4.79
402.00 ,Malignant hypertensive heart disease...,Diseases of the circulatory system,3506,20,4.12,0.00000023944511,2.51,6.39
473.9 ,Unspecified sinusitis (chronic),Diseases of the respiratory system,29706,158,4.03,1.310851e-44,3.41,4.74
719.90 ,"Unspecified disorder of joint,...",Diseases of the musculoskeletal...,2897,16,3.98,0.0000054884477,2.27,6.49
472 ,Chronic pharyngitis and nasopharyngitis,Diseases of the respiratory system,6428,35,3.95,0.00000000003231142,2.74,5.52
386.1 ,Other and unspecified peripheral...,Diseases of the nervous system,5366,29,3.91,0.0000000017727049,2.61,5.64
496 ,"Chronic airway obstruction, not...",Diseases of the respiratory system,22542,118,3.91,6.704023e-33,3.22,4.71
493.2 ,Chronic obstructive asthma with...,Diseases of the respiratory system,1848,10,3.89,0.0003525471,1.86,7.19
389.1 ,Sensorineural hearing loss,Diseases of the nervous system,2414,13,3.88,0.000051746,2.06,6.66
715.09 ,"Osteoarthrosis, generalized, multiple...",Diseases of the musculoskeletal...,3375,18,3.85,0.0000023707348,2.27,6.11
848.0 ,Sprain of septal cartilage of...,Injury and poisoning,2253,12,3.84,0.0001095973,1.98,6.73
715.10 ,"Osteoarthrosis, localized, primary,...",Diseases of the musculoskeletal...,2813,15,3.84,0.0000159258,2.14,6.36
558.2 ,Toxic gastroenteritis and colitis,Diseases of the digestive system,2642,14,3.82,0.000032208,2.08,6.43
716.98 ,"Arthropathy, unspecified, other...",Diseases of the musculoskeletal...,3995,21,3.8,0.00000044974516,2.34,5.83
537.89 ,Other specified disorders of stomach...,Diseases of the digestive system,2289,12,3.77,0.0001267375,1.94,6.62
839.8 ,"Closed dislocation, multiple and...",Injury and poisoning,4643,24,3.74,0.000000095398545,2.39,5.58
482.9 ,"Bacterial pneumonia, unspecified",Diseases of the respiratory system,3662,19,3.74,0.0000018712393,2.25,5.87
491.8 ,Other chronic bronchitis,Diseases of the respiratory system,5262,27,3.71,0.000000018100853,2.44,5.42
300.09 ,Other anxiety states,Mental disorders,6837,35,3.71,0.0000000001631105,2.58,5.19
715.0 ,"Osteoarthrosis, generalized",Diseases of the musculoskeletal...,2145,11,3.69,0.0002867097,1.84,6.63
847 ,Sprains and strains of other and...,Injury and poisoning,2379,12,3.63,0.0001799372,1.87,6.37
532.00 ,"Acute duodenal ulcer with hemorrhage,...",Diseases of the digestive system,2983,15,3.62,0.0000309443,2.02,6
302.72 ,Psychosexual dysfunction with...,Mental disorders,2408,12,3.59,0.0002007032,1.85,6.29
472.1 ,Chronic pharyngitis,Diseases of the respiratory system,31933,152,3.59,1.654628e-37,3.02,4.24
719.9 ,Unspecified disorder of joint,Diseases of the musculoskeletal...,2027,10,3.55,0.0007135499,1.7,6.55
380.1 ,Infective otitis externa,Diseases of the nervous system,4115,20,3.51,0.0000026818891,2.14,5.44
686.0 ,Pyoderma,Diseases of the skin and subcutaneous...,12487,60,3.51,9.487395e-16,2.67,4.54
719.99 ,"Unspecified disorder of joint,...",Diseases of the musculoskeletal...,4115,20,3.51,0.0000026818891,2.14,5.44
388.40 ,"Abnormal auditory perception,...",Diseases of the nervous system,1856,9,3.49,0.0014531878,1.59,6.65
413.0 ,Angina decubitus,Diseases of the circulatory system,1889,9,3.42,0.0016362662,1.56,6.53
401.0 ,Malignant essential hypertension,Diseases of the circulatory system,5790,27,3.37,0.00000011977901,2.21,4.92
473 ,Chronic sinusitis,Diseases of the respiratory system,3633,17,3.37,0.0000233232,1.96,5.42
372.2 ,Blepharoconjunctivitis,Diseases of the nervous system,2774,13,3.37,0.0002005893,1.79,5.79
727.9 ,"Unspecified disorder of synovium,...",Diseases of the musculoskeletal...,6021,28,3.36,0.000000074653111,2.23,4.88
386.0 ,Meniere's disease,Diseases of the nervous system,3010,14,3.35,0.0001255812,1.83,5.64
780.53 ,"Hypersomnia with sleep apnea,...","Comorbidities, signs, and ill-defined...",3233,15,3.34,0.0000753367,1.86,5.53
724.00 ,"Spinal stenosis, unspecified region",Diseases of the musculoskeletal...,2587,12,3.34,0.0003795758,1.72,5.85
462 ,Acute pharyngitis,Diseases of the respiratory system,286807,936,3.32,7.67866e-153,3.05,3.61
590.10 ,Acute pyelonephritis without lesion...,Diseases of the genitourinary...,4129,19,3.32,0.0000100239,1.99,5.2
471.9 ,Unspecified nasal polyp,Diseases of the respiratory system,2193,10,3.28,0.0012793221,1.57,6.05
461.0 ,Acute maxillary sinusitis,Diseases of the respiratory system,13251,59,3.25,0.00000000000004027446,2.46,4.21
530.9 ,Unspecified disorder of esophagus,Diseases of the digestive system,5145,23,3.23,0.0000019926175,2.04,4.86
380.23 ,Other chronic otitis externa,Diseases of the nervous system,4071,18,3.19,0.0000283214,1.88,5.05
386.19 ,Other peripheral vertigo,Diseases of the nervous system,2704,12,3.19,0.0005578414,1.64,5.6
427.0 ,Paroxysmal supraventricular tachycardia,Diseases of the circulatory system,3393,15,3.18,0.0001269105,1.78,5.27
698 ,Pruritus and related conditions,Diseases of the skin and subcutaneous...,4078,18,3.18,0.0000289494,1.88,5.04
475 ,Peritonsillar abscess,Diseases of the respiratory system,9812,43,3.18,0.0000000001734285,2.29,4.3
478.6 ,Edema of larynx,Diseases of the respiratory system,2272,10,3.16,0.0016546298,1.51,5.84
492.8 ,Other emphysema,Diseases of the respiratory system,3649,16,3.16,0.0000844319,1.8,5.15
533.0 ,"Peptic ulcer, site unspecified...",Diseases of the digestive system,2728,12,3.16,0.0006019794,1.63,5.55
733.00 ,"Osteoporosis, unspecified",Diseases of the musculoskeletal...,8053,35,3.15,0.00000001006264,2.19,4.4
300.5 ,Neurasthenia,Mental disorders,2061,9,3.14,0.0029114804,1.43,5.98
366.1 ,Senile cataract,Diseases of the nervous system,2761,12,3.13,0.0006674218,1.61,5.48
726.60 ,"Enthesopathy of knee, unspecified",Diseases of the musculoskeletal...,2326,10,3.09,0.0019590277,1.48,5.7
575.6 ,Cholesterolosis of gallbladder,Diseases of the digestive system,2568,11,3.08,0.0012307786,1.53,5.53
346.1 ,Common migraine,Diseases of the nervous system,3282,14,3.07,0.0002991236,1.67,5.17
491.20 ,Obstructive chronic bronchitis...,Diseases of the respiratory system,7322,31,3.06,0.00000011927061,2.07,4.36
596.5 ,Other functional disorders of...,Diseases of the genitourinary...,7158,30,3.03,0.00000023291231,2.04,4.34
110.0 ,Dermatophytosis of scalp and beard,Infectious and parasitic diseases,2370,10,3.03,0.0022391059,1.45,5.6
715.30 ,"Osteoarthrosis, localized, not...",Diseases of the musculoskeletal...,3567,15,3.03,0.0002155013,1.69,5.01
306.4 ,Gastrointestinal malfunction arising...,Mental disorders,2142,9,3.02,0.0037350773,1.38,5.75
680.0 ,Carbuncle and furuncle of face,Diseases of the skin and subcutaneous...,5536,23,3,0.0000064568341,1.89,4.51
280.9 ,"Iron deficiency anemia, unspecified",Diseases of the blood and blood-forming...,3615,15,2.99,0.0002478011,1.67,4.94
490 ,"Bronchitis, not specified as acute...",Diseases of the respiratory system,46346,181,2.96,9.817738e-34,2.53,3.45
494 ,Bronchiectasis,Diseases of the respiratory system,7566,31,2.96,0.00000023892237,2.01,4.22
599.8 ,Other specified disorders of urethra...,Diseases of the genitourinary...,2434,10,2.95,0.0027030237,1.41,5.45
786.0 ,Dyspnea and respiratory abnormalities,"Comorbidities, signs, and ill-defined...",5414,22,2.93,0.0000141507,1.83,4.45
455.0 ,Internal hemorrhoids without mention...,Diseases of the circulatory system,9706,39,2.91,0.00000001207484,2.06,4
491.21 ,Obstructive chronic bronchitis...,Diseases of the respiratory system,4743,19,2.89,0.0000633059,1.73,4.52
472.2 ,Chronic nasopharyngitis,Diseases of the respiratory system,21161,83,2.88,3.609763e-16,2.28,3.59
296.90 ,Unspecified episodic mood disorder,Mental disorders,3004,12,2.87,0.001357461,1.48,5.03
571.49 ,Other chronic hepatitis,Diseases of the digestive system,17844,70,2.87,0.00000000000007319728,2.23,3.64
706.0 ,Acne varioliformis,Diseases of the skin and subcutaneous...,4281,17,2.86,0.0001657677,1.66,4.59
296.2 ,"Major depressive disorder, single...",Mental disorders,2508,10,2.86,0.0033319557,1.37,5.29
372.53 ,Conjunctival xerosis,Diseases of the nervous system,2008,8,2.86,0.0082170159,1.23,5.66
590.9 ,"Infection of kidney, unspecified",Diseases of the genitourinary...,2776,11,2.85,0.0022431146,1.42,5.11
565.0 ,Anal fissure,Diseases of the digestive system,5844,23,2.84,0.0000150246,1.79,4.27
933 ,Foreign body in pharynx and larynx,Injury and poisoning,2029,8,2.83,0.0087102819,1.22,5.6
698.2 ,Prurigo,Diseases of the skin and subcutaneous...,54867,203,2.82,1.13393e-34,2.42,3.26
575.0 ,Acute cholecystitis,Diseases of the digestive system,2543,10,2.82,0.0036673262,1.35,5.21
897.0 ,Traumatic amputation of leg(s)...,Injury and poisoning,1789,7,2.81,0.014184078,1.13,5.81
054.2 ,Herpetic gingivostomatitis,Infectious and parasitic diseases,2821,11,2.8,0.0025328011,1.39,5.03
708.1 ,Idiopathic urticaria,Diseases of the skin and subcutaneous...,5654,22,2.8,0.0000269102,1.75,4.26
690 ,Erythematosquamous dermatosis,Diseases of the skin and subcutaneous...,22712,86,2.78,7.64376e-16,2.21,3.45
844 ,Sprains and strains of knee and...,Injury and poisoning,1804,7,2.78,0.0147773461,1.12,5.76
346.9 ,"Migraine, unspecified",Diseases of the nervous system,14113,54,2.78,0.0000000001208142,2.08,3.65
892 ,Open wound of foot except toe(s)...,Injury and poisoning,3130,12,2.76,0.0019006236,1.42,4.83
478.1 ,Other diseases of nasal cavity...,Diseases of the respiratory system,28206,105,2.75,1.509138e-18,2.24,3.35
682.7 ,"Cellulitis and abscess of foot,...",Diseases of the skin and subcutaneous...,4735,18,2.74,0.0001833074,1.62,4.34
460 ,Acute nasopharyngitis [common...,Diseases of the respiratory system,429709,1118,2.74,1.13385e-119,2.52,2.99
919.1 ,"Abrasion or friction burn of other,...",Injury and poisoning,2356,9,2.74,0.0067995283,1.25,5.22
365.00 ,"Preglaucoma, unspecified",Diseases of the nervous system,1843,7,2.73,0.01640218,1.09,5.64
726.6 ,Enthesopathy of knee,Diseases of the musculoskeletal...,2113,8,2.72,0.0109068483,1.17,5.37
725 ,Polymyalgia rheumatica,Diseases of the musculoskeletal...,1872,7,2.68,0.0176895157,1.08,5.55
240.9 ,"Goiter, unspecified","Endocrine, nutritional and metabolic...",4315,16,2.67,0.0005288099,1.52,4.35
371.89 ,Other corneal disorders,Diseases of the nervous system,5929,22,2.67,0.00005355,1.67,4.06
693.1 ,Dermatitis due to food taken internally,Diseases of the skin and subcutaneous...,2432,9,2.66,0.0082580381,1.21,5.06
574.0 ,Calculus of gallbladder with acute...,Diseases of the digestive system,1888,7,2.66,0.0184293929,1.07,5.5
788.3 ,Incontinence of urine,"Comorbidities, signs, and ill-defined...",3259,12,2.65,0.0026295232,1.36,4.64
466 ,Acute bvronchitis and bronchiolitis,Diseases of the respiratory system,31257,112,2.65,1.668518e-18,2.17,3.21
716.59 ,Unspecified polyarthropathy or...,Diseases of the musculoskeletal...,2171,8,2.64,0.0126457283,1.14,5.23
788.1 ,Dysuria,"Comorbidities, signs, and ill-defined...",6578,24,2.63,0.0000327206,1.68,3.93
784 ,Symptoms involving head and neck,"Comorbidities, signs, and ill-defined...",2479,9,2.61,0.0092719056,1.19,4.96
780.8 ,Generalized hyperhidrosis,"Comorbidities, signs, and ill-defined...",1932,7,2.6,0.0205754335,1.04,5.38
099.9 ,"Venereal disease, unspecified",Infectious and parasitic diseases,1929,7,2.6,0.0204238428,1.04,5.38
533.00 ,Acute peptic ulcer of unspecified...,Diseases of the digestive system,9174,33,2.6,0.0000016672904,1.78,3.66
692.70 ,Unspecified dermatitis due to...,Diseases of the skin and subcutaneous...,2493,9,2.59,0.009591341,1.18,4.94
242.9 ,Thyrotoxicosis w/m of goiter or...,"Endocrine, nutritional and metabolic...",3329,12,2.59,0.003111392,1.33,4.54
847.1 ,Sprain of thoracic,Injury and poisoning,4456,16,2.58,0.0007395308,1.47,4.21
300.9 ,Unspecified nonpsychotic mental...,Mental disorders,39567,136,2.56,1.098971e-20,2.13,3.04
786.51 ,Precordial pain,"Comorbidities, signs, and ill-defined...",6494,23,2.55,0.0000730006,1.61,3.84
278.0 ,Obesity,"Endocrine, nutritional and metabolic...",5076,18,2.55,0.0004141189,1.51,4.05
783.0 ,Anorexia,"Comorbidities, signs, and ill-defined...",1973,7,2.54,0.0227261721,1.02,5.26
692.0 ,Contact dermatitis and other eczema...,Diseases of the skin and subcutaneous...,24956,86,2.53,0.0000000000001442988,2.01,3.14
455.2 ,Internal hemorrhoids with other...,Diseases of the circulatory system,10867,38,2.53,0.00000079176586,1.78,3.49
461.9 ,"Acute sinusitis, unspecified",Diseases of the respiratory system,263719,743,2.53,2.384658e-83,2.31,2.77
474.0 ,Chronic tonsillitis,Diseases of the respiratory system,6275,22,2.53,0.0001191023,1.58,3.84
601.0 ,Acute prostatitis,Diseases of the genitourinary...,2279,8,2.52,0.0164116529,1.08,4.98
386.00 ,"Minihre's disease, unspecified",Diseases of the nervous system,12944,45,2.52,0.000000075550847,1.83,3.39
784.7 ,Epistaxis,"Comorbidities, signs, and ill-defined...",15587,54,2.52,0.0000000039085318,1.88,3.3
300.02 ,Generalized anxiety disorder,Mental disorders,11511,40,2.51,0.00000042810956,1.79,3.44
388.70 ,"Otalgia, unspecified",Diseases of the nervous system,2296,8,2.5,0.0170707726,1.08,4.94
300.00 ,"Anxiety state, unspecified",Mental disorders,62266,205,2.5,1.910146e-28,2.15,2.88
608.9 ,Unspecified disorder of male genital...,Diseases of the genitourinary...,6656,23,2.49,0.0001042557,1.57,3.75
723.8 ,Other syndromes affecting cervical...,Diseases of the musculoskeletal...,2591,9,2.49,0.012064931,1.14,4.75
402.10 ,Benign hypertensive heart disease...,Diseases of the circulatory system,16698,57,2.48,0.0000000023188522,1.87,3.23
701.1 ,"Keratoderma, acquired",Diseases of the skin and subcutaneous...,6683,23,2.48,0.0001104884,1.57,3.73
009 ,Ill-defined intestinal infections,Infectious and parasitic diseases,4356,15,2.48,0.001591448,1.38,4.1
388.30 ,"Tinnitus, unspecified",Diseases of the nervous system,26446,89,2.47,0.0000000000002146122,1.97,3.05
682.1 ,Cellulitis and abscess of neck,Diseases of the skin and subcutaneous...,2032,7,2.47,0.0260859781,0.99,5.11
532.40 ,Chronic or unspecified duodenal...,Diseases of the digestive system,2327,8,2.47,0.018321325,1.06,4.88
569.3 ,Hemorrhage of rectum and anus,Diseases of the digestive system,6696,23,2.47,0.0001136057,1.56,3.73
478.5 ,Other diseases of vocal cords,Diseases of the respiratory system,25944,87,2.46,0.0000000000004712296,1.96,3.05
491.2 ,Obstructive chronic bronchitis,Diseases of the respiratory system,3213,11,2.46,0.0065467941,1.22,4.41
464.11 ,Acute tracheitis with obstruction,Diseases of the respiratory system,9695,33,2.46,0.0000064030779,1.69,3.47
354.2 ,Lesion of ulnar nerve,Diseases of the nervous system,2638,9,2.45,0.0134070855,1.12,4.66
723.2 ,Cervicocranial syndrome,Diseases of the musculoskeletal...,2930,10,2.45,0.0094441756,1.17,4.52
724.1 ,Pain in thoracic spine,Diseases of the musculoskeletal...,2343,8,2.45,0.0189917867,1.05,4.84
780.50 ,"Sleep disturbance, unspecified","Comorbidities, signs, and ill-defined...",23334,78,2.44,0.00000000001020365,1.92,3.06
825.25 ,Closed fracture of metatarsal...,Injury and poisoning,2939,10,2.44,0.0096326085,1.17,4.51
295.90 ,"Unspecified schizophrenia, unspecified",Mental disorders,3239,11,2.44,0.0069293804,1.21,4.38
535.5 ,Unspecified gastritis & gastroduodenitis,Diseases of the digestive system,19079,64,2.44,0.0000000005323046,1.87,3.13
721.42 ,"Spondylosis with myelopathy, lumbar...",Diseases of the musculoskeletal...,7086,24,2.44,0.0001485077,1.56,3.64
372.14 ,Other chronic allergic conjunctivitis,Diseases of the nervous system,50585,165,2.44,1.292495e-22,2.07,2.86
588.9 ,Unspecified disorder resulting...,Diseases of the genitourinary...,4122,14,2.44,0.0025267713,1.33,4.11
720.1 ,Spinal enthesopathy,Diseases of the musculoskeletal...,3843,13,2.43,0.003646521,1.29,4.17
919.4 ,"Insect bite, nonvenomous, of other,...",Injury and poisoning,12226,41,2.43,0.00000061989868,1.74,3.31
715.00 ,"Osteoarthrosis, generalized, site...",Diseases of the musculoskeletal...,6557,22,2.42,0.0003180545,1.51,3.67
578 ,Gastrointestinal hemorrhage,Diseases of the digestive system,1781,6,2.42,0.0413527525,0.88,5.28
382.00 ,Acute suppurative otitis media...,Diseases of the nervous system,5078,17,2.41,0.0010927771,1.4,3.87
466.0 ,Acute bronchitis,Diseases of the respiratory system,451547,1082,2.4,2.435341e-90,2.2,2.61
308.0 ,Predominant disturbance of emotions,Mental disorders,2988,10,2.4,0.0107092745,1.15,4.43
560.9 ,Unspecified intestinal obstruction,Diseases of the digestive system,4184,14,2.4,0.0028812958,1.31,4.05
682.5 ,Cellulitis and abscess of buttock,Diseases of the skin and subcutaneous...,1796,6,2.39,0.042757037,0.88,5.23
427.89 ,Other specified cardiac dysrhythmias,Diseases of the circulatory system,6014,20,2.39,0.0006729096,1.46,3.71
780.2 ,Syncope and collapse,"Comorbidities, signs, and ill-defined...",7891,26,2.37,0.0000975971,1.55,3.49
786.09 ,Other respiratory abnormalities,"Comorbidities, signs, and ill-defined...",9749,32,2.37,0.0000155823,1.62,3.36
307.42 ,Persistent disorder of initiating...,Mental disorders,6077,20,2.37,0.0007166922,1.44,3.67
923.21 ,Contusion of wrist,Injury and poisoning,3648,12,2.36,0.0062880594,1.22,4.14
111.8 ,Other specified dermatomycoses,Infectious and parasitic diseases,2764,9,2.34,0.0175486247,1.07,4.45
692.8 ,"Contact dermatitis and other eczema,...",Diseases of the skin and subcutaneous...,3996,13,2.34,0.0050073913,1.24,4.01
466.1 ,Acute bronchiolitis,Diseases of the respiratory system,59886,186,2.34,4.399301e-23,2,2.72
413.9 ,Other and unspecified angina pectoris,Diseases of the circulatory system,27042,86,2.33,0.00000000001032805,1.85,2.89
274.10 ,"Gouty nephropathy, unspecified","Endocrine, nutritional and metabolic...",2155,7,2.33,0.0341440628,0.93,4.82
295.30 ,"Paranoid type schizophrenia, unspecified",Mental disorders,2152,7,2.33,0.0339300048,0.94,4.82
464.21 ,Acute laryngotracheitis with obstruction,Diseases of the respiratory system,4312,14,2.33,0.0037427408,1.27,3.93
353.9 ,Unspecified nerve root and plexus...,Diseases of the nervous system,5246,17,2.33,0.0021703195,1.35,3.74
372.05 ,Acute atopic conjunctivitis,Diseases of the nervous system,2156,7,2.33,0.0342156142,0.93,4.81
599 ,Other disorders of urethra and...,Diseases of the genitourinary...,5589,18,2.32,0.0016086477,1.37,3.67
215 ,Other benign neoplasm of connective...,Neoplasms,2161,7,2.32,0.0345748631,0.93,4.8
414.9 ,"Chronic ischemic heart disease,...",Diseases of the circulatory system,42567,133,2.32,8.396567e-17,1.93,2.76
693.0 ,Dermatitis due to drugs and medicines...,Diseases of the skin and subcutaneous...,5878,19,2.32,0.0011296419,1.4,3.64
455.6 ,Unspecified hemorrhoids without...,Diseases of the circulatory system,43449,136,2.32,3.043688e-17,1.94,2.76
372.71 ,Hyperemia of conjunctiva,Diseases of the nervous system,2472,8,2.32,0.0250485826,1,4.59
070.3 ,Viral hepatitis B without mention...,Infectious and parasitic diseases,5910,19,2.31,0.001173827,1.39,3.62
381.81 ,Dysfunction of Eustachian tube,Diseases of the nervous system,14116,45,2.31,0.0000007065737,1.68,3.1
692 ,Contact dermatitis and other eczema,Diseases of the skin and subcutaneous...,23150,73,2.3,0.0000000004578952,1.79,2.91
435.9 ,Unspecified transient cerebral...,Diseases of the circulatory system,3130,10,2.29,0.014347029,1.1,4.23
070 ,Viral hepatitis,Infectious and parasitic diseases,4100,13,2.28,0.0093253608,1.21,3.91
388.3 ,Tinitus,Diseases of the nervous system,10467,33,2.28,0.0000299595,1.56,3.21
701.4 ,Keloid scar,Diseases of the skin and subcutaneous...,4725,15,2.28,0.004707186,1.27,3.77
531.40 ,Chronic or unspecified gastric...,Diseases of the digestive system,1889,6,2.28,0.0521276408,0.83,4.97
353.8 ,Other nerve root and plexus disorders,Diseases of the nervous system,1886,6,2.28,0.0518073841,0.83,4.98
110.4 ,Dermatophytosis of foot,Infectious and parasitic diseases,95795,282,2.27,3.221416e-31,1.99,2.57
716.10 ,"Traumatic arthropathy, site unspecified",Diseases of the musculoskeletal...,4106,13,2.27,0.0093701211,1.21,3.9
708.8 ,Other specified urticaria,Diseases of the skin and subcutaneous...,11485,36,2.26,0.0000133143,1.58,3.15
524.60 ,"Temporomandibular joint disorders,...",Diseases of the digestive system,2537,8,2.26,0.0285615253,0.97,4.47
528.5 ,Diseases of lips,Diseases of the digestive system,2538,8,2.26,0.0286180851,0.97,4.47
569.0 ,Anal and rectal polyp,Diseases of the digestive system,3180,10,2.26,0.0158252791,1.08,4.16
487 ,Influenza,Diseases of the respiratory system,14123,44,2.25,0.0000020749971,1.63,3.04
708 ,Urticaria,Diseases of the skin and subcutaneous...,8642,27,2.25,0.0002126862,1.48,3.29
564.8 ,Other specified function disorder...,Diseases of the digestive system,22328,69,2.25,0.0000000037555988,1.74,2.86
367.4 ,Presbyopia,Diseases of the nervous system,22001,68,2.25,0.0000000050618011,1.74,2.87
922.8 ,Contusion of multiple sites of...,Injury and poisoning,3509,11,2.25,0.0193089933,1.12,4.04
250.9 ,Diabetes with unspecified complication,"Endocrine, nutritional and metabolic...",5444,17,2.24,0.0027215528,1.3,3.6
786.3 ,Hemoptysis,"Comorbidities, signs, and ill-defined...",7419,23,2.23,0.000500403,1.41,3.36
478.4 ,Polyp of vocal cord or larynx,Diseases of the respiratory system,3864,12,2.23,0.0140382816,1.15,3.91
715.15 ,"Osteoarthrosis, localized, primary,...",Diseases of the musculoskeletal...,2246,7,2.23,0.041067561,0.9,4.62
533.30 ,Acute peptic ulcer of unspecified...,Diseases of the digestive system,10036,31,2.23,0.0000702845,1.51,3.17
463 ,Acute tonsillitis,Diseases of the respiratory system,363051,880,2.22,1.066338e-69,2.04,2.42
300.01 ,Panic disorder without agoraphobia,Mental disorders,3554,11,2.22,0.0199320777,1.11,3.99
532.9 ,"Duodenal ulcer, unspecified as...",Diseases of the digestive system,7446,23,2.22,0.0005227183,1.41,3.35
564.1 ,Irritable bowel syndrome,Diseases of the digestive system,71020,209,2.22,4.996903e-23,1.92,2.56
070.9 ,Unspecified viral hepatitis without...,Infectious and parasitic diseases,12077,37,2.21,0.0000213056,1.55,3.06
528.9 ,Other and unspecified diseases...,Diseases of the digestive system,45235,135,2.21,0.000000000000001319958,1.84,2.63
362.6 ,Peripheral retinal degeneration,Diseases of the nervous system,1942,6,2.21,0.0579845409,0.81,4.84
571.41 ,Chronic persistent hepatitis,Diseases of the digestive system,12399,38,2.21,0.0000156487,1.56,3.05
601.1 ,Chronic prostatitis,Diseases of the genitourinary...,10155,31,2.2,0.0000823427,1.49,3.14
790.4 ,Nonspecific elevation of levels...,"Comorbidities, signs, and ill-defined...",1951,6,2.2,0.0590165992,0.81,4.81
715.16 ,"Osteoarthrosis, localized, primary,...",Diseases of the musculoskeletal...,10479,32,2.2,0.0000621279,1.5,3.12
681.11 ,Onychia and paronychia of toe,Diseases of the skin and subcutaneous...,6239,19,2.19,0.0018548498,1.31,3.43
601.9 ,"Prostatitis, unspecified",Diseases of the genitourinary...,8265,25,2.18,0.0005061794,1.41,3.23
692.3 ,Contact dermatitis and other eczema...,Diseases of the skin and subcutaneous...,7268,22,2.18,0.0012511869,1.36,3.31
840.9 ,Sprains and strains of unspecified...,Injury and poisoning,16639,50,2.18,0.0000010389871,1.61,2.88
455.8 ,Unspecified hemorrhoids with other...,Diseases of the circulatory system,14945,45,2.18,0.0000041791076,1.58,2.93
276.5 ,Volume depletion,"Endocrine, nutritional and metabolic...",5938,18,2.18,0.0025592114,1.29,3.45
362.10 ,"Background retinopathy, unspecified",Diseases of the nervous system,2637,8,2.18,0.0346064179,0.94,4.3
365.04 ,Ocular hypertension,Diseases of the nervous system,1974,6,2.18,0.0617036091,0.8,4.76
111 ,"Dermatomycosis, other and unspecified",Infectious and parasitic diseases,2316,7,2.17,0.046972244,0.87,4.48
491 ,Chronic bronchitis,Diseases of the respiratory system,14360,43,2.17,0.0000080516974,1.56,2.93
842.09 ,Other sprains and strains of wrist,Injury and poisoning,3636,11,2.17,0.0213200239,1.08,3.9
718.4 ,Contracture of joint,Diseases of the musculoskeletal...,1980,6,2.17,0.0624162806,0.8,4.74
719.47 ,"Pain in joint, ankle and foot",Diseases of the musculoskeletal...,11329,34,2.17,0.0000640836,1.49,3.04
780.5 ,Sleep disturbance,"Comorbidities, signs, and ill-defined...",23982,71,2.16,0.000000014130065,1.68,2.73
786.59 ,Other chest pain,"Comorbidities, signs, and ill-defined...",17465,52,2.16,0.0000010784818,1.61,2.84
788.4 ,Frequency of urination and polyuria,"Comorbidities, signs, and ill-defined...",16065,48,2.16,0.000002001799,1.59,2.88
709 ,Other disorders of skin and subcutaneous...,Diseases of the skin and subcutaneous...,1988,6,2.16,0.063374049,0.79,4.72
353.4 ,"Lumbosacral root lesions, not...",Diseases of the nervous system,5665,17,2.16,0.0036820467,1.25,3.46
486 ,"Pneumonia, organism unspecified",Diseases of the respiratory system,24054,71,2.15,0.000000014806233,1.67,2.72
533.50 ,Chronic or unspecified peptic...,Diseases of the digestive system,3339,10,2.15,0.0305368766,1.03,3.96
386.2 ,Vertigo of central origin,Diseases of the nervous system,6059,18,2.13,0.0030608954,1.26,3.39
242.00 ,Toxic diffuse goiter without mention...,"Endocrine, nutritional and metabolic...",2689,8,2.13,0.0611195154,0.92,4.22
372.20 ,"Blepharoconjunctivitis, unspecified",Diseases of the nervous system,8470,25,2.12,0.0006411706,1.37,3.15
682.0 ,Cellulitis and abscess of face,Diseases of the skin and subcutaneous...,5100,15,2.11,0.0074274962,1.18,3.49
464 ,Acute laryngitis and tracheitis,Diseases of the respiratory system,36164,104,2.11,0.00000000001962182,1.72,2.57
722.52 ,Degeneration of lumbar or lumbosacral...,Diseases of the musculoskeletal...,2039,6,2.11,0.0696822752,0.77,4.6
300.0 ,Anxiety states,Mental disorders,27746,80,2.1,0.0000000049923827,1.66,2.63
536.8 ,Dyspepsia and other specified...,Diseases of the digestive system,90672,250,2.1,1.166829e-23,1.83,2.39
726.8 ,Other peripheral enthesopathies,Diseases of the musculoskeletal...,3067,9,2.1,0.0447557454,0.96,4.01
373.0 ,Blepharitis,Diseases of the nervous system,4784,14,2.1,0.0101044702,1.15,3.54
780.52 ,"Insomnia, unspecified","Comorbidities, signs, and ill-defined...",67469,188,2.09,2.132571e-18,1.79,2.42
437.0 ,Cerebral atherosclerosis,Diseases of the circulatory system,3439,10,2.09,0.0333878119,1,3.85
465.9 ,Acute upper respiratory infections...,Diseases of the respiratory system,985333,1714,2.09,1.192089e-52,1.89,2.31
306 ,Physiological malfunction arising...,Mental disorders,2057,6,2.09,0.071992158,0.77,4.56
726 ,Peripheral enthesopathies and...,Diseases of the musculoskeletal...,3426,10,2.09,0.0329785298,1,3.86
600 ,Hyperplasia of prostate,Diseases of the genitourinary...,44949,127,2.08,0.0000000000003701452,1.73,2.49
785.0 ,"Tachycardia, unspecified","Comorbidities, signs, and ill-defined...",2412,7,2.08,0.0559098266,0.83,4.3
786.2 ,Cough,"Comorbidities, signs, and ill-defined...",96080,262,2.08,3.235866e-24,1.82,2.37
704.8 ,Other specified diseases of hair...,Diseases of the skin and subcutaneous...,26645,76,2.08,0.000000018437441,1.63,2.61
706.1 ,Other acne,Diseases of the skin and subcutaneous...,26555,76,2.08,0.000000017486591,1.64,2.62
375.15 ,"Tear film insufficiency, unspecified",Diseases of the nervous system,14947,43,2.08,0.0000211121,1.5,2.81
823 ,Fracture of tibia and fibula,Injury and poisoning,2076,6,2.07,0.0744774817,0.76,4.52
455.3 ,External hemorrhoids without mention...,Diseases of the circulatory system,3123,9,2.07,0.0468871161,0.94,3.93
528.0 ,Stomatitis,Diseases of the digestive system,24183,69,2.07,0.000000077636166,1.61,2.64
528.2 ,Oral aphthae,Diseases of the digestive system,18872,54,2.07,0.0000017713087,1.55,2.72
530.1 ,Esophagitis,Diseases of the digestive system,37603,106,2.07,0.00000000004451798,1.68,2.51
532.70 ,Chronic duodenal ulcer without...,Diseases of the digestive system,15389,44,2.07,0.0000171136,1.5,2.79
533.40 ,Chronic or unspecified peptic...,Diseases of the digestive system,8331,24,2.07,0.0010794701,1.32,3.09
533.70 ,Chronic peptic ulcer of unspecified...,Diseases of the digestive system,17479,50,2.07,0.000005294808,1.53,2.74
722.90 ,"Other and unspecified disc disorder,...",Diseases of the musculoskeletal...,3456,10,2.07,0.0339405511,0.99,3.83
573.3 ,"Hepatitis, unspecified",Diseases of the digestive system,28478,81,2.07,0.0000000054527367,1.64,2.59
726.4 ,Enthesopathy of wrist and carpus,Diseases of the musculoskeletal...,2080,6,2.07,0.0750068635,0.76,4.51
577.1 ,Chronic pancreatitis,Diseases of the digestive system,3818,11,2.07,0.025597137,1.03,3.71
242.90 ,Thyrotoxicosis without mention...,"Endocrine, nutritional and metabolic...",6624,19,2.06,0.0041841972,1.24,3.23
995.3 ,"Allergy, unspecified, not elsewhere...",Injury and poisoning,13315,38,2.06,0.0000589968,1.45,2.84
388.31 ,Subjective tinnitus,Diseases of the nervous system,2094,6,2.05,0.0768765321,0.75,4.48
716.60 ,"Unspecified monoarthritis, site...",Diseases of the musculoskeletal...,2451,7,2.05,0.0920124698,0.82,4.23
629.9 ,Unspecified disorder of female...,Diseases of the genitourinary...,2458,7,2.04,0.0924174185,0.82,4.22
706.3 ,Seborrhea,Diseases of the skin and subcutaneous...,11278,32,2.04,0.0003111429,1.39,2.9
300.4 ,Dysthymic disorder,Mental disorders,29326,82,2.04,0.0000000092399592,1.61,2.54
372.4 ,Pterygium,Diseases of the nervous system,2459,7,2.04,0.0924759512,0.82,4.22
386 ,Vertiginous syndromes and other...,Diseases of the nervous system,7799,22,2.03,0.0032553663,1.27,3.08
681.02 ,Onychia and paronychia of finger,Diseases of the skin and subcutaneous...,3888,11,2.03,0.0276953831,1.01,3.64
531.30 ,Acute gastric ulcer without mention...,Diseases of the digestive system,8147,23,2.03,0.002421676,1.28,3.06
721.90 ,"Spondylosis of unspecified site,...",Diseases of the musculoskeletal...,15698,44,2.03,0.0000232763,1.47,2.73
216.9 ,"Benign neoplasm of skin, site...",Neoplasms,27756,77,2.02,0.000000038371501,1.59,2.54
272.0 ,Pure hypercholesterolemia,"Endocrine, nutritional and metabolic...",25248,70,2.02,0.0000001594028,1.56,2.56
708.0 ,Allergic urticaria,Diseases of the skin and subcutaneous...,38428,106,2.02,0.0000000001295185,1.65,2.46
402.1 ,"Hypertensive heart disease, benign",Diseases of the circulatory system,2493,7,2.01,0.094566999,0.81,4.16
487.0 ,Influenza with pneumonia,Diseases of the respiratory system,3573,10,2.01,0.0382870981,0.96,3.7
564.0 ,Constipation,Diseases of the digestive system,57894,157,2.01,0.00000000000001564197,1.7,2.37
380.10 ,"Infective otitis externa, unspecified",Diseases of the nervous system,72218,193,2,4.550708e-17,1.72,2.32
386.9 ,Unspecified vertiginous syndromes...,Diseases of the nervous system,14778,41,2,0.0000562236,1.43,2.73
846.0 ,Sprain of lumbosacral (joint)...,Injury and poisoning,2860,8,2,0.069191413,0.86,3.96
307.40 ,"Nonorganic sleep disorder, unspecified",Mental disorders,4664,13,2,0.0177708616,1.06,3.43
246.9 ,Unspecified disorder of thyroid,"Endocrine, nutritional and metabolic...",4691,13,1.99,0.027557229,1.06,3.41
296.20 ,"Major depressive affective disorder,...",Mental disorders,2891,8,1.98,0.0710453603,0.85,3.92
719 ,Other and unspecified disorders...,Diseases of the musculoskeletal...,2168,6,1.98,0.1350708686,0.73,4.33
727.09 ,Other synovitis and tenosynovitis,Diseases of the musculoskeletal...,6882,19,1.98,0.0054993328,1.19,3.11
070.31 ,Viral hepatitis B without mention...,Infectious and parasitic diseases,2186,6,1.97,0.1364953578,0.72,4.29
691 ,Atopic dermatitis and related...,Diseases of the skin and subcutaneous...,1821,5,1.97,0.115224481,0.64,4.6
216.5 ,"Benign neoplasm of skin of trunk,...",Neoplasms,3646,10,1.97,0.0414835532,0.94,3.63
533.90 ,"Peptic ulcer of unspecified site,...",Diseases of the digestive system,106115,274,1.97,5.883664e-22,1.73,2.23
536.9 ,Unspecified functional disorder...,Diseases of the digestive system,186678,462,1.97,7.138772e-34,1.78,2.19
365 ,Glaucoma,Diseases of the nervous system,2180,6,1.97,0.1360124712,0.72,4.3
368.13 ,Visual discomfort,Diseases of the nervous system,49488,132,1.97,0.000000000006891233,1.64,2.35
370.9 ,Unspecified keratitis,Diseases of the nervous system,5827,16,1.97,0.0121515461,1.12,3.21
054.9 ,Herpes simplex without mention...,Infectious and parasitic diseases,20359,55,1.96,0.0000072175508,1.47,2.56
461 ,Acute sinusitis,Diseases of the respiratory system,18857,51,1.96,0.0000193343,1.45,2.58
714.9 ,Unspecified inflammatory polyarthropathy,Diseases of the musculoskeletal...,3289,9,1.96,0.0549104893,0.89,3.73
523.0 ,Acute gingivitis,Diseases of the digestive system,7705,21,1.96,0.0050683346,1.21,3
715.26 ,"Osteoarthrosis, localized, secondary,...",Diseases of the musculoskeletal...,2562,7,1.96,0.0994037976,0.79,4.05
715.90 ,"Osteoarthrosis, unspecified whether...",Diseases of the musculoskeletal...,44624,119,1.96,0.00000000008112226,1.61,2.36
535.01 ,"Acute gastritis, with hemorrhage",Diseases of the digestive system,3653,10,1.96,0.0418098021,0.94,3.62
726.32 ,Lateral epicondylitis,Diseases of the musculoskeletal...,16186,44,1.96,0.0000490266,1.42,2.65
367.89 ,Other disorders of refraction...,Diseases of the nervous system,5518,15,1.95,0.0166442778,1.09,3.23
729.5 ,Pain in limb,Diseases of the musculoskeletal...,17068,46,1.95,0.00004685,1.42,2.61
380.15 ,Chronic mycotic otitis externa,Diseases of the nervous system,15594,42,1.94,0.0000893236,1.4,2.64
110.1 ,Dermatophytosis of nail,Infectious and parasitic diseases,44735,118,1.94,0.0000000002015743,1.59,2.33
478 ,Other diseases of upper respiratory...,Diseases of the respiratory system,3694,10,1.94,0.0437904293,0.93,3.58
272.1 ,Pure hyperglyceridemia,"Endocrine, nutritional and metabolic...",18286,49,1.94,0.000035511,1.43,2.57
573.9 ,Unspecified disorder of liver,Diseases of the digestive system,14122,38,1.94,0.0002402182,1.37,2.67
933.1 ,Foreign body in larynx,Injury and poisoning,12646,34,1.94,0.0004473833,1.34,2.72
382.4 ,Unspecified suppurative otitis...,Diseases of the nervous system,2970,8,1.93,0.0763000412,0.83,3.81
402.91 ,Unspecified hypertensive heart...,Diseases of the circulatory system,2229,6,1.93,0.1401882605,0.71,4.21
916.1 ,"Abrasion or friction burn of hip,...",Injury and poisoning,2965,8,1.93,0.0759450908,0.83,3.82
924.4 ,Contusion of multiple sites of...,Injury and poisoning,2968,8,1.93,0.0761577005,0.83,3.82
582.9 ,Chronic glomerulonephritis with...,Diseases of the genitourinary...,11937,32,1.93,0.0007533184,1.32,2.74
597 ,"Urethritis, not sexually transmitted,...",Diseases of the genitourinary...,2238,6,1.92,0.1410120219,0.7,4.19
389.10 ,"Sensorineural hearing loss, unspecified",Diseases of the nervous system,5605,15,1.92,0.0179803857,1.07,3.18
272.9 ,Unspecified disorder of lipoid...,"Endocrine, nutritional and metabolic...",10125,27,1.92,0.0018810811,1.26,2.8
709.0 ,Dyschromia,Diseases of the skin and subcutaneous...,4856,13,1.92,0.0303864594,1.02,3.29
533.91 ,"Peptic ulcer of unspecified site,...",Diseases of the digestive system,2614,7,1.92,0.1035613765,0.77,3.96
362.5 ,Degeneration of macula and posterior...,Diseases of the nervous system,2241,6,1.92,0.1412904642,0.7,4.19
372.11 ,Simple chronic conjunctivitis,Diseases of the nervous system,31499,83,1.92,0.00000010771614,1.52,2.39
117.9 ,Other and unspecified mycoses,Infectious and parasitic diseases,6405,17,1.91,0.0168428527,1.11,3.06
791.0 ,Proteinuria,"Comorbidities, signs, and ill-defined...",7149,19,1.91,0.0097707852,1.15,2.99
533.9 ,"Peptic ulcer, site unspecified,...",Diseases of the digestive system,38340,100,1.91,0.0000000097848115,1.54,2.33
924 ,Contusion of lower limb and of...,Injury and poisoning,3746,10,1.91,0.0464745399,0.92,3.53
455.5 ,External hemorrhoids with other...,Diseases of the circulatory system,3386,9,1.9,0.0607746165,0.87,3.63
924.00 ,Contusion of thigh,Injury and poisoning,3018,8,1.9,0.0798597508,0.82,3.75
805.4 ,Closed fracture of lumbar vertebra...,Injury and poisoning,4182,11,1.89,0.056065084,0.94,3.38
428 ,Heart failure,Diseases of the circulatory system,1890,5,1.89,0.1995752252,0.61,4.43
216.3 ,Benign neoplasm of skin of other...,Neoplasms,4949,13,1.88,0.0325384564,1,3.23
692.89 ,Contact dermatitis and other eczema...,Diseases of the skin and subcutaneous...,18457,48,1.88,0.0000654549,1.38,2.5
807.00 ,"Closed fracture of rib(s), unspecified",Injury and poisoning,4586,12,1.88,0.0429644943,0.97,3.29
696.3 ,Pityriasis rosea,Diseases of the skin and subcutaneous...,3046,8,1.88,0.0820626387,0.81,3.72
707.9 ,Chronic ulcer of unspecified site,Diseases of the skin and subcutaneous...,1900,5,1.88,0.2006256303,0.61,4.41
721.1 ,Cervical spondylosis with myelopathy,Diseases of the musculoskeletal...,10691,28,1.88,0.0024362322,1.25,2.73
558 ,Other and unspecified noninfectious...,Diseases of the digestive system,11083,29,1.88,0.0019028564,1.26,2.71
723.1 ,Cervicalgia,Diseases of the musculoskeletal...,32950,85,1.88,0.00000020528361,1.49,2.33
574.10 ,Calculus of gallbladder with other...,Diseases of the digestive system,4194,11,1.88,0.0564147376,0.94,3.37
727.0 ,Synovitis and tenosynovitis,Diseases of the musculoskeletal...,15364,40,1.88,0.000291003,1.34,2.57
427.9 ,"Cardiac dysrhythmia, unspecified",Diseases of the circulatory system,31987,82,1.87,0.0000004670085,1.48,2.33
574.20 ,Calculus of gallbladder without...,Diseases of the digestive system,15417,40,1.87,0.000301505,1.33,2.56
372.3 ,Other and unspecified conjunctivitis,Diseases of the nervous system,8053,21,1.87,0.0098364236,1.16,2.87
786.50 ,"Chest pain, unspecified","Comorbidities, signs, and ill-defined...",57894,146,1.86,0.00000000003270114,1.56,2.2
465.0 ,Acute laryngopharyngitis,Diseases of the respiratory system,242658,557,1.86,7.092453e-33,1.68,2.05
465.8 ,Acute upper respiratory infections...,Diseases of the respiratory system,117159,286,1.86,1.368157e-19,1.63,2.1
719.4 ,Pain in joint,Diseases of the musculoskeletal...,18293,47,1.86,0.0001304504,1.36,2.48
915.0 ,"Abrasion or friction burn of finger(s),...",Injury and poisoning,3468,9,1.86,0.0664044954,0.85,3.54
374.05 ,Trichiasis of eyelid without entropion,Diseases of the nervous system,10469,27,1.86,0.0034129646,1.22,2.71
786.00 ,"Respiratory abnormality, unspecified","Comorbidities, signs, and ill-defined...",3874,10,1.85,0.0776872853,0.89,3.41
137.0 ,Late effects of respiratory or...,Infectious and parasitic diseases,6591,17,1.85,0.0186733315,1.08,2.97
682.4 ,"Cellulitis and abscess of hand,...",Diseases of the skin and subcutaneous...,2704,7,1.85,0.1117625376,0.74,3.83
464.4 ,Croup,Diseases of the respiratory system,2703,7,1.85,0.1116645796,0.74,3.83
380.13 ,Other acute infections of external...,Diseases of the nervous system,2336,6,1.84,0.1510773228,0.67,4.02
239.8 ,"Neoplasms of unspecified nature,...",Neoplasms,2332,6,1.84,0.150628281,0.67,4.02
726.90 ,Enthesopathy of unspecified site,Diseases of the musculoskeletal...,48276,121,1.84,0.0000000021170934,1.52,2.21
379.21 ,Vitreous degeneration,Diseases of the nervous system,3506,9,1.84,0.0692213509,0.84,3.5
722.71 ,Intervertebral disc disorder with...,Diseases of the musculoskeletal...,2738,7,1.83,0.1151824944,0.73,3.78
564.9 ,Unspecified functional disorder...,Diseases of the digestive system,100189,243,1.83,2.580866e-16,1.59,2.09
367 ,"Infantile, juvenile, and presenile...",Diseases of the nervous system,2349,6,1.83,0.1525584941,0.67,3.99
727.05 ,Other tenosynovitis of hand and...,Diseases of the musculoskeletal...,5101,13,1.83,0.0369363082,0.97,3.13
239.0 ,Neoplasm of unspecified nature...,Neoplasms,3927,10,1.82,0.0797094395,0.87,3.37
272.2 ,Mixed hyperlipidemia,"Endocrine, nutritional and metabolic...",58182,144,1.82,0.000000000123987,1.53,2.16
289.3 ,"Lymphadenitis, unspecified, except...",Diseases of the blood and blood-forming...,3142,8,1.82,0.0903112179,0.79,3.6
372.10 ,"Chronic conjunctivitis, unspecified",Diseases of the nervous system,141594,336,1.82,4.080105e-21,1.62,2.05
727.03 ,Trigger finger (acquired),Diseases of the musculoskeletal...,5523,14,1.82,0.0433170523,0.99,3.06
729.2 ,"Neuralgia, neuritis, and radiculitis,...",Diseases of the musculoskeletal...,70040,172,1.82,0.000000000004018626,1.55,2.13
784.0 ,Headache,"Comorbidities, signs, and ill-defined...",193570,445,1.81,1.179261e-25,1.62,2.01
112.9 ,Candidiasis of unspecified site,Infectious and parasitic diseases,4350,11,1.81,0.0619901244,0.9,3.25
686 ,Other local infections of skin...,Diseases of the skin and subcutaneous...,9527,24,1.81,0.0080620306,1.16,2.7
424.0 ,Mitral valve disorders,Diseases of the circulatory system,11935,30,1.81,0.0028343215,1.22,2.59
428.9 ,"Heart failure, unspecified",Diseases of the circulatory system,3962,10,1.81,0.0812003193,0.87,3.34
447.6 ,"Arteritis, unspecified",Diseases of the circulatory system,5162,13,1.81,0.0390130711,0.96,3.1
465 ,Acute upper respiratory infections...,Diseases of the respiratory system,77936,190,1.81,0.0000000000004623288,1.55,2.11
716 ,Other and unspecified arthropathies,Diseases of the musculoskeletal...,5947,15,1.81,0.0336687583,1.01,2.99
550.9 ,"Inguinal hernia, without mention...",Diseases of the digestive system,1981,5,1.81,0.2101447895,0.59,4.23
722.73 ,Intervertebral disc disorder with...,Diseases of the musculoskeletal...,6353,16,1.81,0.0264221237,1.03,2.94
726.12 ,Bicipital tenosynovitis,Diseases of the musculoskeletal...,3164,8,1.81,0.0923510966,0.78,3.58
726.5 ,Enthesopathy of hip region,Diseases of the musculoskeletal...,1973,5,1.81,0.2091270635,0.59,4.25
728.8 ,"Other disorders of muscle, ligament...",Diseases of the musculoskeletal...,3564,9,1.81,0.1075738369,0.83,3.44
756.12 ,Spondylolisthesis,Congenital anomalies,2391,6,1.8,0.1575677829,0.66,3.92
782.0 ,Disturbance of skin sensation,"Comorbidities, signs, and ill-defined...",1986,5,1.8,0.2107892116,0.58,4.22
239.2 ,Neoplasm of unspecified nature...,Neoplasms,3979,10,1.8,0.0819687245,0.86,3.32
464.30 ,Acute epiglottitis without mention...,Diseases of the respiratory system,4782,12,1.8,0.0497785478,0.93,3.15
529.0 ,Glossitis,Diseases of the digestive system,3190,8,1.8,0.0948327036,0.77,3.55
310.2 ,Postconcussion syndrome,Mental disorders,2787,7,1.8,0.1204120689,0.72,3.72
532.90 ,"Duodenal ulcer, unspecified as...",Diseases of the digestive system,29923,74,1.8,0.0000049594546,1.4,2.26
720.0 ,Ankylosing spondylitis,Diseases of the musculoskeletal...,8377,21,1.8,0.0117252083,1.11,2.76
216.7 ,Benign neoplasm of skin of lower...,Neoplasms,2394,6,1.79,0.1579384631,0.66,3.92
307.81 ,Tension headache,Mental disorders,22666,56,1.79,0.000071729,1.34,2.33
367.9 ,Unspecified disorder of refraction...,Diseases of the nervous system,19413,48,1.79,0.000219083,1.31,2.38
574.2 ,Calculus of gallbladder without...,Diseases of the digestive system,5214,13,1.79,0.0587907382,0.95,3.07
727.00 ,"Synovitis and tenosynovitis, unspecified",Diseases of the musculoskeletal...,101703,242,1.79,0.000000000000002556018,1.56,2.04
386.12 ,Vestibular neuronitis,Diseases of the nervous system,7642,19,1.78,0.0194938084,1.07,2.8
402.9 ,Hypertensive heart disease unspecified,Diseases of the circulatory system,11693,29,1.78,0.0038988201,1.19,2.57
413 ,Angina pectoris,Diseases of the circulatory system,5224,13,1.78,0.0589923827,0.95,3.06
842.00 ,"Sprain of wrist, unspecified site",Injury and poisoning,4837,12,1.78,0.0521117384,0.92,3.12
531.00 ,"Acute gastric ulcer with hemorrhage,...",Diseases of the digestive system,3624,9,1.78,0.1103954275,0.81,3.39
353 ,Nerve root and plexus disorders,Diseases of the nervous system,2419,6,1.78,0.161092872,0.65,3.88
379.99 ,Other ill-defined disorders of...,Diseases of the nervous system,3614,9,1.78,0.1098930745,0.81,3.4
110.3 ,Dermatophytosis of groin and perianal...,Infectious and parasitic diseases,44091,107,1.77,0.000000093356838,1.45,2.15
464.0 ,Acute laryngitis,Diseases of the respiratory system,173215,396,1.77,2.787626e-22,1.59,1.98
571.40 ,"Chronic hepatitis, unspecified",Diseases of the digestive system,150341,346,1.77,9.394565e-20,1.57,1.98
380.2 ,Other otitis externa,Diseases of the nervous system,3252,8,1.76,0.1488393479,0.76,3.48
531.9 ,"Gastric ulcer, unspecified as...",Diseases of the digestive system,5707,14,1.76,0.0471951692,0.96,2.96
370.20 ,"Superficial keratitis, unspecified",Diseases of the nervous system,8586,21,1.76,0.0188737229,1.08,2.69
785.1 ,Palpitations,"Comorbidities, signs, and ill-defined...",26886,65,1.75,0.0000347807,1.35,2.24
726.2 ,"Other affections of shoulder region,...",Diseases of the musculoskeletal...,2870,7,1.75,0.1300554577,0.7,3.61
053.9 ,Herpes zoster without mention...,Infectious and parasitic diseases,18624,45,1.74,0.0007119641,1.27,2.34
780.4 ,Dizziness and giddiness,"Comorbidities, signs, and ill-defined...",158604,360,1.74,1.327844e-19,1.55,1.95
402.90 ,Unspecified hypertensive heart...,Diseases of the circulatory system,52765,125,1.74,0.000000028917824,1.44,2.08
429.9 ,"Heart disease, unspecified",Diseases of the circulatory system,9097,22,1.74,0.0155582101,1.09,2.64
461.8 ,Other acute sinusitis,Diseases of the respiratory system,16149,39,1.74,0.0013731562,1.23,2.39
715 ,Osteoarthrosis and allied disorders,Diseases of the musculoskeletal...,13643,33,1.74,0.0036482799,1.19,2.45
303.00 ,Acute alcoholic intoxication in...,Mental disorders,2473,6,1.74,0.1682954121,0.64,3.79
153.9 ,"Malignant neoplasm of colon, unspecified...",Neoplasms,4152,10,1.73,0.0914048118,0.83,3.18
794.8 ,Nonspecific abnormal results of...,"Comorbidities, signs, and ill-defined...",19601,47,1.73,0.0004994682,1.27,2.31
274.9 ,"Gout, unspecified","Endocrine, nutritional and metabolic...",117407,270,1.73,0.000000000000002331427,1.52,1.97
844.1 ,Sprain of medial collateral ligament...,Injury and poisoning,2489,6,1.73,0.1705287143,0.63,3.77
893.0 ,"Open wound of toe(s), without...",Injury and poisoning,8711,21,1.73,0.0198086938,1.07,2.65
931 ,Foreign body in ear,Injury and poisoning,6210,15,1.73,0.0398192845,0.97,2.87
009.1 ,"Colitis, enteritis, and gastroenteritis...",Infectious and parasitic diseases,18813,45,1.73,0.0007662207,1.25,2.32
845 ,Sprains and strains of ankle and...,Injury and poisoning,2500,6,1.72,0.1720897606,0.63,3.75
919.8 ,Other and unspecified superficial...,Injury and poisoning,2499,6,1.72,0.1719469907,0.63,3.75
372.30 ,"Conjunctivitis, unspecified",Diseases of the nervous system,131806,299,1.72,3.077101e-16,1.52,1.94
070.30 ,Viral hepatitis B without mention...,Infectious and parasitic diseases,36074,85,1.71,0.0000062196668,1.36,2.13
786.5 ,Chest pain,"Comorbidities, signs, and ill-defined...",31767,75,1.71,0.000019556,1.34,2.16
721.0 ,Cervical spondylosis without myelopathy,Diseases of the musculoskeletal...,31770,75,1.71,0.0000195886,1.34,2.16
367.1 ,Myopia,Diseases of the nervous system,13872,33,1.71,0.0040354952,1.17,2.41
680.9 ,Carbuncle and furuncle of unspecified...,Diseases of the skin and subcutaneous...,32514,76,1.7,0.0000242761,1.33,2.13
705.81 ,Dyshidrosis,Diseases of the skin and subcutaneous...,23801,56,1.7,0.0003045506,1.28,2.22
354.0 ,Carpal tunnel syndrome,Diseases of the nervous system,14426,34,1.7,0.0047299655,1.17,2.38
721.9 ,Spondylosis of unspecified site,Diseases of the musculoskeletal...,2531,6,1.7,0.1765994573,0.62,3.7
372.54 ,Conjunctival concretions,Diseases of the nervous system,18231,43,1.7,0.0013062875,1.23,2.3
366.10 ,"Senile cataract, unspecified",Diseases of the nervous system,7625,18,1.69,0.0308949404,1,2.69
372 ,Disorders of conjunctiva,Diseases of the nervous system,5521,13,1.69,0.0679717915,0.9,2.89
729.9 ,Other and unspecified disorders...,Diseases of the musculoskeletal...,6411,15,1.68,0.0615701902,0.94,2.78
595 ,Cystitis,Diseases of the genitourinary...,5546,13,1.68,0.0689887732,0.89,2.88
382.9 ,Unspecified otitis media,Diseases of the nervous system,32893,76,1.68,0.0000371241,1.31,2.11
698.3 ,Lichenification and lichen simplex...,Diseases of the skin and subcutaneous...,29796,69,1.68,0.000082127,1.3,2.13
565.1 ,Anal fistula,Diseases of the digestive system,7685,18,1.68,0.0439290621,0.99,2.66
724.02 ,"Spinal stenosis, lumbar region,...",Diseases of the musculoskeletal...,8554,20,1.68,0.028079604,1.02,2.6
133.0 ,Scabies,Infectious and parasitic diseases,7718,18,1.67,0.0443534036,0.99,2.65
401.1 ,Benign essential hypertension,Diseases of the circulatory system,37485,86,1.67,0.0000175457,1.33,2.07
682.6 ,"Cellulitis and abscess of leg,...",Diseases of the skin and subcutaneous...,9026,21,1.67,0.0235501232,1.03,2.56
698.8 ,Other specified pruritic conditions,Diseases of the skin and subcutaneous...,9887,23,1.67,0.0205363176,1.06,2.51
274.0 ,"Gouty arthropathy, unspecified","Endocrine, nutritional and metabolic...",109118,244,1.67,0.000000000001313713,1.46,1.91
455.4 ,External thrombosed hemorrhoids,Diseases of the circulatory system,2139,5,1.67,0.2334079173,0.54,3.92
535.50 ,"Unspecified gastritis and gastroduodenitis,...",Diseases of the digestive system,136957,302,1.67,0.00000000000000847686,1.47,1.88
367.53 ,Spasm of accommodation,Diseases of the nervous system,5144,12,1.67,0.0877231532,0.86,2.93
935.1 ,Foreign body in esophagus,Injury and poisoning,2141,5,1.67,0.2337382892,0.54,3.91
727.06 ,Tenosynovitis of foot and ankle,Diseases of the musculoskeletal...,3864,9,1.67,0.1261559956,0.76,3.18
593.9 ,Unspecified disorder of kidney...,Diseases of the genitourinary...,2574,6,1.67,0.1831172238,0.61,3.64
782.3 ,Edema,"Comorbidities, signs, and ill-defined...",16961,39,1.66,0.0035542091,1.17,2.27
214.1 ,Lipoma of other skin and subcutaneous...,Neoplasms,3016,7,1.66,0.2109912559,0.67,3.43
272.4 ,Other and unspecified hyperlipidemia,"Endocrine, nutritional and metabolic...",109926,244,1.66,0.000000000002886088,1.45,1.9
716.66 ,"Unspecified monoarthritis, lower...",Diseases of the musculoskeletal...,2153,5,1.66,0.2357379475,0.54,3.89
923.10 ,Contusion of forearm,Injury and poisoning,2157,5,1.66,0.2364110836,0.54,3.88
927.20 ,Crushing injury of hand(s),Injury and poisoning,2583,6,1.66,0.1845189375,0.61,3.63
581.9 ,Nephrotic syndrome with unspecified...,Diseases of the genitourinary...,3881,9,1.66,0.1275324182,0.76,3.16
873.41 ,"Open wound of cheek, without mention...",Injury and poisoning,3036,7,1.65,0.212528235,0.66,3.41
879.8 ,Open wound(s) (multiple) of unspecified...,Injury and poisoning,19227,44,1.65,0.0024236393,1.19,2.22
564 ,"Functional digestive disorders,...",Diseases of the digestive system,27686,63,1.65,0.0002466928,1.26,2.11
428.0 ,"Congestive heart failure, unspecified",Diseases of the circulatory system,7007,16,1.64,0.0536486445,0.93,2.67
696.1 ,Other psoriasis,Diseases of the skin and subcutaneous...,9189,21,1.64,0.0337791419,1.01,2.51
845.19 ,Other sprain of foot,Injury and poisoning,3055,7,1.64,0.2140571268,0.66,3.39
847.2 ,Sprain of lumbar,Injury and poisoning,52665,118,1.64,0.0000010511939,1.35,1.97
892.1 ,Open wound of foot except toe(s)...,Injury and poisoning,4378,10,1.64,0.1487369081,0.78,3.02
571.4 ,Chronic hepatitis,Diseases of the digestive system,82034,182,1.64,0.0000000022443638,1.4,1.91
728 ,"Disorders of muscle, ligament,...",Diseases of the musculoskeletal...,12728,29,1.64,0.0119242226,1.09,2.36
595.0 ,Acute cystitis,Diseases of the genitourinary...,26072,59,1.63,0.0005635067,1.24,2.12
078.1 ,Viral warts,Infectious and parasitic diseases,40469,91,1.63,0.0000195648,1.31,2.02
780.7 ,Malaise and fatigue,"Comorbidities, signs, and ill-defined...",60040,134,1.63,0.00000026210211,1.36,1.95
427.2 ,"Paroxysmal tachycardia, unspecified",Diseases of the circulatory system,2193,5,1.63,0.2426138316,0.53,3.82
847.0 ,Sprain of neck,Injury and poisoning,24872,56,1.63,0.0007896915,1.22,2.12
847.9 ,Sprain of unspecified site of...,Injury and poisoning,10151,23,1.63,0.0312613253,1.03,2.45
464.2 ,Acute larygotracheitis,Diseases of the respiratory system,7902,18,1.63,0.0474783681,0.97,2.59
354.9 ,"Mononeuritis of upper limb, unspecified",Diseases of the nervous system,2189,5,1.63,0.2419120112,0.53,3.83
719.88 ,"Other specified disorders of joint,...",Diseases of the musculoskeletal...,2627,6,1.63,0.1915526704,0.6,3.57
693.9 ,Dermatitis due to unspecified...,Diseases of the skin and subcutaneous...,11499,26,1.62,0.0228718757,1.06,2.39
704.00 ,"Alopecia, unspecified",Diseases of the skin and subcutaneous...,3983,9,1.62,0.1364763582,0.74,3.08
298.9 ,Unspecified psychosis,Mental disorders,2644,6,1.62,0.1943487232,0.59,3.55
303 ,Alcohol dependence syndrome,Mental disorders,2205,5,1.62,0.2447377937,0.53,3.8
353.2 ,"Cervical root lesions, not elsewhere...",Diseases of the nervous system,10620,24,1.62,0.0254622486,1.04,2.42
892.0 ,Open wound of foot except toe(s)...,Injury and poisoning,23107,52,1.62,0.00130875,1.21,2.14
728.9 ,"Unspecified disorder of muscle,...",Diseases of the musculoskeletal...,25815,58,1.62,0.0007231336,1.23,2.11
229.8 ,Benign neoplasm of other specified...,Neoplasms,5784,13,1.61,0.1074111127,0.86,2.76
296 ,Disorganized type,Mental disorders,3107,7,1.61,0.2185762022,0.65,3.33
349.9 ,Unspecified disorders of nervous...,Diseases of the nervous system,16111,36,1.61,0.0076622472,1.12,2.23
535.4 ,Other specified gastritis,Diseases of the digestive system,8478,19,1.61,0.0554268687,0.97,2.52
535.40 ,"Other specified gastritis, without...",Diseases of the digestive system,27329,61,1.61,0.0005625219,1.23,2.08
722.0 ,Displacement of cervical intervertebral...,Diseases of the musculoskeletal...,11180,25,1.61,0.029338653,1.04,2.38
372.0 ,Acute conjunctivitis,Diseases of the nervous system,15656,35,1.61,0.0093326613,1.12,2.24
295.32 ,"Paranoid type schizophrenia, chronic",Mental disorders,2232,5,1.6,0.2496160383,0.52,3.75
307.41 ,Transient disorder of initiating...,Mental disorders,4481,10,1.6,0.1540350836,0.76,2.95
597.80 ,"Urethritis, unspecified",Diseases of the genitourinary...,16237,36,1.59,0.0080555799,1.11,2.22
414.0 ,Coronary atherosclerosis,Diseases of the circulatory system,23195,51,1.59,0.0024614991,1.18,2.09
250.60 ,"Diabetes with neurological manifestations,...","Endocrine, nutritional and metabolic...",9489,21,1.59,0.0386322185,0.98,2.43
349 ,Other and unspecified disorders...,Diseases of the nervous system,3151,7,1.59,0.2227716122,0.64,3.29
719.48 ,"Pain in joint, other specified...",Diseases of the musculoskeletal...,5406,12,1.59,0.1389159167,0.82,2.79
923.11 ,Contusion of elbow,Injury and poisoning,4494,10,1.59,0.1547927389,0.76,2.94
009.3 ,Diarrhea of presumed infectious...,Infectious and parasitic diseases,10803,24,1.59,0.0275787642,1.02,2.38
607.84 ,Impotence of organic origin,Diseases of the genitourinary...,12695,28,1.58,0.0223917259,1.05,2.3
708.9 ,"Urticaria, unspecified",Diseases of the skin and subcutaneous...,101636,217,1.58,0.0000000013890517,1.37,1.82
845.10 ,"Sprain of foot, unspecified site",Injury and poisoning,4091,9,1.58,0.2003782612,0.72,3
362.50 ,"Macular degeneration (senile),...",Diseases of the nervous system,3179,7,1.58,0.2256128836,0.63,3.26
569.9 ,Unspecified disorder of intestine,Diseases of the digestive system,5429,12,1.58,0.1396829354,0.82,2.77
727 ,"Other disorders of synovium tendon,...",Diseases of the musculoskeletal...,7268,16,1.58,0.0803129593,0.9,2.57
597.89 ,Other urethritis,Diseases of the genitourinary...,4111,9,1.57,0.2015297516,0.72,2.98
381.00 ,"Acute nonsuppurative otitis media,...",Diseases of the nervous system,3197,7,1.57,0.2275080833,0.63,3.24
528.3 ,Cellulitis and abscess of oral...,Diseases of the digestive system,1817,4,1.57,0.3299736563,0.43,4.04
880 ,Open wound of shoulder and upper...,Injury and poisoning,1822,4,1.57,0.3309374108,0.43,4.03
719.49 ,"Pain in joint, multiple sites",Diseases of the musculoskeletal...,11467,25,1.57,0.0320314354,1.01,2.32
599.7 ,Hematuria,Diseases of the genitourinary...,34752,75,1.56,0.00035314,1.22,1.97
786.1 ,Stridor,"Comorbidities, signs, and ill-defined...",2761,6,1.56,0.2954886348,0.57,3.39
211.3 ,Benign neoplasm of colon,Neoplasms,5978,13,1.56,0.1152911404,0.83,2.67
692.1 ,Contact dermatitis and other eczema...,Diseases of the skin and subcutaneous...,2292,5,1.56,0.260924888,0.51,3.65
881.01 ,"Open wound of elbow, without mention...",Injury and poisoning,3212,7,1.56,0.2291277565,0.63,3.22
533.3 ,"Peptic ulcer, site unspecified,...",Diseases of the digestive system,2294,5,1.56,0.2613124655,0.51,3.65
356.9 ,Unspecified hereditary and idiopathic...,Diseases of the nervous system,10552,23,1.56,0.0479545082,0.99,2.35
720.9 ,Unspecified inflammatory spondylopathy,Diseases of the musculoskeletal...,2294,5,1.56,0.2613124655,0.51,3.65
721.3 ,Lumbosacral spondylosis without...,Diseases of the musculoskeletal...,56235,120,1.56,0.0000089747998,1.28,1.87
930.1 ,Foreign body in conjunctival sac,Injury and poisoning,62201,133,1.56,0.0000029684864,1.3,1.86
727.43 ,"Ganglion, unspecified",Diseases of the musculoskeletal...,3219,7,1.56,0.229896009,0.62,3.22
373.00 ,"Blepharitis, unspecified",Diseases of the nervous system,15647,34,1.56,0.0131295881,1.08,2.19
009.2 ,Infectious diarrhea,Infectious and parasitic diseases,23156,50,1.56,0.0033302494,1.15,2.06
607.1 ,Balanoposthitis,Diseases of the genitourinary...,12998,28,1.55,0.0325469429,1.03,2.24
388.8 ,Other disorders of ear,Diseases of the nervous system,3227,7,1.55,0.2307835933,0.62,3.21
216.6 ,Benign neoplasm of skin of upper...,Neoplasms,3239,7,1.55,0.23213398,0.62,3.2
532.30 ,Acute duodenal ulcer without mention...,Diseases of the digestive system,6916,15,1.55,0.1028600921,0.87,2.57
372.1 ,Chronic conjunctivitis,Diseases of the nervous system,42224,90,1.55,0.0001238121,1.24,1.91
924.9 ,Contusion of unspecified site,Injury and poisoning,17131,37,1.55,0.0130069681,1.09,2.15
693.8 ,Dermatitis due to other specified...,Diseases of the skin and subcutaneous...,4171,9,1.54,0.2053171635,0.7,2.94
722.93 ,"Other and unspecified disc disorder,...",Diseases of the musculoskeletal...,9337,20,1.54,0.0684664764,0.94,2.38
922 ,Contusion of trunk,Injury and poisoning,3716,8,1.54,0.1888267361,0.66,3.05
569.89 ,Other specified disorders of intestine,Diseases of the digestive system,1858,4,1.54,0.3380410985,0.42,3.96
726.9 ,Unspecified enthesopathy,Diseases of the musculoskeletal...,7465,16,1.54,0.0870843861,0.88,2.5
729.1 ,"Myalgia and myositis, unspecified",Diseases of the musculoskeletal...,156541,320,1.54,0.00000000001108526,1.36,1.73
729.4 ,"Fasciitis, unspecified",Diseases of the musculoskeletal...,84043,176,1.54,0.00000021126573,1.31,1.8
382.0 ,Acute suppurative otitis media,Diseases of the nervous system,2332,5,1.53,0.2687996681,0.5,3.59
919.9 ,Other and unspecified superficial...,Injury and poisoning,1866,4,1.53,0.3396576345,0.42,3.94
009.0 ,"Infectious colitis, enteritis,...",Infectious and parasitic diseases,50973,107,1.53,0.0000518795,1.24,1.85
379.24 ,Other vitreous opacities,Diseases of the nervous system,9821,21,1.53,0.0567618286,0.95,2.35
382.3 ,Unspecified chronic suppurative...,Diseases of the nervous system,5190,11,1.52,0.1864001103,0.76,2.72
110.2 ,Dermatophytosis of hand,Infectious and parasitic diseases,5637,12,1.52,0.1489136725,0.79,2.67
787.3 ,"Flatulence, eructation, and gas...","Comorbidities, signs, and ill-defined...",41598,87,1.52,0.0003154855,1.21,1.88
214.9 ,"Lipoma, unspecified site",Neoplasms,4251,9,1.52,0.2111210071,0.69,2.89
215.9 ,Other benign neoplasm of connective...,Neoplasms,5653,12,1.52,0.1497902924,0.78,2.66
305.00 ,"Alcohol abuse, unspecified",Mental disorders,1886,4,1.52,0.3437566124,0.41,3.9
717.9 ,Unspecified internal derangement...,Diseases of the musculoskeletal...,3290,7,1.52,0.2381222476,0.61,3.15
949.0 ,"Burn of unspecified site, unspecified...",Injury and poisoning,7075,15,1.52,0.1087216041,0.85,2.51
989.5 ,Toxic effect of venom,Injury and poisoning,5195,11,1.52,0.1866417428,0.76,2.72
728.89 ,"Other disorders of muscle, ligament,...",Diseases of the musculoskeletal...,12746,27,1.52,0.0415245451,1,2.22
274.89 ,Gout with other specified manifestations,"Endocrine, nutritional and metabolic...",5233,11,1.51,0.1885674614,0.75,2.7
296.30 ,"Major depressive affective disorder,...",Mental disorders,2362,5,1.51,0.2748696269,0.49,3.54
886.0 ,Traumatic amputation of other...,Injury and poisoning,2376,5,1.51,0.3970403562,0.49,3.52
724.4 ,Thoracic or lumbosacral neuritis...,Diseases of the musculoskeletal...,8078,17,1.51,0.0981615495,0.88,2.42
959.9 ,Unspecified site injury,Injury and poisoning,2363,5,1.51,0.3958965023,0.49,3.54
680.2 ,Carbuncle and furuncle of trunk,Diseases of the skin and subcutaneous...,1913,4,1.5,0.3494156554,0.41,3.84
682.8 ,Cellulitis and abscess of other...,Diseases of the skin and subcutaneous...,7155,15,1.5,0.1122871681,0.84,2.48
799.3 ,"Debility, unspecified","Comorbidities, signs, and ill-defined...",1903,4,1.5,0.3473033743,0.41,3.86
365.9 ,Unspecified glaucoma,Diseases of the nervous system,7661,16,1.5,0.1217037561,0.85,2.44
372.72 ,Conjunctival hemorrhage,Diseases of the nervous system,37557,78,1.5,0.0007708098,1.18,1.88
592.9 ,"Urinary calculus, unspecified",Diseases of the genitourinary...,56339,116,1.5,0.0000561877,1.23,1.81
110.9 ,Dermatophytosis of unspecified...,Infectious and parasitic diseases,48693,100,1.49,0.000210648,1.21,1.82
111.0 ,Pityriasis versicolor,Infectious and parasitic diseases,26657,55,1.49,0.0061416056,1.12,1.94
922.9 ,Contusion of unspecified part...,Injury and poisoning,8188,17,1.49,0.1020287677,0.86,2.39
682.2 ,Cellulitis and abscess of trunk,Diseases of the skin and subcutaneous...,2423,5,1.48,0.4015056805,0.48,3.45
698.0 ,Pruritus ani,Diseases of the skin and subcutaneous...,1927,4,1.48,0.3524041432,0.4,3.81
311 ,"Depressive disorder, not elsewhere...",Mental disorders,6773,14,1.48,0.1404334062,0.81,2.49
558.9 ,Other and unspecified noninfectious...,Diseases of the digestive system,306809,581,1.48,0.000000000000004098753,1.34,1.63
401.9 ,Unspecified essential hypertension,Diseases of the circulatory system,172053,337,1.47,0.0000000004463678,1.31,1.65
788.2 ,Retention of urine,"Comorbidities, signs, and ill-defined...",2430,5,1.47,0.4022137127,0.48,3.44
414.8 ,Other specified forms of chronic...,Diseases of the circulatory system,5347,11,1.47,0.1952706617,0.73,2.64
823.82 ,Closed fracture of unspecified...,Injury and poisoning,1952,4,1.47,0.3578281235,0.4,3.76
362.41 ,Central serous retinopathy,Diseases of the nervous system,4384,9,1.47,0.2225762904,0.67,2.8
578.1 ,Blood in stool,Diseases of the digestive system,3882,8,1.47,0.2742004407,0.64,2.91
738.4 ,Acquired spondylolisthesis,Diseases of the musculoskeletal...,3912,8,1.46,0.2766575239,0.63,2.89
250.90 ,"Diabetes with unspecified complication,...","Endocrine, nutritional and metabolic...",23124,47,1.46,0.0128523643,1.07,1.95
464.10 ,Acute tracheitis without mention...,Diseases of the respiratory system,128326,253,1.46,0.000000056498964,1.28,1.67
556 ,Idiopathic proctocolitis,Diseases of the digestive system,3436,7,1.46,0.3514095032,0.58,3.01
724 ,Other and unspecified disorders...,Diseases of the musculoskeletal...,5866,12,1.46,0.2148287423,0.76,2.57
372.00 ,"Acute conjunctivitis, unspecified",Diseases of the nervous system,119200,236,1.46,0.00000012099985,1.27,1.68
380.4 ,Impacted cerumen,Diseases of the nervous system,38820,78,1.45,0.0019304371,1.14,1.82
599.0 ,"Urinary tract infection, site...",Diseases of the genitourinary...,76332,152,1.45,0.0000231969,1.23,1.72
682 ,Other cellulitis and abscess,Diseases of the skin and subcutaneous...,7417,15,1.45,0.157665854,0.81,2.4
682.3 ,Cellulitis and abscess of upper...,Diseases of the skin and subcutaneous...,1976,4,1.45,0.3631353521,0.39,3.72
882.1 ,Open wound of hand except finger(s)...,Injury and poisoning,3948,8,1.45,0.2797785649,0.62,2.87
566 ,Abscess of anal and rectal regions,Diseases of the digestive system,6903,14,1.45,0.1919522479,0.79,2.44
726.19 ,Other specified disorders of bursae...,Diseases of the musculoskeletal...,6900,14,1.45,0.1918653097,0.79,2.45
780.9 ,Other general symptoms,"Comorbidities, signs, and ill-defined...",11478,23,1.44,0.1007868456,0.91,2.16
692.9 ,"Contact dermatitis and other eczema,...",Diseases of the skin and subcutaneous...,265685,499,1.44,0.00000000000340281,1.3,1.59
823.00 ,Closed fracture of upper end of...,Injury and poisoning,1987,4,1.44,0.3655990437,0.39,3.7
464.1 ,Acute tracheitis,Diseases of the respiratory system,15470,31,1.44,0.0507695041,0.97,2.05
531 ,Gastric ulcer,Diseases of the digestive system,10943,22,1.44,0.0936193534,0.9,2.19
372.56 ,Conjunctival deposits,Diseases of the nervous system,2479,5,1.44,0.4074683275,0.47,3.38
680 ,Carbuncle and furuncle,Diseases of the skin and subcutaneous...,3510,7,1.43,0.356655051,0.57,2.95
787.0 ,Nausea and vomiting,"Comorbidities, signs, and ill-defined...",30278,60,1.43,0.0101223894,1.09,1.85
686.8 ,Other specified local infections...,Diseases of the skin and subcutaneous...,37852,75,1.43,0.0033940755,1.12,1.8
691.8 ,Other atopic dermatitis and related...,Diseases of the skin and subcutaneous...,29763,59,1.43,0.0095568942,1.08,1.85
362.60 ,"Peripheral retinal degeneration,...",Diseases of the nervous system,3508,7,1.43,0.3565010729,0.57,2.95
723.9 ,Unspecified musculoskeletal disorders...,Diseases of the musculoskeletal...,3005,6,1.43,0.3249437657,0.52,3.12
727.01 ,Synovitis and tenosynovitis in...,Diseases of the musculoskeletal...,3007,6,1.43,0.3252272734,0.52,3.12
733.0 ,Osteoporosis,Diseases of the musculoskeletal...,3524,7,1.42,0.357751412,0.57,2.94
780.6 ,Fever,"Comorbidities, signs, and ill-defined...",67112,131,1.42,0.0002120514,1.18,1.7
487.8 ,Influenza with other manifestations,Diseases of the respiratory system,24321,48,1.42,0.0194235118,1.04,1.89
535.00 ,"Acute gastritis, without mention...",Diseases of the digestive system,153468,293,1.42,0.000000080171413,1.25,1.61
922.3 ,Contusion of back,Injury and poisoning,13608,27,1.42,0.0821352034,0.94,2.08
595.9 ,"Cystitis, unspecified",Diseases of the genitourinary...,17297,34,1.41,0.0513255566,0.97,1.98
464.20 ,Acute laryngotracheitis without...,Diseases of the respiratory system,61661,120,1.41,0.0004225996,1.17,1.7
854.0 ,Intracranial injury of other and...,Injury and poisoning,3052,6,1.41,0.3317661421,0.52,3.07
712 ,Crystal arthropathies,Diseases of the musculoskeletal...,2556,5,1.4,0.4167190614,0.45,3.27
564.5 ,Functional diarrhea,Diseases of the digestive system,22078,43,1.4,0.0362689367,1.01,1.89
726.0 ,Adhesive capsulitis of shoulder,Diseases of the musculoskeletal...,21018,41,1.4,0.0401271662,1,1.91
583 ,"Nephritis and nephropathy, not...",Diseases of the genitourinary...,3056,6,1.4,0.3323618638,0.51,3.07
373.11 ,Hordeolum externum,Diseases of the nervous system,36095,70,1.4,0.0082035819,1.09,1.78
070.51 ,Acute hepatitis C without mention...,Infectious and parasitic diseases,10834,21,1.39,0.1530959744,0.86,2.13
410.90 ,Acute myocardial infarction of...,Diseases of the circulatory system,2055,4,1.39,0.3812276365,0.38,3.57
789.0 ,Abdominal pain,"Comorbidities, signs, and ill-defined...",231347,425,1.39,0.0000000048438952,1.25,1.54
250.40 ,"Diabetes with renal manifestations,...","Endocrine, nutritional and metabolic...",7221,14,1.39,0.2054567146,0.76,2.34
825.0 ,"Fracture of calcaneus, closed",Injury and poisoning,2572,5,1.39,0.4187837052,0.45,3.25
722.10 ,Displacement of lumbar intervertebral...,Diseases of the musculoskeletal...,26401,51,1.39,0.0245892796,1.03,1.83
723.3 ,Cervicobrachial syndrome (diffuse),Diseases of the musculoskeletal...,5164,10,1.39,0.2631338948,0.66,2.56
724.2 ,Lumbago,Diseases of the musculoskeletal...,220095,405,1.39,0.000000010134504,1.24,1.54
844.0 ,Sprain of lateral collateral ligament...,Injury and poisoning,2069,4,1.38,0.5442860394,0.38,3.55
844.9 ,Sprains and strains of unspecified...,Injury and poisoning,13538,26,1.38,0.1053119691,0.9,2.02
715.36 ,"Osteoarthrosis, localized, not...",Diseases of the musculoskeletal...,17717,34,1.38,0.0682323183,0.95,1.93
346 ,Migraine,Diseases of the nervous system,3112,6,1.38,0.4624697023,0.51,3.01
883.0 ,"Open wound of finger(s), without...",Injury and poisoning,48320,92,1.38,0.0036440821,1.1,1.7
604.90 ,"Orchitis and epididymitis, unspecified",Diseases of the genitourinary...,4696,9,1.37,0.3232372509,0.63,2.61
386.11 ,Benign paroxysmal positional vertigo,Diseases of the nervous system,5234,10,1.37,0.348279475,0.65,2.52
440.9 ,Generalized and unspecified atherosclerosis,Diseases of the circulatory system,4163,8,1.37,0.3990350652,0.59,2.72
492 ,Emphysema,Diseases of the respiratory system,2616,5,1.37,0.4246973876,0.44,3.2
285.9 ,"Anemia, unspecified",Diseases of the blood and blood-forming...,14166,27,1.37,0.1125084475,0.9,1.99
845.09 ,Other sprains and strains of ankle,Injury and poisoning,6784,13,1.37,0.2507502028,0.73,2.35
922.1 ,Contusion of chest wall,Injury and poisoning,42534,81,1.37,0.0068821352,1.09,1.72
575.1 ,Other cholecystitis,Diseases of the digestive system,2617,5,1.37,0.4248356854,0.44,3.2
215.0 ,Other benign neoplasm of connective...,Neoplasms,4212,8,1.36,0.4017057129,0.59,2.68
487.1 ,Influenza with other respiratory...,Diseases of the respiratory system,163728,300,1.36,0.0000019670638,1.2,1.53
531.90 ,"Gastric ulcer, unspecified as...",Diseases of the digestive system,28463,54,1.36,0.030199081,1.02,1.79
884 ,Multiple and unspecified open...,Injury and poisoning,4206,8,1.36,0.4013603107,0.59,2.69
891.0 ,"Open wound of knee, leg [except...",Injury and poisoning,29670,56,1.36,0.0278358657,1.02,1.77
008.8 ,Intestinal infection due to other...,Infectious and parasitic diseases,2106,4,1.36,0.5477471642,0.37,3.49
386.10 ,"Peripheral vertigo, unspecified",Diseases of the nervous system,8487,16,1.35,0.2404143033,0.77,2.2
788.0 ,Renal colic,"Comorbidities, signs, and ill-defined...",20769,39,1.35,0.0747068801,0.96,1.85
692.79 ,Other dermatitis due to solar...,Diseases of the skin and subcutaneous...,5844,11,1.35,0.2911491872,0.67,2.42
427.31 ,Atrial fibrillation,Diseases of the circulatory system,2644,5,1.35,0.4286327111,0.44,3.16
436 ,"Acute, but ill-defined, cerebrovascular...",Diseases of the circulatory system,6886,13,1.35,0.2563687334,0.72,2.32
250.70 ,Diabetes with peripheral circulatory...,"Endocrine, nutritional and metabolic...",3696,7,1.35,0.3737197341,0.54,2.8
722.91 ,"Other and unspecified disc disorder,...",Diseases of the musculoskeletal...,4781,9,1.35,0.3302016886,0.61,2.56
370.23 ,Filamentary keratitis,Diseases of the nervous system,2122,4,1.35,0.5493333037,0.37,3.46
478.9 ,Other and unspecified diseases...,Diseases of the respiratory system,12293,23,1.34,0.1801356671,0.85,2.02
456.4 ,Scrotal varices,Diseases of the circulatory system,2662,5,1.34,0.4312298807,0.44,3.14
276.9 ,Electrolyte and fluid disorders...,"Endocrine, nutritional and metabolic...",2678,5,1.34,0.4335812062,0.43,3.12
355.0 ,Lesion of sciatic nerve,Diseases of the nervous system,3198,6,1.34,0.4686730819,0.49,2.93
724.3 ,Sciatica,Diseases of the musculoskeletal...,62098,115,1.34,0.0030557588,1.1,1.62
372.39 ,Other conjunctivitis,Diseases of the nervous system,4813,9,1.34,0.3330415555,0.61,2.55
402 ,Hypertensive heart disease,Diseases of the circulatory system,18863,35,1.33,0.0952205356,0.92,1.86
434.9 ,"Cerebral artery occlusion, unspecified",Diseases of the circulatory system,7536,14,1.33,0.2765692588,0.73,2.24
848 ,Other and ill-defined sprains...,Injury and poisoning,3226,6,1.33,0.4709586053,0.49,2.9
306.9 ,Unspecified psychophysiological...,Mental disorders,17823,33,1.33,0.1063970322,0.91,1.87
717.7 ,Chondromalacia of patella,Diseases of the musculoskeletal...,4294,8,1.33,0.4069242909,0.57,2.63
370.21 ,Punctate keratitis,Diseases of the nervous system,25398,47,1.33,0.0618282884,0.97,1.77
815.00 ,Closed fracture of metacarpal...,Injury and poisoning,2701,5,1.32,0.4370294474,0.43,3.1
881 ,"Open wound of elbow, forearm,...",Injury and poisoning,2713,5,1.32,0.438859535,0.43,3.08
535.10 ,"Atrophic gastritis, without mention...",Diseases of the digestive system,2705,5,1.32,0.4376371517,0.43,3.09
923.8 ,Contusion of multiple sites of...,Injury and poisoning,2703,5,1.32,0.4373330072,0.43,3.1
784.1 ,Throat pain,"Comorbidities, signs, and ill-defined...",18573,34,1.31,0.1138756771,0.91,1.84
414 ,Other forms of chronic ischemic...,Diseases of the circulatory system,8205,15,1.31,0.2965883144,0.73,2.16
533 ,"Peptic ulcer, site unspecified",Diseases of the digestive system,30071,55,1.31,0.0509810531,0.99,1.72
364.00 ,"Acute and subacute iridocyclitis,...",Diseases of the nervous system,4369,8,1.31,0.4124769645,0.56,2.59
574.00 ,Calculus of gallbladder with acute...,Diseases of the digestive system,2737,5,1.31,0.4425812952,0.42,3.06
799.9 ,Other unknown and unspecified...,"Comorbidities, signs, and ill-defined...",2759,5,1.3,0.4460625414,0.42,3.03
840 ,Sprains and strains of shoulder...,Injury and poisoning,2740,5,1.3,0.4430521538,0.42,3.05
873.49 ,Open wound of other and multiple...,Injury and poisoning,3863,7,1.3,0.5111768061,0.52,2.68
307.4 ,Specific disorders of sleep of...,Mental disorders,3295,6,1.3,0.4771123704,0.48,2.84
719.44 ,"Pain in joint, hand",Diseases of the musculoskeletal...,4397,8,1.3,0.4147315791,0.56,2.57
229.9 ,Benign neoplasm of unspecified...,Neoplasms,2772,5,1.29,0.4481498165,0.42,3.02
455 ,Hemorrhoids,Diseases of the circulatory system,12759,23,1.29,0.2320047489,0.82,1.94
714.0 ,Rheumatoid arthritis,Diseases of the musculoskeletal...,13278,24,1.29,0.1989396657,0.83,1.93
721 ,Spondylosis and allied disorders,Diseases of the musculoskeletal...,6080,11,1.29,0.3855010851,0.64,2.32
362.01 ,Background diabetic retinopathy,Diseases of the nervous system,4424,8,1.29,0.4169957828,0.56,2.56
780.3 ,Convulsions,"Comorbidities, signs, and ill-defined...",3357,6,1.28,0.483237154,0.47,2.79
692.4 ,Contact dermatitis and other eczema...,Diseases of the skin and subcutaneous...,15661,28,1.28,0.1957756141,0.85,1.86
706.2 ,Sebaceous cyst,Diseases of the skin and subcutaneous...,10030,18,1.28,0.2814504571,0.76,2.04
873.42 ,"Open wound of forehead, without...",Injury and poisoning,6155,11,1.28,0.3895467526,0.64,2.29
722 ,Intervertebral disc disorders,Diseases of the musculoskeletal...,6162,11,1.28,0.3899519547,0.64,2.29
924.10 ,Contusion of lower leg,Injury and poisoning,5019,9,1.28,0.4440110535,0.59,2.44
592 ,Calculus of kidney and ureter,Diseases of the genitourinary...,15634,28,1.28,0.1952446507,0.85,1.86
592.0 ,Calculus of kidney,Diseases of the genitourinary...,55233,98,1.28,0.020277542,1.03,1.57
110.5 ,Dermatophytosis of the body,Infectious and parasitic diseases,28826,51,1.27,0.0944871705,0.94,1.68
455.9 ,Residual hemorrhoidal skin tags,Diseases of the circulatory system,3384,6,1.27,0.4860695251,0.46,2.77
459.9 ,Unspecified circulatory system...,Diseases of the circulatory system,2819,5,1.27,0.6062604526,0.41,2.97
555.2 ,Regional enteritis of small intestine...,Diseases of the digestive system,3954,7,1.27,0.5165386232,0.51,2.62
918.1 ,Superficial injury of cornea,Injury and poisoning,30016,53,1.27,0.1007594152,0.95,1.67
923 ,Contusion of upper limb,Injury and poisoning,2806,5,1.27,0.6054537965,0.41,2.98
726.71 ,Achilles bursitis or tendinitis,Diseases of the musculoskeletal...,2814,5,1.27,0.6059471536,0.41,2.97
783.2 ,Abnormal loss of weight,"Comorbidities, signs, and ill-defined...",5689,10,1.26,0.4724549325,0.6,2.32
821.00 ,Closed fracture of unspecified...,Injury and poisoning,2276,4,1.26,0.5670518041,0.34,3.23
700 ,Corns and callosities,Diseases of the skin and subcutaneous...,6823,12,1.26,0.4133533288,0.65,2.2
881.00 ,"Open wound of forearm, without...",Injury and poisoning,10800,19,1.26,0.2999563441,0.76,1.97
577.0 ,Acute pancreatitis,Diseases of the digestive system,8522,15,1.26,0.3798044653,0.7,2.08
578.9 ,Hemorrhage of gastrointestinal...,Diseases of the digestive system,19900,35,1.26,0.1802119618,0.88,1.76
250.00 ,Diabetes mellitus without mention...,"Endocrine, nutritional and metabolic...",90775,157,1.25,0.007923347,1.06,1.48
702.1 ,Seborrheic keratosis,Diseases of the skin and subcutaneous...,4561,8,1.25,0.4297713115,0.54,2.48
357.2 ,Polyneuropathy in diabetes,Diseases of the nervous system,2855,5,1.25,0.6086263867,0.41,2.93
722.2 ,Displacement of intervertebral...,Diseases of the musculoskeletal...,16668,29,1.25,0.2500208625,0.83,1.8
370.40 ,"Keratoconjunctivitis, unspecified",Diseases of the nervous system,5149,9,1.25,0.4523675201,0.57,2.38
137 ,Late effects of TB,Infectious and parasitic diseases,4045,7,1.24,0.5229488342,0.5,2.56
216.4 ,Benign neoplasm of scalp and skin...,Neoplasms,2882,5,1.24,0.6105242417,0.4,2.9
891 ,"Open wound of knee, leg (except...",Injury and poisoning,4611,8,1.24,0.5486336895,0.53,2.45
723.4 ,"Brachial neuritis or radiculitis,...",Diseases of the musculoskeletal...,8076,14,1.24,0.3709190212,0.68,2.09
726.10 ,Disorders of bursae and tendons...,Diseases of the musculoskeletal...,10384,18,1.24,0.3541296686,0.73,1.97
924.5 ,Contusion of unspecified part...,Injury and poisoning,7513,13,1.24,0.43569649,0.66,2.12
381.01 ,Acute serous otitis media,Diseases of the nervous system,2318,4,1.23,0.5725591974,0.34,3.17
097.9 ,"Syphilis, unspecified",Infectious and parasitic diseases,2334,4,1.23,0.574722955,0.33,3.15
707.1 ,"Ulcer of lower limbs, except decubitus",Diseases of the skin and subcutaneous...,2318,4,1.23,0.5725591974,0.34,3.17
883 ,Open wound of finger(s),Injury and poisoning,7533,13,1.23,0.4364750581,0.66,2.12
535 ,Gastritis and duodenitis,Diseases of the digestive system,28616,49,1.23,0.1507490575,0.91,1.63
366 ,Cataract,Diseases of the nervous system,2325,4,1.23,0.573501538,0.33,3.16
923.00 ,Contusion of shoulder region,Injury and poisoning,8703,15,1.23,0.3866942318,0.69,2.04
729.0 ,"Rheumatism, unspecified and fibrositis",Diseases of the musculoskeletal...,7541,13,1.23,0.4367952988,0.66,2.11
379.91 ,Pain in or around eye,Diseases of the nervous system,2330,4,1.23,0.574178749,0.33,3.15
606.9 ,"Male infertility, unspecified",Diseases of the genitourinary...,2339,4,1.22,0.5754062277,0.33,3.14
782.4 ,"Jaundice, unspecified, not of...","Comorbidities, signs, and ill-defined...",3509,6,1.22,0.5003716848,0.45,2.67
345 ,Epilepsy,Diseases of the nervous system,2344,4,1.22,0.5760928154,0.33,3.13
724.9 ,Other unspecified back disorders,Diseases of the musculoskeletal...,14041,24,1.22,0.306635823,0.78,1.83
923.9 ,Contusion of unspecified part...,Injury and poisoning,7625,13,1.22,0.440456647,0.65,2.09
592.1 ,Calculus of ureter,Diseases of the genitourinary...,51259,87,1.22,0.0713100718,0.97,1.51
681.00 ,"Cellulitis and abscess of finger,...",Diseases of the skin and subcutaneous...,2943,5,1.21,0.6151809516,0.39,2.84
705.1 ,Prickly heat,Diseases of the skin and subcutaneous...,5912,10,1.21,0.4844573354,0.58,2.23
709.9 ,Unspecified disorder of skin and...,Diseases of the skin and subcutaneous...,50694,85,1.21,0.0908690158,0.96,1.5
724.5 ,"Backache, unspecified",Diseases of the musculoskeletal...,151376,252,1.21,0.004767743,1.06,1.38
574 ,Cholelithiasis,Diseases of the digestive system,5313,9,1.21,0.5769747916,0.55,2.31
728.71 ,Plantar fascial fibromatosis,Diseases of the musculoskeletal...,2362,4,1.21,0.5785914051,0.33,3.11
787.9 ,Other symptoms involving digestive...,"Comorbidities, signs, and ill-defined...",9540,16,1.2,0.41068901,0.68,1.95
429.3 ,Cardiomegaly,Diseases of the circulatory system,2385,4,1.2,0.5818431306,0.33,3.08
302.70 ,"Psychosexual dysfunction, unspecified",Mental disorders,2385,4,1.2,0.5818431306,0.33,3.08
873.43 ,"Open wound of lip, without mention...",Injury and poisoning,2376,4,1.2,0.5805630182,0.33,3.09
353.1 ,Lumbosacral plexus lesions,Diseases of the nervous system,2386,4,1.2,0.5819859647,0.33,3.08
884.0 ,Multiple and unspecified open...,Injury and poisoning,42557,71,1.2,0.1306589889,0.93,1.52
370.24 ,Photokeratitis,Diseases of the nervous system,2389,4,1.2,0.5824151787,0.33,3.07
571.9 ,Unspecified chronic liver disease...,Diseases of the digestive system,24589,41,1.2,0.2626064833,0.85,1.63
729.6 ,Residual foreign body in soft...,Diseases of the musculoskeletal...,1788,3,1.2,0.7434075672,0.25,3.51
605 ,Redundant prepuce and phimosis,Diseases of the genitourinary...,4202,7,1.19,0.5362154031,0.48,2.46
401 ,Essential hypertension,Diseases of the circulatory system,27648,46,1.19,0.2236594422,0.87,1.6
706.8 ,Other specified diseases of sebaceous...,Diseases of the skin and subcutaneous...,3002,5,1.19,0.620139884,0.39,2.79
300 ,Neurotic disorders,Mental disorders,21016,35,1.19,0.305524298,0.83,1.67
716.90 ,"Arthropathy, unspecified, site...",Diseases of the musculoskeletal...,47744,79,1.19,0.1353065288,0.94,1.49
358.9 ,"Myoneural disorders, unspecified",Diseases of the nervous system,2991,5,1.19,0.6191831528,0.39,2.8
366.9 ,Unspecified cataract,Diseases of the nervous system,2993,5,1.19,0.6193560338,0.39,2.79
373.12 ,Hordeolum internum,Diseases of the nervous system,40346,67,1.19,0.1562836276,0.92,1.52
780 ,General symptoms,"Comorbidities, signs, and ill-defined...",3638,6,1.18,0.6520564701,0.43,2.57
388.2 ,"Sudden hearing loss, unspecified",Diseases of the nervous system,2426,4,1.18,0.5877937226,0.32,3.03
682.9 ,Cellulitis and abscess of unspecified...,Diseases of the skin and subcutaneous...,57464,94,1.18,0.1246929175,0.95,1.45
790.6 ,Other abnormal blood chemistry,"Comorbidities, signs, and ill-defined...",18236,30,1.18,0.3685621082,0.79,1.69
380.22 ,Other acute otitis externa,Diseases of the nervous system,18951,31,1.17,0.3776972659,0.79,1.67
244.9 ,Unspecified acquired hypothyroidism,"Endocrine, nutritional and metabolic...",1831,3,1.17,0.7466476207,0.24,3.43
250.50 ,"Diabetes with ophthalmic manifestations,...","Endocrine, nutritional and metabolic...",2438,4,1.17,0.5895704134,0.32,3.01
250.80 ,Diabetes with other specified...,"Endocrine, nutritional and metabolic...",2448,4,1.17,0.5910624732,0.32,3
841.9 ,Sprains and strains of unspecified...,Injury and poisoning,6094,10,1.17,0.6030698784,0.56,2.16
844.8 ,Sprains and strains of other specified...,Injury and poisoning,2441,4,1.17,0.5900169495,0.32,3.01
873.8 ,Other and unspecified open wound...,Injury and poisoning,7412,12,1.16,0.5338690707,0.6,2.03
371.42 ,Recurrent erosion of cornea,Diseases of the nervous system,3081,5,1.16,0.6274151225,0.38,2.71
715.11 ,"Osteoarthrosis, localized, primary,...",Diseases of the musculoskeletal...,1858,3,1.15,0.7488039264,0.24,3.38
715.9 ,"Osteoarthrosis, unspecified whether...",Diseases of the musculoskeletal...,13739,22,1.15,0.490917864,0.72,1.74
715.96 ,"Osteoarthrosis, unspecified whether...",Diseases of the musculoskeletal...,7481,12,1.15,0.639259644,0.59,2.01
882 ,Open wound of hand except finger(s)...,Injury and poisoning,4339,7,1.15,0.6803143905,0.46,2.38
535.0 ,Acute gastritis,Diseases of the digestive system,34623,55,1.14,0.3439879282,0.85,1.49
357.4 ,Polyneuropathy in other diseases...,Diseases of the nervous system,5036,8,1.14,0.7025181535,0.49,2.24
726.1 ,"Rotator cuff syndrome of shoulder,...",Diseases of the musculoskeletal...,3141,5,1.14,0.6333781329,0.37,2.66
930.0 ,Corneal foreign body,Injury and poisoning,102178,161,1.14,0.1193905167,0.96,1.33
781.9 ,Other symptoms involving nervous...,"Comorbidities, signs, and ill-defined...",7603,12,1.13,0.6424936531,0.58,1.98
681.9 ,Cellulitis and abscess of unspecified...,Diseases of the skin and subcutaneous...,6946,11,1.13,0.6276989002,0.56,2.03
911.0 ,"Abrasion or friction burn of trunk,...",Injury and poisoning,4413,7,1.13,0.6836666223,0.46,2.34
571.0 ,Alcoholic fatty liver,Diseases of the digestive system,6332,10,1.13,0.6133345974,0.54,2.08
371.8 ,Other corneal disorders,Diseases of the nervous system,1892,3,1.13,0.7516423964,0.23,3.32
389.9 ,Unspecified hearing loss,Diseases of the nervous system,10878,17,1.12,0.6056925004,0.65,1.79
162.9 ,Malignant neoplasm of bronchus...,Neoplasms,2544,4,1.12,0.7859467391,0.31,2.88
789 ,Other symptoms involving abdomen...,"Comorbidities, signs, and ill-defined...",4465,7,1.12,0.6862808209,0.45,2.31
239.9 ,"Neoplasm of unspecified nature,...",Neoplasms,1913,3,1.12,0.7534596267,0.23,3.28
891.1 ,"Open wound of knee, leg [except...",Injury and poisoning,6403,10,1.12,0.7353199073,0.53,2.06
560.1 ,Paralytic ileus,Diseases of the digestive system,3197,5,1.12,0.809406817,0.36,2.62
403.90 ,"Hypertensive chronic kidney disease,...",Diseases of the circulatory system,1934,3,1.11,0.7553226681,0.23,3.25
692.5 ,Contact dermatitis and other eczema...,Diseases of the skin and subcutaneous...,3872,6,1.11,0.6678544602,0.41,2.42
250.01 ,Diabetes mellitus without mention...,"Endocrine, nutritional and metabolic...",2581,4,1.11,0.7877605023,0.3,2.84
829.0 ,"Fracture of unspecified bone,...",Injury and poisoning,3868,6,1.11,0.6675449937,0.41,2.42
274 ,Gout,"Endocrine, nutritional and metabolic...",28270,44,1.11,0.4693089683,0.81,1.5
306.2 ,Cardiovascular malfunction arising...,Mental disorders,2582,4,1.11,0.7878111467,0.3,2.84
924.20 ,Contusion of foot,Injury and poisoning,8344,13,1.11,0.657990135,0.59,1.91
372.02 ,Acute follicular conjunctivitis,Diseases of the nervous system,5171,8,1.11,0.7075274952,0.48,2.18
788.9 ,Other symptoms involving urinary...,"Comorbidities, signs, and ill-defined...",2604,4,1.1,0.7889462382,0.3,2.82
823.80 ,Closed fracture of unspecified...,Injury and poisoning,2601,4,1.1,0.7887891235,0.3,2.82
873.0 ,"Open wound of scalp, without mention...",Injury and poisoning,23319,36,1.1,0.5360935583,0.77,1.53
530.2 ,Ulcer of esophagus,Diseases of the digestive system,7126,11,1.1,0.7488050582,0.55,1.98
716.9 ,"Arthropathy, unspecified",Diseases of the musculoskeletal...,22777,35,1.1,0.5324179296,0.76,1.53
550.90 ,"Inguinal hernia, without mention...",Diseases of the digestive system,5853,9,1.1,0.7241693491,0.5,2.09
583.9 ,"Nephritis and nephropathy, not...",Diseases of the genitourinary...,6472,10,1.1,0.7367751349,0.53,2.04
405.99 ,Other unspecified secondary hypertension,Diseases of the circulatory system,3275,5,1.09,0.8118357105,0.35,2.55
274.11 ,Uric acid nephrolithiasis,"Endocrine, nutritional and metabolic...",1960,3,1.09,0.7576890168,0.23,3.2
715.37 ,"Osteoarthrosis, localized, not...",Diseases of the musculoskeletal...,1959,3,1.09,0.7575968323,0.23,3.21
913.0 ,"Abrasion or friction burn of elbow,...",Injury and poisoning,9857,15,1.09,0.6845890267,0.61,1.8
927.3 ,Crushing injury of finger(s),Injury and poisoning,8513,13,1.09,0.6633390881,0.58,1.87
780.0 ,Alteration of consciousness,"Comorbidities, signs, and ill-defined...",2640,4,1.08,0.7908871165,0.29,2.78
686.9 ,Unspecified local infection of...,Diseases of the skin and subcutaneous...,89432,135,1.08,0.3571080645,0.9,1.29
216 ,Benign neoplasm of skin,Neoplasms,7914,12,1.08,0.7614687407,0.56,1.9
276.8 ,Hypopotassemia,"Endocrine, nutritional and metabolic...",1985,3,1.08,0.7600226379,0.22,3.16
295 ,Schizophrenic disorders,Mental disorders,3980,6,1.08,0.8294983666,0.39,2.35
370 ,Keratitis,Diseases of the nervous system,2637,4,1.08,0.7907215446,0.29,2.78
923.20 ,Contusion of hand(s),Injury and poisoning,6591,10,1.08,0.7398402999,0.52,2
680.8 ,Carbuncle and furuncle of other...,Diseases of the skin and subcutaneous...,2672,4,1.07,0.7926948414,0.29,2.75
698.9 ,Unspecified pruritic disorder,Diseases of the skin and subcutaneous...,40922,61,1.07,0.591965644,0.81,1.38
523.9 ,Unspecified gingival and periodontal...,Diseases of the digestive system,7355,11,1.07,0.7538049069,0.53,1.92
882.0 ,Open wound of hand except finger(s)...,Injury and poisoning,27428,41,1.07,0.6252173615,0.76,1.46
585 ,Chronic renal failure,Diseases of the genitourinary...,12749,19,1.07,0.721098489,0.64,1.67
728.85 ,Spasm of muscle,Diseases of the musculoskeletal...,6004,9,1.07,0.7296905416,0.49,2.04
608.89 ,Other specified disorders of male...,Diseases of the genitourinary...,2022,3,1.06,0.7635726779,0.22,3.11
716.99 ,"Arthropathy, unspecified, multiple...",Diseases of the musculoskeletal...,3385,5,1.06,0.8159178064,0.34,2.47
722.1 ,Displacement of thoracic or lumbar...,Diseases of the musculoskeletal...,4059,6,1.06,0.8315950697,0.39,2.3
571.3 ,"Alcoholic liver damage, unspecified",Diseases of the digestive system,8785,13,1.06,0.7741704488,0.56,1.81
726.11 ,Calcifying tendinitis of shoulder,Diseases of the musculoskeletal...,2695,4,1.06,0.7940395122,0.29,2.72
591 ,Hydronephrosis,Diseases of the genitourinary...,15483,23,1.06,0.7452297195,0.67,1.6
008.6 ,"Virus Enteritis, specified",Infectious and parasitic diseases,2021,3,1.06,0.763475311,0.22,3.11
843.9 ,Sprains and strains of unspecified...,Injury and poisoning,6124,9,1.05,0.8627937163,0.48,2
718.40 ,"Contracture of joint, site unspecified",Diseases of the musculoskeletal...,3418,5,1.05,0.8172785155,0.34,2.45
719.40 ,"Pain in joint, site unspecified",Diseases of the musculoskeletal...,65549,96,1.05,0.6310419845,0.85,1.29
920 ,"Contusion of face, scalp, and...",Injury and poisoning,22565,33,1.05,0.787444717,0.72,1.47
373.1 ,Hordeolum and other deep inflammation...,Diseases of the nervous system,11602,17,1.05,0.8026072938,0.61,1.68
599.9 ,Unspecified disorder of urethra...,Diseases of the genitourinary...,8917,13,1.04,0.7771428355,0.55,1.79
434 ,Occlusion of cerebral arteries,Diseases of the circulatory system,2052,3,1.04,0.7665278559,0.22,3.06
840.8 ,Sprains and strains of other specified...,Injury and poisoning,3442,5,1.04,0.8183045815,0.34,2.43
873.4 ,"Facial laceration, without mention...",Injury and poisoning,11012,16,1.04,0.798285874,0.59,1.69
532 ,Duodenal ulcer,Diseases of the digestive system,10997,16,1.04,0.7980366399,0.59,1.69
723.0 ,Spinal stenosis in cervical region,Diseases of the musculoskeletal...,5476,8,1.04,0.8550650912,0.45,2.06
571.8 ,Other chronic nonalcoholic liver...,Diseases of the digestive system,19980,29,1.04,0.7754977643,0.69,1.49
845.00 ,"Sprain of ankle, unspecified site",Injury and poisoning,12455,18,1.03,0.8100911768,0.61,1.64
519.9 ,Unspecified disease of respiratory...,Diseases of the respiratory system,5549,8,1.03,0.8564416484,0.44,2.03
303.90 ,Other and unspecified alcohol...,Mental disorders,5527,8,1.03,0.8560095108,0.45,2.04
011.90 ,"Pulmonary tuberculosis, unspecified,...",Infectious and parasitic diseases,6276,9,1.02,0.8650715943,0.47,1.95
842.01 ,Sprain of carpal (joint) of wrist,Injury and poisoning,2108,3,1.02,0.7722048894,0.21,2.98
715.35 ,"Osteoarthrosis, localized, not...",Diseases of the musculoskeletal...,4192,6,1.02,0.8357678348,0.37,2.23
816.00 ,Closed fracture of phalanx or...,Injury and poisoning,5649,8,1.01,0.8585850322,0.44,2
250.0 ,Diabetes Mellitus w/m of complication,"Endocrine, nutritional and metabolic...",25489,36,1.01,0.9325902841,0.7,1.4
870.0 ,Laceration of skin of eyelid and...,Injury and poisoning,4254,6,1.01,0.8379608933,0.37,2.2
571 ,Chronic liver disease and cirrhosis,Diseases of the digestive system,13505,19,1.01,0.9080234305,0.6,1.57
571.1 ,Acute alcoholic hepatitis,Diseases of the digestive system,4245,6,1.01,0.8376335082,0.37,2.2
443.9 ,"Peripheral vascular disease, unspecified",Diseases of the circulatory system,6420,9,1,0.8677721118,0.46,1.91
933.0 ,Foreign body in pharynx,Injury and poisoning,15788,22,1,1,0.62,1.51
943.00 ,Burn of unspecified degree of...,Injury and poisoning,2152,3,1,1,0.21,2.92
593.2 ,"Cyst of kidney, acquired",Diseases of the genitourinary...,2134,3,1,0.77490287,0.21,2.94
594.2 ,Calculus in urethra,Diseases of the genitourinary...,3601,5,0.99,1,0.32,2.32
110.8 ,Dermatophytosis of other specified...,Infectious and parasitic diseases,3595,5,0.99,1,0.32,2.32
842.10 ,"Sprain of hand, unspecified site",Injury and poisoning,2883,4,0.99,1,0.27,2.54
854.00 ,Intracranial injury of other and...,Injury and poisoning,10798,15,0.99,1,0.55,1.64
540.9 ,Acute appendicitis without mention...,Diseases of the digestive system,5048,7,0.99,1,0.4,2.05
919.0 ,"Abrasion or friction burn of other,...",Injury and poisoning,20209,28,0.99,1,0.66,1.43
924.11 ,Contusion of knee,Injury and poisoning,12936,18,0.99,1,0.59,1.58
379.8 ,Other specified disorders of eye...,Diseases of the nervous system,4336,6,0.99,1,0.36,2.16
684 ,Impetigo,Diseases of the skin and subcutaneous...,3673,5,0.97,1,0.32,2.27
921.3 ,Contusion of eyeball,Injury and poisoning,3669,5,0.97,1,0.32,2.28
578.0 ,Hematemesis,Diseases of the digestive system,2204,3,0.97,1,0.2,2.85
373.2 ,Chalazion,Diseases of the nervous system,12540,17,0.97,1,0.56,1.55
511.0 ,Pleurisy without mention of effusion...,Diseases of the respiratory system,2222,3,0.96,1,0.2,2.83
848.8 ,Other specified sites of sprains...,Injury and poisoning,8898,12,0.96,1,0.5,1.69
536 ,Disorders of function of stomach,Diseases of the digestive system,23016,31,0.96,0.9291487424,0.65,1.37
977.9 ,Poisoning by unspecified drug...,Injury and poisoning,2224,3,0.96,1,0.2,2.82
709.8 ,Other specified disorders of skin,Diseases of the skin and subcutaneous...,11304,15,0.95,1,0.53,1.57
848.9 ,Unspecified site of sprain and...,Injury and poisoning,114200,152,0.95,0.5649709593,0.8,1.12
530.8 ,Other specified disorders of esophagus,Diseases of the digestive system,2998,4,0.95,1,0.26,2.45
715.98 ,"Osteoarthrosis, unspecified whether...",Diseases of the musculoskeletal...,3018,4,0.95,1,0.26,2.43
910.0 ,"Abrasion or friction burn of face,...",Injury and poisoning,9804,13,0.95,1,0.5,1.62
573 ,Other disorders of liver,Diseases of the digestive system,2260,3,0.95,1,0.2,2.78
782.1 ,Rash and other nonspecific skin...,"Comorbidities, signs, and ill-defined...",9148,12,0.94,1,0.48,1.64
155.2 ,"Malignant neoplasm of liver, not...",Neoplasms,3054,4,0.94,1,0.25,2.4
250 ,Diabetes mellitus,"Endocrine, nutritional and metabolic...",25729,34,0.94,0.8010511569,0.65,1.32
250.6 ,Diabetes with neurological manifestations,"Endocrine, nutritional and metabolic...",3818,5,0.94,1,0.3,2.19
713.8 ,Arthropathy associated with other...,Diseases of the musculoskeletal...,2278,3,0.94,1,0.19,2.76
719.46 ,"Pain in joint, lower leg",Diseases of the musculoskeletal...,15154,20,0.94,0.912907413,0.57,1.46
555.9 ,Regional enteritis of unspecified...,Diseases of the digestive system,12129,16,0.94,1,0.54,1.53
916.0 ,"Abrasion or friction burn of hip,...",Injury and poisoning,18290,24,0.94,0.842282059,0.6,1.4
958.3 ,Posttraumatic wound infection...,Injury and poisoning,16019,21,0.94,0.915130121,0.58,1.43
351.0 ,Bell's palsy,Diseases of the nervous system,4587,6,0.93,1,0.34,2.04
573.8 ,Other specified disorders of liver,Diseases of the digestive system,5395,7,0.93,1,0.37,1.91
038.9 ,Unspecified septicemia,Infectious and parasitic diseases,5458,7,0.92,1,0.37,1.89
785.6 ,Enlargement of lymph nodes,"Comorbidities, signs, and ill-defined...",3122,4,0.92,1,0.25,2.35
155.0 ,"Malignant neoplasm of liver, primary",Neoplasms,7766,10,0.92,1,0.44,1.69
789.5 ,Ascites,"Comorbidities, signs, and ill-defined...",2335,3,0.92,1,0.19,2.69
519 ,Other diseases of respiratory...,Diseases of the respiratory system,2341,3,0.92,1,0.19,2.68
555.0 ,Regional enteritis of small intestine,Diseases of the digestive system,3104,4,0.92,1,0.25,2.36
041.9 ,"Bacterial infection, unspecified,...",Infectious and parasitic diseases,10942,14,0.91,0.89748608,0.5,1.54
782.2 ,"Localized superficial swelling,...","Comorbidities, signs, and ill-defined...",2351,3,0.91,1,0.19,2.67
826.0 ,Closed fracture of one or more...,Injury and poisoning,3149,4,0.91,1,0.25,2.33
873 ,Other open wound of head,Injury and poisoning,5514,7,0.91,1,0.36,1.87
873.1 ,"Open wound of scalp, complicated",Injury and poisoning,2355,3,0.91,1,0.19,2.67
370.00 ,"Corneal ulcer, unspecified",Diseases of the nervous system,5476,7,0.91,1,0.37,1.89
008.5 ,"Bacterial enteritis, unspecified",Infectious and parasitic diseases,4712,6,0.91,1,0.33,1.98
594.1 ,Other calculus in bladder,Diseases of the genitourinary...,2350,3,0.91,1,0.19,2.67
784.2 ,"Swelling, mass, or lump in head...","Comorbidities, signs, and ill-defined...",5534,7,0.9,1,0.36,1.87
787.7 ,Abnormal feces,"Comorbidities, signs, and ill-defined...",4749,6,0.9,1,0.33,1.97
272 ,Disorders of lipoid metabolism,"Endocrine, nutritional and metabolic...",15772,20,0.9,0.7481431591,0.55,1.4
844.2 ,Sprain of cruciate ligament of...,Injury and poisoning,2380,3,0.9,1,0.19,2.64
850.0 ,Concussion with no loss of consciousness,Injury and poisoning,7913,10,0.9,0.8802725035,0.43,1.66
727.89 ,"Other disorders of synovium, tendon,...",Diseases of the musculoskeletal...,3188,4,0.9,1,0.24,2.3
683 ,Acute lymphadenitis,Diseases of the skin and subcutaneous...,3200,4,0.89,1,0.24,2.29
813.81 ,Closed fracture of unspecified...,Injury and poisoning,2397,3,0.89,1,0.18,2.62
881.02 ,"Open wound of wrist, without mention...",Injury and poisoning,2395,3,0.89,1,0.18,2.62
910 ,"Superficial injury of face, neck,...",Injury and poisoning,2416,3,0.89,1,0.18,2.6
041.8 ,Other specified bacterial infections,Infectious and parasitic diseases,3241,4,0.88,1,0.24,2.26
379.90 ,"Disorder of eye, unspecified",Diseases of the nervous system,3231,4,0.88,1,0.24,2.27
719.41 ,"Pain in joint, shoulder region",Diseases of the musculoskeletal...,11461,14,0.87,0.7070030124,0.48,1.47
571.2 ,Alcoholic cirrhosis of liver,Diseases of the digestive system,5712,7,0.87,0.8600620444,0.35,1.81
434.0 ,Cerebral thrombosis,Diseases of the circulatory system,3308,4,0.86,1,0.23,2.22
362.0 ,Diabetic retinopathy,Diseases of the nervous system,2504,3,0.86,1,0.18,2.51
723.5 ,"Torticollis, unspecified",Diseases of the musculoskeletal...,3332,4,0.86,1,0.23,2.2
854.09 ,Intracranial injury of other and...,Injury and poisoning,3348,4,0.85,1,0.23,2.19
873.40 ,"Open wound of face, unspecified...",Injury and poisoning,26866,32,0.85,0.409909669,0.58,1.2
890.0 ,"Open wound of hip and thigh, without...",Injury and poisoning,4239,5,0.84,1,0.27,1.97
924.3 ,Contusion of toe,Injury and poisoning,2548,3,0.84,1,0.17,2.46
372.40 ,"Pterygium, unspecified",Diseases of the nervous system,10204,12,0.84,0.6889455318,0.43,1.47
850.9 ,"Concussion, unspecified",Injury and poisoning,8640,10,0.83,0.6648019854,0.4,1.52
945.00 ,Burn of unspecified degree of...,Injury and poisoning,2578,3,0.83,1,0.17,2.43
715.38 ,"Osteoarthrosis, localized, not...",Diseases of the musculoskeletal...,2618,3,0.82,1,0.17,2.4
894.0 ,Multiple and unspecified open...,Injury and poisoning,42375,49,0.82,0.1876103772,0.61,1.09
373.13 ,Abscess of eyelid,Diseases of the nervous system,6123,7,0.82,0.7320526832,0.33,1.68
110 ,Dermatophytosis,Infectious and parasitic diseases,5294,6,0.81,0.8523921122,0.3,1.76
879.9 ,Open wound(s) (multiple) of unspecified...,Injury and poisoning,1782,2,0.8,1,0.1,2.9
555.1 ,Regional enteritis of large intestine,Diseases of the digestive system,3550,4,0.8,1,0.22,2.06
571.5 ,Cirrhosis of liver without mention...,Diseases of the digestive system,23959,27,0.8,0.2953258003,0.53,1.17
155 ,Malignant liver and intrahepatic...,Neoplasms,1802,2,0.79,1,0.1,2.87
709.2 ,Scar conditions and fibrosis of...,Diseases of the skin and subcutaneous...,2714,3,0.79,1,0.16,2.31
912.0 ,Abrasion or friction burn of shoulder...,Injury and poisoning,2716,3,0.79,1,0.16,2.31
928.3 ,Crushing injury of toe(s),Injury and poisoning,1798,2,0.79,1,0.1,2.88
586 ,"Renal failure, unspecified",Diseases of the genitourinary...,4507,5,0.79,0.8402904337,0.26,1.85
702.8 ,Other specified dermatoses,Diseases of the skin and subcutaneous...,5465,6,0.78,0.7160335499,0.29,1.71
882.2 ,Open wound of hand except finger(s)...,Injury and poisoning,1820,2,0.78,1,0.09,2.84
719.43 ,"Pain in joint, forearm",Diseases of the musculoskeletal...,1828,2,0.78,1,0.09,2.83
362.9 ,Unspecified retinal disorder,Diseases of the nervous system,1842,2,0.78,1,0.09,2.81
225.0 ,Benign neoplasm of brain,Neoplasms,1847,2,0.77,1,0.09,2.8
294.9 ,Unspecified persistent mental...,Mental disorders,1859,2,0.77,1,0.09,2.78
716.16 ,"Traumatic arthropathy, lower leg",Diseases of the musculoskeletal...,1855,2,0.77,1,0.09,2.79
716.96 ,"Arthropathy, unspecified, lower...",Diseases of the musculoskeletal...,3711,4,0.77,0.8248666999,0.21,1.97
917.0 ,Abrasion or friction burn of foot...,Injury and poisoning,6466,7,0.77,0.6170687616,0.31,1.6
574.50 ,Calculus of bile duct without...,Diseases of the digestive system,1848,2,0.77,1,0.09,2.8
437.9 ,Unspecified cerebrovascular disease,Diseases of the circulatory system,6613,7,0.76,0.6186035091,0.3,1.56
850 ,Concussion,Injury and poisoning,4678,5,0.76,0.6957453765,0.25,1.78
875.0 ,"Open wound of chest (wall), without...",Injury and poisoning,1869,2,0.76,1,0.09,2.77
883.2 ,"Open wound of finger(s), with...",Injury and poisoning,3767,4,0.76,0.825483238,0.21,1.94
530 ,Diseases of esophagus,Diseases of the digestive system,1914,2,0.75,1,0.09,2.7
904.9 ,Injury to blood vessels of unspecified...,Injury and poisoning,1905,2,0.75,1,0.09,2.71
924.21 ,Contusion of ankle,Injury and poisoning,4731,5,0.75,0.6960939571,0.24,1.76
695.89 ,Other specified erythematous conditions,Diseases of the skin and subcutaneous...,4791,5,0.74,0.6967755542,0.24,1.74
914.0 ,Abrasion or friction burn of hand(s)...,Injury and poisoning,5746,6,0.74,0.595952252,0.27,1.63
608.4 ,Other inflammatory disorders of...,Diseases of the genitourinary...,1957,2,0.73,1,0.09,2.64
215.2 ,Other benign neoplasm of connective...,Neoplasms,1946,2,0.73,1,0.09,2.66
349.89 ,Other specified disorders of nervous...,Diseases of the nervous system,3899,4,0.73,0.8276758508,0.2,1.88
211.5 ,Benign neoplasm of liver and biliary...,Neoplasms,4988,5,0.72,0.5706946141,0.23,1.67
427 ,Cardiac dysrhythmias,Diseases of the circulatory system,6914,7,0.72,0.5167065066,0.29,1.49
710.9 ,Unspecified diffuse connective...,Diseases of the musculoskeletal...,1995,2,0.72,1,0.09,2.59
854.01 ,Intracranial injury of other and...,Injury and poisoning,5945,6,0.72,0.5987925012,0.26,1.57
924.01 ,Contusion of hip,Injury and poisoning,2954,3,0.72,0.8047612531,0.15,2.12
437 ,Other and ill-defined cerebrovascular...,Diseases of the circulatory system,2041,2,0.7,1,0.08,2.53
429.2 ,"Cardiovascular disease, unspecified",Diseases of the circulatory system,2079,2,0.69,1,0.08,2.49
822.0 ,Closed fracture of patella,Injury and poisoning,2057,2,0.69,1,0.08,2.51
582 ,Chronic glomerulonephritis,Diseases of the genitourinary...,2081,2,0.69,1,0.08,2.48
998.5 ,Postoperative infection,Injury and poisoning,5171,5,0.69,0.5729185175,0.22,1.61
881.0 ,"Open wound of elbow, forearm,...",Injury and poisoning,2095,2,0.68,1,0.08,2.47
893.1 ,"Open wound of toe(s), complicated",Injury and poisoning,2114,2,0.68,1,0.08,2.45
715.3 ,"Osteoarthrosis, localized, not...",Diseases of the musculoskeletal...,3184,3,0.67,0.8090427267,0.14,1.97
367.20 ,"Astigmatism, unspecified",Diseases of the nervous system,2138,2,0.67,1,0.08,2.42
455.1 ,Internal thrombosed hemorrhoids,Diseases of the circulatory system,2166,2,0.66,0.7756886975,0.08,2.39
729.81 ,Swelling of limb,Diseases of the musculoskeletal...,3291,3,0.65,0.6394387218,0.13,1.9
038 ,Septicemia,Infectious and parasitic diseases,2214,2,0.64,0.7760149229,0.08,2.33
727.3 ,Other bursitis,Diseases of the musculoskeletal...,2233,2,0.64,0.7762320927,0.08,2.31
147.9 ,"Malignant neoplasm of nasopharynx,...",Neoplasms,4526,4,0.63,0.5452147716,0.17,1.62
345.90 ,"Epilepsy, unspecified, without...",Diseases of the nervous system,5709,5,0.62,0.3740974785,0.2,1.46
372.9 ,Unspecified disorder of conjunctiva,Diseases of the nervous system,3449,3,0.62,0.6433487111,0.13,1.82
411.1 ,Intermediate coronary syndrome,Diseases of the circulatory system,2337,2,0.61,0.778253079,0.07,2.21
854 ,Intracranial injury of other and...,Injury and poisoning,2361,2,0.6,0.7789083655,0.07,2.19
345.9 ,"Epilepsy, unspecified",Diseases of the nervous system,2394,2,0.6,0.7799176529,0.07,2.16
379.23 ,Vitreous hemorrhage,Diseases of the nervous system,2373,2,0.6,0.7792610963,0.07,2.18
077.1 ,Epidemic keratoconjunctivitis,Infectious and parasitic diseases,15755,13,0.59,0.0530408242,0.31,1.01
350.1 ,Trigeminal neuralgia,Diseases of the nervous system,2416,2,0.59,0.7806578183,0.07,2.14
570 ,Acute and subacute necrosis of...,Diseases of the digestive system,3603,3,0.59,0.5023982841,0.12,1.74
789.9 ,Other symptoms involving abdomen...,"Comorbidities, signs, and ill-defined...",2467,2,0.58,0.7825711167,0.07,2.09
880.00 ,"Open wound of shoulder region,...",Injury and poisoning,2477,2,0.58,0.594775398,0.07,2.09
111.9 ,"Dermatomycosis, unspecified",Infectious and parasitic diseases,9917,8,0.57,0.1360316491,0.25,1.13
608 ,Other disorders of male genital...,Diseases of the genitourinary...,2569,2,0.56,0.5957089743,0.07,2.01
216.8 ,Benign neoplasm of other specified...,Neoplasms,3810,3,0.56,0.5085716319,0.12,1.64
733.42 ,Aseptic necrosis of head and neck...,Diseases of the musculoskeletal...,5214,4,0.55,0.2673848269,0.15,1.4
079.9 ,Unspecified viral and chlamydial...,Infectious and parasitic diseases,3858,3,0.55,0.3907159191,0.11,1.62
527.2 ,Sialoadenitis,Diseases of the digestive system,2575,2,0.55,0.5958292668,0.07,2.01
719.00 ,"Effusion of joint, site unspecified",Diseases of the musculoskeletal...,2590,2,0.55,0.5961607838,0.07,1.99
537.9 ,Unspecified disorder of stomach...,Diseases of the digestive system,3906,3,0.55,0.3910175501,0.11,1.6
916 ,"Superficial injury of hip, thigh,...",Injury and poisoning,2614,2,0.55,0.5967814365,0.07,1.98
726.31 ,Medial epicondylitis,Diseases of the musculoskeletal...,2643,2,0.54,0.5976764197,0.07,1.95
416 ,Chronic pulmonary heart disease,Diseases of the circulatory system,2702,2,0.53,0.5999695364,0.06,1.91
830 ,Dislocation of jaw,Injury and poisoning,2709,2,0.53,0.6002822859,0.06,1.91
883.1 ,"Open wound of finger(s), complicated",Injury and poisoning,9824,7,0.51,0.0762815063,0.2,1.05
698.4 ,Dermatitis factitia [artefacta],Diseases of the skin and subcutaneous...,7187,5,0.5,0.1503019586,0.16,1.16
845.0 ,Sprains and strains of ankle,Injury and poisoning,2880,2,0.5,0.4526172442,0.06,1.79
922.2 ,Contusion of abdominal wall,Injury and poisoning,4282,3,0.5,0.3029077315,0.1,1.46
411.89 ,Other acute and subacute forms...,Diseases of the circulatory system,3002,2,0.48,0.4564711081,0.06,1.72
438 ,Late effects of cerebrovascular...,Diseases of the circulatory system,7480,5,0.48,0.1172062138,0.15,1.11
355.9 ,Mononeuritis of unspecified site,Diseases of the nervous system,2979,2,0.48,0.4555108417,0.06,1.73
894 ,Multiple and unspecified open...,Injury and poisoning,4490,3,0.48,0.2314723019,0.1,1.39
799.8 ,Other ill-defined conditions,"Comorbidities, signs, and ill-defined...",4662,3,0.46,0.233943523,0.09,1.34
879.6 ,Open wound of other and unspecified...,Injury and poisoning,3112,2,0.46,0.3405670778,0.06,1.66
229 ,Benign neoplasm of other and unspecificd...,Neoplasms,1801,0,0.4,0.1915188603,,1.46
719.42 ,"Pain in joint, upper arm",Diseases of the musculoskeletal...,1783,1,0.4,0.5291617905,0.01,2.23
719.45 ,"Pain in joint, pelvic region and...",Diseases of the musculoskeletal...,3591,2,0.4,0.2577547332,0.05,1.44
959.5 ,Finger injury,Injury and poisoning,1793,0,0.4,0.1909129572,,1.47
959.7 ,"Knee, leg, ankle, and foot injury",Injury and poisoning,3596,2,0.4,0.2579162044,0.05,1.43
824.8 ,"Unspecified fracture of ankle,...",Injury and poisoning,1844,0,0.39,0.1951152436,,1.43
919 ,"Superficial injury of other, multiple,...",Injury and poisoning,1867,1,0.38,0.5312189344,0.01,2.13
011.9 ,"Pulmonary TB, unspecified",Infectious and parasitic diseases,1895,1,0.38,0.5323792735,0.01,2.1
959.8 ,"Other specified sites, including...",Injury and poisoning,1948,0,0.37,0.1238586527,,1.35
005.9 ,"Food poisoning, unspecified",Infectious and parasitic diseases,1936,1,0.37,0.534479542,0.01,2.06
454.9 ,Asymptomatic varicose veins,Diseases of the circulatory system,1956,1,0.36,0.5356703399,0.01,2.04
876.0 ,"Open wound of back, without mention...",Injury and poisoning,1974,1,0.36,0.5368319425,0.01,2.02
519.8 ,Other diseases of respiratory...,Diseases of the respiratory system,2020,1,0.35,0.5401721825,0.01,1.97
528.6 ,"Leukoplakia of oral mucosa, including...",Diseases of the digestive system,2019,1,0.35,0.5400940599,0.01,1.97
716.68 ,"Unspecified monoarthritis, other...",Diseases of the musculoskeletal...,2043,1,0.35,0.5420342671,0.01,1.95
840.0 ,Acromioclavicular (joint) (ligament)...,Injury and poisoning,2166,0,0.33,0.0829502822,,1.22
715.31 ,"Osteoarthrosis, localized, not...",Diseases of the musculoskeletal...,2146,1,0.33,0.3833182878,0.01,1.86
011 ,Pulmoary tuberculosis,Infectious and parasitic diseases,2253,1,0.32,0.3879128317,0.01,1.77
145.9 ,"Malignant neoplasm of mouth, unspecified",Neoplasms,2300,0,0.31,0.0853632774,,1.14
412 ,Old myocardial infarction,Diseases of the circulatory system,2303,1,0.31,0.3911551712,0.01,1.73
367.0 ,Hypermetropia,Diseases of the nervous system,2324,1,0.31,0.3927119523,0.01,1.71
597.8 ,Other urethritis,Diseases of the genitourinary...,2353,1,0.3,0.3950443024,0.01,1.69
810.00 ,"Closed fracture of clavicle, unspecified...",Injury and poisoning,4687,2,0.3,0.0764357303,0.04,1.1
250.4 ,Diabetes with renal manifestations,"Endocrine, nutritional and metabolic...",2370,1,0.3,0.2750172395,0.01,1.68
894.1 ,Multiple and unspecified open...,Injury and poisoning,2359,1,0.3,0.3955527133,0.01,1.69
923.3 ,Contusion of finger,Injury and poisoning,4694,2,0.3,0.0764755931,0.04,1.1
370.49 ,Other keratoconjunctivitis,Diseases of the nervous system,4724,2,0.3,0.0766945877,0.04,1.09
511.9 ,Unspecified pleural effusion,Diseases of the respiratory system,2457,1,0.29,0.2762202603,0.01,1.62
365.11 ,Primary open angle glaucoma,Diseases of the nervous system,2423,0,0.29,0.0560882894,,1.09
385.32 ,Cholesteatoma of middle ear,Diseases of the nervous system,2587,0,0.28,0.0580832635,,1.02
594 ,Calculus of lower urilnary tract,Diseases of the genitourinary...,2605,0,0.27,0.0585205525,,1.01
710.2 ,Sicca syndrome,Diseases of the musculoskeletal...,2717,1,0.26,0.1976087481,0.01,1.46
724.8 ,Other symptoms referable to back,Diseases of the musculoskeletal...,2854,0,0.25,0.0393161999,,0.92
372.12 ,Chronic follicular conjunctivitis,Diseases of the nervous system,2821,1,0.25,0.2001237098,0.01,1.41
704.01 ,Alopecia areata,Diseases of the skin and subcutaneous...,2952,1,0.24,0.2065846955,0.01,1.35
316 ,Psychic factors associated with...,Mental disorders,2942,1,0.24,0.2059682305,0.01,1.35
362.02 ,Proliferative diabetic retinopathy,Diseases of the nervous system,2950,0,0.24,0.041243381,,0.89
840.4 ,Rotator cuff (capsule) sprain,Injury and poisoning,3053,1,0.23,0.1419343912,0.01,1.3
880.03 ,"Open wound of upper arm, without...",Injury and poisoning,3124,1,0.23,0.1436156761,0.01,1.27
360.89 ,Other disorders of globe,Diseases of the nervous system,3292,1,0.22,0.1008096455,0.01,1.21
580 ,Acute glomerulonephritis,Diseases of the genitourinary...,4392,0,0.16,0.0038307677,,0.6
431 ,Intracerebral hemorrhage,Diseases of the circulatory system,6540,0,0.11,0.0001839239,,0.4
