disease_2,disease_name,category,count,co_occurrence,odds_ratio,p_value,95_ci_lower,95_ci_upper
783.4 ,Lack of expected normal physiological...,"Comorbidities, signs, and ill-defined...",17946,1111,109.09,< 0.0001,99.93,119.11
783.9 ,"Other symptoms concerning nutrition,...","Comorbidities, signs, and ill-defined...",2021,107,48.58,1.03065e-134,39.47,59.25
277.9 ,Unspecified disorder of metabolism,"Endocrine, nutritional and metabolic...",2174,77,31.46,7.33946e-84,24.63,39.68
579.9 ,Unspecified intestinal malabsorption,Diseases of the digestive system,2210,40,15.52,5.34966e-33,11.03,21.28
243 ,Congenital hypothyroidism,"Endocrine, nutritional and metabolic...",2356,35,12.67,2.984742e-26,8.78,17.72
282.4 ,Thalassemias,Diseases of the blood and blood-forming...,2234,31,11.8,1.412043e-22,7.98,16.85
285.9 ,"Anemia, unspecified",Diseases of the blood and blood-forming...,11476,135,10.43,8.629852e-85,8.69,12.43
280.9 ,"Iron deficiency anemia, unspecified",Diseases of the blood and blood-forming...,2227,24,9.11,0.000000000000002025438,5.81,13.62
759.9 ,"Congenital anomaly, unspecified",Congenital anomalies,2136,20,7.89,0.000000000005204593,4.8,12.24
127.9 ,"Intestinal helminthiasis, unspecified",Infectious and parasitic diseases,2502,22,7.41,0.000000000001554338,4.62,11.27
317 ,Mild intellectual disabilities,Mental disorders,3840,32,7.04,6.736063e-17,4.8,9.99
318.0 ,Moderate intellectual disabilities,Mental disorders,2153,18,7.03,0.0000000003522593,4.15,11.16
315.8 ,Other specified delays in development,Mental disorders,4773,39,6.92,5.677564e-20,4.9,9.51
319 ,Unspecified intellectual disabilities,Mental disorders,4601,35,6.43,3.785061e-17,4.46,8.99
315.9 ,Unspecified delay in development,Mental disorders,12021,88,6.32,1.227236e-39,5.04,7.83
571.40 ,"Chronic hepatitis, unspecified",Diseases of the digestive system,2473,18,6.11,0.0000000030030978,3.61,9.7
343.9 ,"Infantile cerebral palsy, unspecified",Diseases of the nervous system,5417,29,4.5,0.000000000078858,3,6.49
752.6 ,Hypospadias,Congenital anomalies,2884,14,4.06,0.0000167703,2.21,6.83
573.3 ,"Hepatitis, unspecified",Diseases of the digestive system,2779,13,3.91,0.0000480152,2.07,6.71
314 ,Hyperkinetic syndrome of childhood,Mental disorders,3031,14,3.86,0.0000286531,2.1,6.5
306.7 ,Disorder of organs of special...,Mental disorders,3273,15,3.83,0.0000165085,2.14,6.34
531.7 ,"Gastric ulcer, chronic without...",Diseases of the digestive system,2664,12,3.76,0.0001307295,1.94,6.59
315.5 ,Mixed development disorder,Mental disorders,10143,45,3.74,0.0000000000003636745,2.72,5.03
136.9 ,Unspecified infectious and parasitic...,Infectious and parasitic diseases,3809,17,3.73,0.0000065492076,2.17,6
314.1 ,Hyperkinesis with developmental...,Mental disorders,2268,10,3.68,0.0005435772,1.76,6.79
709.0 ,Dyschromia,Diseases of the skin and subcutaneous...,3678,16,3.64,0.0000164279,2.07,5.93
307.6 ,Enuresis,Mental disorders,5297,23,3.64,0.00000027267986,2.3,5.48
715.90 ,"Osteoarthrosis, unspecified whether...",Diseases of the musculoskeletal...,2110,9,3.56,0.0012683472,1.62,6.78
314.0 ,Attention deficit disorder,Mental disorders,5975,25,3.51,0.00000016724016,2.26,5.2
427.9 ,"Cardiac dysrhythmia, unspecified",Diseases of the circulatory system,5888,24,3.41,0.00000046129222,2.18,5.1
314.01 ,Attention deficit disorder with...,Mental disorders,12087,48,3.35,0.000000000002893503,2.46,4.46
596.5 ,Other functional disorders of...,Diseases of the genitourinary...,2328,9,3.22,0.0024471927,1.47,6.14
315.4 ,Developmental coordination disorder,Mental disorders,4210,16,3.17,0.0000794463,1.81,5.17
300.0 ,Anxiety states,Mental disorders,3211,12,3.12,0.0006825149,1.61,5.46
315.3 ,Developmental speech or language...,Mental disorders,12464,46,3.11,0.00000000008619395,2.27,4.17
747.0 ,Patent ductus arteriosus,Congenital anomalies,2176,8,3.06,0.0055783817,1.32,6.05
345.90 ,"Epilepsy, unspecified, without...",Diseases of the nervous system,9038,33,3.06,0.000000047189338,2.1,4.32
709.2 ,Scar conditions and fibrosis of...,Diseases of the skin and subcutaneous...,3034,11,3.02,0.0014204082,1.5,5.43
128.9 ,"Helminth infection, unspecified",Infectious and parasitic diseases,5327,19,2.98,0.0000416321,1.79,4.67
374.0 ,Entropion and trichiasis of eyelid,Diseases of the nervous system,3397,12,2.95,0.0010986787,1.52,5.16
378.0 ,Esotropia,Diseases of the nervous system,2546,9,2.94,0.0043641694,1.34,5.61
785.3 ,Other abnormal heart sounds,"Comorbidities, signs, and ill-defined...",3216,11,2.85,0.0022215469,1.42,5.12
349.9 ,Unspecified disorders of nervous...,Diseases of the nervous system,12713,43,2.85,0.0000000043924678,2.05,3.85
367.81 ,Transient refractive change,Diseases of the nervous system,4107,14,2.84,0.0006243628,1.55,4.79
742.9 ,Unspecified congenital anomaly...,Congenital anomalies,2666,9,2.81,0.0058308307,1.28,5.35
378.10 ,"Exotropia, unspecified",Diseases of the nervous system,4819,16,2.77,0.0003534944,1.58,4.51
367.0 ,Hypermetropia,Diseases of the nervous system,33192,107,2.76,5.185974e-19,2.25,3.36
381.06 ,Acute allergic sanguinous otitis...,Diseases of the nervous system,2152,7,2.71,0.0169336476,1.09,5.6
378.1 ,Exophopia,Diseases of the nervous system,2467,8,2.7,0.0113011523,1.16,5.34
315.39 ,Other developmental speech or...,Mental disorders,17795,57,2.7,0.000000000110109,2.04,3.52
786.50 ,"Chest pain, unspecified","Comorbidities, signs, and ill-defined...",6995,22,2.63,0.0000681559,1.64,3.99
429.9 ,"Heart disease, unspecified",Diseases of the circulatory system,2225,7,2.62,0.01987847,1.05,5.41
307.81 ,Tension headache,Mental disorders,2554,8,2.61,0.0136443233,1.12,5.15
788.3 ,Incontinence of urine,"Comorbidities, signs, and ill-defined...",7207,22,2.55,0.0001037212,1.59,3.87
998.5 ,Postoperative infection,Injury and poisoning,1994,6,2.5,0.0358521201,0.92,5.46
345 ,Epilepsy,Diseases of the nervous system,2339,7,2.49,0.0251625875,1,5.15
368.00 ,"Amblyopia, unspecified",Diseases of the nervous system,22822,67,2.48,0.0000000001277331,1.92,3.17
367.20 ,"Astigmatism, unspecified",Diseases of the nervous system,45686,128,2.41,1.386851e-17,2,2.88
378.9 ,Unspecified disorder of eye movements,Diseases of the nervous system,4491,13,2.41,0.0038740956,1.28,4.14
389.10 ,"Sensorineural hearing loss, unspecified",Diseases of the nervous system,3799,11,2.41,0.0074866609,1.2,4.33
368.0 ,Amblyopia ex anopsia,Diseases of the nervous system,8025,23,2.39,0.000241014,1.51,3.6
813.83 ,Closed fracture of unspecified...,Injury and poisoning,2088,6,2.39,0.0431300401,0.87,5.22
765.10 ,"Other preterm infants, unspecified...",Certain conditions originating...,3872,11,2.37,0.0085457254,1.18,4.24
870 ,Open wound of ocular adnexa,Injury and poisoning,3883,11,2.36,0.008714875,1.17,4.23
700 ,Corns and callosities,Diseases of the skin and subcutaneous...,3181,9,2.35,0.0167715736,1.07,4.48
473.0 ,Chronic maxillary sinusitis,Diseases of the respiratory system,3184,9,2.35,0.0168622436,1.07,4.48
765.1 ,Disorders relating to other preterm...,Certain conditions originating...,3205,9,2.34,0.017506982,1.07,4.45
786.5 ,Chest pain,"Comorbidities, signs, and ill-defined...",3920,11,2.34,0.0093028942,1.16,4.19
314.00 ,Attention deficit disorder without...,Mental disorders,3197,9,2.34,0.0172592861,1.07,4.46
322.9 ,"Meningitis, unspecified",Diseases of the nervous system,6127,17,2.31,0.002251466,1.34,3.72
922.2 ,Contusion of abdominal wall,Injury and poisoning,3247,9,2.31,0.0188500253,1.05,4.39
873.52 ,"Open wound of forehead, complicated",Injury and poisoning,3257,9,2.3,0.0191804994,1.05,4.38
372.11 ,Simple chronic conjunctivitis,Diseases of the nervous system,48275,129,2.29,3.862234e-16,1.9,2.74
389.9 ,Unspecified hearing loss,Diseases of the nervous system,9871,27,2.29,0.0001178322,1.5,3.34
749.2 ,"Cleft palate with cleft lip, unspecified",Congenital anomalies,2181,6,2.29,0.0511795911,0.84,4.99
266.9 ,Unspecified vitamin B deficiency,"Endocrine, nutritional and metabolic...",2910,8,2.29,0.0269833204,0.99,4.52
922.3 ,Contusion of back,Injury and poisoning,3634,10,2.29,0.0144229404,1.1,4.22
701.4 ,Keloid scar,Diseases of the skin and subcutaneous...,3283,9,2.28,0.0200593276,1.04,4.34
752.5 ,Undescended testicle,Congenital anomalies,11064,30,2.27,0.0000779273,1.53,3.25
379.91 ,Pain in or around eye,Diseases of the nervous system,6310,17,2.25,0.0027067273,1.3,3.61
367.2 ,Astigmatism,Diseases of the nervous system,25253,67,2.24,0.0000000074414186,1.73,2.86
599.8 ,Other specified disorders of urethra...,Diseases of the genitourinary...,2608,7,2.23,0.0412432698,0.9,4.61
372.13 ,Vernal conjunctivitis,Diseases of the nervous system,11255,30,2.23,0.0000930683,1.5,3.19
381.1 ,Chronic serous otitis media,Diseases of the nervous system,5971,16,2.23,0.0038273041,1.27,3.64
734 ,Flat foot,Diseases of the musculoskeletal...,5230,14,2.23,0.0072565647,1.22,3.75
314.9 ,Unspecified hyperkinetic syndrome,Mental disorders,5968,16,2.23,0.0038152249,1.27,3.64
367.1 ,Myopia,Diseases of the nervous system,184949,442,2.23,1.001329e-43,2,2.48
372.1 ,Chronic conjunctivitis,Diseases of the nervous system,60975,156,2.21,1.016288e-17,1.86,2.6
533.90 ,"Peptic ulcer of unspecified site,...",Diseases of the digestive system,2273,6,2.19,0.0599871622,0.8,4.79
370.20 ,"Superficial keratitis, unspecified",Diseases of the nervous system,6144,16,2.17,0.0046431979,1.24,3.53
746.9 ,Unspecified congenital anomaly...,Congenital anomalies,19491,50,2.16,0.0000012803436,1.59,2.85
839.8 ,"Closed dislocation, multiple and...",Injury and poisoning,1922,5,2.16,0.0857726401,0.7,5.06
728.9 ,"Unspecified disorder of muscle,...",Diseases of the musculoskeletal...,3097,8,2.15,0.0367571881,0.93,4.25
785.6 ,Enlargement of lymph nodes,"Comorbidities, signs, and ill-defined...",8925,23,2.15,0.0010019383,1.36,3.24
527.2 ,Sialoadenitis,Diseases of the digestive system,2721,7,2.14,0.0496204395,0.86,4.42
753.9 ,Unspecified anomaly of urinary...,Congenital anomalies,1973,5,2.11,0.0932251073,0.68,4.93
588.9 ,Unspecified disorder resulting...,Diseases of the genitourinary...,1968,5,2.11,0.0924802262,0.68,4.94
745.4 ,Ventricular septal defect,Congenital anomalies,6756,17,2.1,0.0069536523,1.22,3.37
785.2 ,Undiagnosed cardiac murmurs,"Comorbidities, signs, and ill-defined...",16771,42,2.1,0.000016144,1.51,2.85
370.49 ,Other keratoconjunctivitis,Diseases of the nervous system,4022,10,2.07,0.0343176633,0.99,3.81
791.0 ,Proteinuria,"Comorbidities, signs, and ill-defined...",2432,6,2.05,0.0772018166,0.75,4.48
799.9 ,Other unknown and unspecified...,"Comorbidities, signs, and ill-defined...",2441,6,2.04,0.0782514812,0.75,4.46
477.8 ,Allergic rhinitis due to other...,Diseases of the respiratory system,23835,57,2.01,0.0000030142837,1.52,2.62
345.9 ,"Epilepsy, unspecified",Diseases of the nervous system,6676,16,2,0.0114137254,1.14,3.25
477.9 ,"Allergic rhinitis, cause unspecified",Diseases of the respiratory system,386152,764,1.98,2.06203e-48,1.81,2.16
380.15 ,Chronic mycotic otitis externa,Diseases of the nervous system,4230,10,1.97,0.0415042262,0.94,3.63
112 ,Candidiasis,Infectious and parasitic diseases,2542,6,1.96,0.1369443843,0.72,4.28
229.8 ,Benign neoplasm of other specified...,Neoplasms,2120,5,1.96,0.1164676801,0.63,4.59
854.0 ,Intracranial injury of other and...,Injury and poisoning,6373,15,1.96,0.0163121841,1.09,3.24
424.0 ,Mitral valve disorders,Diseases of the circulatory system,2131,5,1.95,0.1183084413,0.63,4.56
894 ,Multiple and unspecified open...,Injury and poisoning,2981,7,1.95,0.100003977,0.78,4.03
788.4 ,Frequency of urination and polyuria,"Comorbidities, signs, and ill-defined...",10734,25,1.94,0.0028884044,1.25,2.88
813.81 ,Closed fracture of unspecified...,Injury and poisoning,3870,9,1.93,0.0576505597,0.88,3.68
729.4 ,"Fasciitis, unspecified",Diseases of the musculoskeletal...,6945,16,1.92,0.0141862295,1.09,3.12
892.1 ,Open wound of foot except toe(s)...,Injury and poisoning,2591,6,1.92,0.1406146816,0.7,4.2
523.0 ,Acute gingivitis,Diseases of the digestive system,4354,10,1.91,0.0468662113,0.91,3.52
789 ,Other symptoms involving abdomen...,"Comorbidities, signs, and ill-defined...",5254,12,1.9,0.0414327864,0.98,3.33
367.9 ,Unspecified disorder of refraction...,Diseases of the nervous system,144508,306,1.88,2.380068e-21,1.66,2.12
053.9 ,Herpes zoster without mention...,Infectious and parasitic diseases,5759,13,1.88,0.0329393499,1,3.22
921.1 ,Contusion of eyelids and periocular...,Injury and poisoning,2645,6,1.88,0.14510241,0.69,4.11
599.7 ,Hematuria,Diseases of the genitourinary...,8479,19,1.87,0.0110349927,1.12,2.92
854 ,Intracranial injury of other and...,Injury and poisoning,4005,9,1.87,0.0652882967,0.85,3.56
900.9 ,Injury to unspecified blood vessel...,Injury and poisoning,2223,5,1.87,0.2024149384,0.61,4.37
927.3 ,Crushing injury of finger(s),Injury and poisoning,4493,10,1.85,0.0776702712,0.89,3.41
708 ,Urticaria,Diseases of the skin and subcutaneous...,14920,33,1.85,0.0012159102,1.27,2.6
127.4 ,Enterobiasis,Infectious and parasitic diseases,22156,49,1.85,0.0000832826,1.37,2.46
783.0 ,Anorexia,"Comorbidities, signs, and ill-defined...",16796,37,1.84,0.0006978001,1.29,2.55
873.8 ,Other and unspecified open wound...,Injury and poisoning,18166,40,1.84,0.0005029716,1.31,2.52
372.14 ,Other chronic allergic conjunctivitis,Diseases of the nervous system,269555,528,1.82,6.460255e-30,1.65,2.01
870.0 ,Laceration of skin of eyelid and...,Injury and poisoning,10978,24,1.82,0.0078627308,1.16,2.72
315.31 ,Expressive language disorder,Mental disorders,3647,8,1.82,0.0904774941,0.79,3.6
813 ,Fracture of radius and ulna,Injury and poisoning,2307,5,1.8,0.2111522471,0.58,4.21
883 ,Open wound of finger(s),Injury and poisoning,3698,8,1.8,0.0946160568,0.77,3.55
367 ,"Infantile, juvenile, and presenile...",Diseases of the nervous system,16705,36,1.8,0.0010755912,1.26,2.5
368.13 ,Visual discomfort,Diseases of the nervous system,74460,156,1.79,0.00000000007285788,1.51,2.11
477.0 ,Allergic rhinitis due to pollen,Diseases of the respiratory system,7471,16,1.78,0.0280775293,1.02,2.9
942.00 ,Burn of unspecified degree of...,Injury and poisoning,2344,5,1.77,0.2154303286,0.57,4.15
054.9 ,Herpes simplex without mention...,Infectious and parasitic diseases,10841,23,1.77,0.0113899319,1.12,2.66
780.4 ,Dizziness and giddiness,"Comorbidities, signs, and ill-defined...",24191,51,1.77,0.0002412381,1.31,2.33
381.4 ,"Nonsuppurative otitis media, not...",Diseases of the nervous system,21827,46,1.76,0.0003783393,1.29,2.36
367.89 ,Other disorders of refraction...,Diseases of the nervous system,23991,50,1.75,0.0003290067,1.29,2.31
945.00 ,Burn of unspecified degree of...,Injury and poisoning,4273,9,1.75,0.1136554598,0.8,3.33
578.9 ,Hemorrhage of gastrointestinal...,Diseases of the digestive system,2854,6,1.75,0.1665461713,0.64,3.81
729.1 ,"Myalgia and myositis, unspecified",Diseases of the musculoskeletal...,17301,36,1.74,0.0019548342,1.21,2.41
333.3 ,Tics of organic origin,Diseases of the nervous system,1913,4,1.74,0.3013474482,0.47,4.46
921.3 ,Contusion of eyeball,Injury and poisoning,7187,15,1.74,0.0394049343,0.97,2.87
560.39 ,Other impaction of intestine,Diseases of the digestive system,22288,46,1.73,0.0006186334,1.26,2.31
816.00 ,Closed fracture of phalanx or...,Injury and poisoning,1925,4,1.72,0.3028790449,0.47,4.43
367.51 ,Paresis of accommodation,Diseases of the nervous system,5349,11,1.71,0.075530701,0.85,3.07
605 ,Redundant prepuce and phimosis,Diseases of the genitourinary...,66531,134,1.71,0.000000019837859,1.43,2.04
372.8 ,Other disorders of conjunctiva,Diseases of the nervous system,2922,6,1.71,0.1748096857,0.62,3.72
129 ,"Intestinal parasitism, unspecified",Infectious and parasitic diseases,6306,13,1.71,0.0648213008,0.91,2.94
692.3 ,Contact dermatitis and other eczema...,Diseases of the skin and subcutaneous...,7834,16,1.7,0.0470189807,0.97,2.77
379.99 ,Other ill-defined disorders of...,Diseases of the nervous system,5415,11,1.69,0.1100111306,0.84,3.03
799.8 ,Other ill-defined conditions,"Comorbidities, signs, and ill-defined...",5920,12,1.69,0.0860273368,0.87,2.95
388.8 ,Other disorders of ear,Diseases of the nervous system,3955,8,1.68,0.158911446,0.72,3.32
476.1 ,Chronic laryngotracheitis,Diseases of the respiratory system,1975,4,1.68,0.3096105873,0.46,4.32
593.7 ,Vesicoureteral reflux,Diseases of the genitourinary...,3983,8,1.67,0.1607890959,0.72,3.3
034.1 ,Scarlet fever,Infectious and parasitic diseases,3509,7,1.66,0.2116814447,0.66,3.42
077.2 ,Pharyngoconjunctival fever,Infectious and parasitic diseases,11560,23,1.66,0.0213374677,1.05,2.49
381.10 ,"Chronic serous otitis media, simple...",Diseases of the nervous system,5517,11,1.66,0.1135661178,0.83,2.97
891.0 ,"Open wound of knee, leg [except...",Injury and poisoning,19600,39,1.66,0.0034776868,1.18,2.28
374.05 ,Trichiasis of eyelid without entropion,Diseases of the nervous system,15635,31,1.65,0.0101787088,1.12,2.36
848.9 ,Unspecified site of sprain and...,Injury and poisoning,21725,43,1.65,0.0021463082,1.19,2.24
719.8 ,Other specified disorders of joint,Diseases of the musculoskeletal...,2532,5,1.64,0.2408022367,0.53,3.84
536 ,Disorders of function of stomach,Diseases of the digestive system,13219,26,1.64,0.0163523922,1.07,2.41
916.0 ,"Abrasion or friction burn of hip,...",Injury and poisoning,10660,21,1.64,0.0337885441,1.01,2.51
923.10 ,Contusion of forearm,Injury and poisoning,2029,4,1.64,0.3174782103,0.45,4.2
052.8 ,Chickenpox with unspecified complication,Infectious and parasitic diseases,8651,17,1.63,0.0590974251,0.95,2.63
701.1 ,"Keratoderma, acquired",Diseases of the skin and subcutaneous...,3565,7,1.63,0.2155929517,0.65,3.37
528.5 ,Diseases of lips,Diseases of the digestive system,5593,11,1.63,0.1167123696,0.81,2.93
535.4 ,Other specified gastritis,Diseases of the digestive system,3561,7,1.63,0.2152994361,0.66,3.37
368.03 ,Refractive amblyopia,Diseases of the nervous system,14392,28,1.62,0.0152715603,1.07,2.35
379.8 ,Other specified disorders of eye...,Diseases of the nervous system,6151,12,1.62,0.0955917494,0.84,2.84
380.2 ,Other otitis externa,Diseases of the nervous system,2568,5,1.62,0.246287251,0.52,3.78
372.15 ,Parasitic conjunctivitis,Diseases of the nervous system,2061,4,1.61,0.3224129682,0.44,4.14
372.3 ,Other and unspecified conjunctivitis,Diseases of the nervous system,18824,36,1.6,0.0080215371,1.11,2.22
307.20 ,"Tic disorder, unspecified",Mental disorders,2070,4,1.6,0.3238355415,0.44,4.12
367.53 ,Spasm of accommodation,Diseases of the nervous system,12566,24,1.59,0.0279787278,1.02,2.37
372.10 ,"Chronic conjunctivitis, unspecified",Diseases of the nervous system,210305,377,1.59,0.000000000000009271845,1.42,1.77
461.1 ,Acute frontal sinusitis,Diseases of the respiratory system,5211,10,1.59,0.1546892736,0.76,2.94
854.01 ,Intracranial injury of other and...,Injury and poisoning,13065,25,1.59,0.0299469034,1.03,2.36
372.12 ,Chronic follicular conjunctivitis,Diseases of the nervous system,6897,13,1.57,0.1137680647,0.83,2.69
716.90 ,"Arthropathy, unspecified, site...",Diseases of the musculoskeletal...,2114,4,1.57,0.3309992019,0.43,4.03
493.9 ,"Asthma, unspecified",Diseases of the respiratory system,78982,146,1.57,0.00000074587637,1.32,1.86
873 ,Other open wound of head,Injury and poisoning,13276,25,1.57,0.0317606484,1.01,2.32
362.21 ,Retrolental fibroplasia,Diseases of the nervous system,2637,5,1.57,0.2572981159,0.51,3.68
784.5 ,Other speech disturbance,"Comorbidities, signs, and ill-defined...",14385,27,1.56,0.0286675729,1.03,2.28
933.0 ,Foreign body in pharynx,Injury and poisoning,11808,22,1.55,0.045289916,0.97,2.35
959.9 ,Unspecified site injury,Injury and poisoning,2684,5,1.55,0.2651483934,0.5,3.62
072.9 ,Mumps without mention of complication,Infectious and parasitic diseases,7490,14,1.55,0.1284861276,0.85,2.61
472.1 ,Chronic pharyngitis,Diseases of the respiratory system,16185,30,1.54,0.0224026586,1.04,2.21
556 ,Idiopathic proctocolitis,Diseases of the digestive system,4857,9,1.54,0.2064142544,0.7,2.93
370.21 ,Punctate keratitis,Diseases of the nervous system,21881,40,1.53,0.0106959201,1.09,2.08
052 ,Chickenpox,Infectious and parasitic diseases,11960,22,1.53,0.0618676348,0.96,2.32
528 ,"Disease of the oral soft tissues,...",Diseases of the digestive system,2714,5,1.53,0.2702977399,0.5,3.58
564.1 ,Irritable bowel syndrome,Diseases of the digestive system,21874,40,1.53,0.0106716691,1.09,2.09
008.5 ,"Bacterial enteritis, unspecified",Infectious and parasitic diseases,13112,24,1.52,0.0561813078,0.97,2.27
829.0 ,"Fracture of unspecified bone,...",Injury and poisoning,2186,4,1.52,0.3434170121,0.41,3.9
493.0 ,Extrinsic asthma,Diseases of the respiratory system,7107,13,1.52,0.1232908949,0.81,2.61
923.00 ,Contusion of shoulder region,Injury and poisoning,2187,4,1.52,0.3435951402,0.41,3.9
727.00 ,"Synovitis and tenosynovitis, unspecified",Diseases of the musculoskeletal...,12676,23,1.51,0.0534133309,0.95,2.27
890.0 ,"Open wound of hip and thigh, without...",Injury and poisoning,2757,5,1.51,0.3971154939,0.49,3.52
367.8 ,Other disorders of refraction...,Diseases of the nervous system,3878,7,1.5,0.2447462405,0.6,3.1
373.13 ,Abscess of eyelid,Diseases of the nervous system,10505,19,1.5,0.0879344023,0.9,2.36
697.9 ,"Lichen, unspecified",Diseases of the skin and subcutaneous...,2217,4,1.5,0.3490064907,0.41,3.84
698 ,Pruritus and related conditions,Diseases of the skin and subcutaneous...,4418,8,1.5,0.2687667006,0.65,2.97
704.9 ,Unspecified disease of hair and...,Diseases of the skin and subcutaneous...,2220,4,1.5,0.3495546543,0.41,3.84
564.0 ,Constipation,Diseases of the digestive system,211824,362,1.5,0.0000000000189725,1.34,1.68
924 ,Contusion of lower limb and of...,Injury and poisoning,2222,4,1.49,0.3499207904,0.41,3.84
373.1 ,Hordeolum and other deep inflammation...,Diseases of the nervous system,18484,33,1.49,0.0320553859,1.02,2.1
473.9 ,Unspecified sinusitis (chronic),Diseases of the respiratory system,63875,113,1.49,0.0000951892,1.22,1.8
540.9 ,Acute appendicitis without mention...,Diseases of the digestive system,5029,9,1.49,0.2181179428,0.68,2.83
719.40 ,"Pain in joint, site unspecified",Diseases of the musculoskeletal...,3923,7,1.48,0.2498540498,0.59,3.06
873.44 ,"Open wound of jaw, without mention...",Injury and poisoning,6714,12,1.48,0.1580721401,0.77,2.6
724.2 ,Lumbago,Diseases of the musculoskeletal...,7404,13,1.46,0.1756684002,0.78,2.5
477 ,Allergic rhinitis,Diseases of the respiratory system,55830,97,1.46,0.0005049911,1.18,1.79
478.8 ,Upper respiratory tract hypersensitivity...,Diseases of the respiratory system,12537,22,1.46,0.090777379,0.91,2.22
873.1 ,"Open wound of scalp, complicated",Injury and poisoning,4553,8,1.46,0.2777567114,0.63,2.88
535.5 ,Unspecified gastritis & gastroduodenitis,Diseases of the digestive system,27377,48,1.46,0.013568342,1.08,1.95
299.0 ,Autistic disorder,Mental disorders,2851,5,1.46,0.4051280257,0.47,3.41
910 ,"Superficial injury of face, neck,...",Injury and poisoning,4553,8,1.46,0.2777567114,0.63,2.88
127.0 ,Ascariasis,Infectious and parasitic diseases,3446,6,1.45,0.320156871,0.53,3.15
841.9 ,Sprains and strains of unspecified...,Injury and poisoning,2860,5,1.45,0.4059711635,0.47,3.39
884.0 ,Multiple and unspecified open...,Injury and poisoning,21297,37,1.45,0.0287919777,1.02,2
034.0 ,Streptococcal sore throat,Infectious and parasitic diseases,9835,17,1.44,0.1423207413,0.84,2.31
429.2 ,"Cardiovascular disease, unspecified",Diseases of the circulatory system,3464,6,1.44,0.3222875696,0.53,3.14
536.9 ,Unspecified functional disorder...,Diseases of the digestive system,245041,402,1.44,0.0000000001955151,1.29,1.61
299.00 ,"Autistic disorder, current or...",Mental disorders,3453,6,1.44,0.3209808971,0.53,3.15
924.9 ,Contusion of unspecified site,Injury and poisoning,13418,23,1.43,0.1023284471,0.9,2.15
370.9 ,Unspecified keratitis,Diseases of the nervous system,4063,7,1.43,0.3560921033,0.57,2.95
372.04 ,Pseudomembranous conjunctivitis,Diseases of the nervous system,2320,4,1.43,0.3684955561,0.39,3.67
474.11 ,Hypertrophy of tonsils alone,Diseases of the respiratory system,2319,4,1.43,0.3683001672,0.39,3.67
493 ,Asthma,Diseases of the respiratory system,34451,59,1.43,0.0094460064,1.09,1.85
918.1 ,Superficial injury of cornea,Injury and poisoning,21010,36,1.43,0.0444380112,1,1.98
938 ,"Foreign body in digestive system,...",Injury and poisoning,2336,4,1.42,0.3716368414,0.39,3.65
372.0 ,Acute conjunctivitis,Diseases of the nervous system,61572,104,1.42,0.0009081196,1.15,1.73
873.4 ,"Facial laceration, without mention...",Injury and poisoning,28704,49,1.42,0.0201121345,1.05,1.89
380.1 ,Infective otitis externa,Diseases of the nervous system,4131,7,1.41,0.360818185,0.56,2.91
470 ,Deviated nasal septum,Diseases of the respiratory system,5309,9,1.41,0.3149703199,0.64,2.68
850 ,Concussion,Injury and poisoning,8238,14,1.41,0.1994127177,0.77,2.38
529.0 ,Glossitis,Diseases of the digestive system,2952,5,1.41,0.4152960194,0.46,3.29
931 ,Foreign body in ear,Injury and poisoning,11333,19,1.39,0.1712876211,0.84,2.18
373.12 ,Hordeolum internum,Diseases of the nervous system,65532,108,1.39,0.0015770012,1.13,1.68
216.9 ,"Benign neoplasm of skin, site...",Neoplasms,8972,15,1.39,0.2183137516,0.78,2.3
873.0 ,"Open wound of scalp, without mention...",Injury and poisoning,56087,93,1.39,0.0029385274,1.12,1.71
595.0 ,Acute cystitis,Diseases of the genitourinary...,11962,20,1.39,0.1441593868,0.85,2.15
923.21 ,Contusion of wrist,Injury and poisoning,2384,4,1.39,0.3812224791,0.38,3.57
373.2 ,Chalazion,Diseases of the nervous system,16882,28,1.38,0.0937933941,0.91,2
378.00 ,"Esotropia, unspecified",Diseases of the nervous system,3610,6,1.38,0.46248523,0.51,3.01
380.22 ,Other acute otitis externa,Diseases of the nervous system,22365,37,1.38,0.0643124154,0.97,1.91
599.9 ,Unspecified disorder of urethra...,Diseases of the genitourinary...,10323,17,1.37,0.1978764106,0.8,2.2
930.0 ,Corneal foreign body,Injury and poisoning,7904,13,1.37,0.252289374,0.73,2.34
935.1 ,Foreign body in esophagus,Injury and poisoning,3026,5,1.37,0.4236652861,0.44,3.21
490 ,"Bronchitis, not specified as acute...",Diseases of the respiratory system,64843,106,1.37,0.002214254,1.12,1.67
493.00 ,"Extrinsic asthma, unspecified",Diseases of the respiratory system,29263,48,1.37,0.0408321835,1.01,1.82
883.0 ,"Open wound of finger(s), without...",Injury and poisoning,24392,40,1.37,0.0621631758,0.97,1.87
372.71 ,Hyperemia of conjunctiva,Diseases of the nervous system,4278,7,1.36,0.372857094,0.54,2.8
373.00 ,"Blepharitis, unspecified",Diseases of the nervous system,25070,41,1.36,0.0538974891,0.97,1.86
474.10 ,Hypertrophy of tonsil with adenoids,Diseases of the respiratory system,5499,9,1.36,0.3267642224,0.62,2.59
535.01 ,"Acute gastritis, with hemorrhage",Diseases of the digestive system,6100,10,1.36,0.3494092588,0.65,2.51
943.00 ,Burn of unspecified degree of...,Injury and poisoning,3075,5,1.35,0.42959513,0.44,3.16
372.39 ,Other conjunctivitis,Diseases of the nervous system,10449,17,1.35,0.2023086745,0.79,2.17
380.4 ,Impacted cerumen,Diseases of the nervous system,83775,134,1.35,0.0012989366,1.12,1.61
726.90 ,Enthesopathy of unspecified site,Diseases of the musculoskeletal...,6754,11,1.35,0.2895991732,0.67,2.43
784.0 ,Headache,"Comorbidities, signs, and ill-defined...",82215,132,1.35,0.001178744,1.13,1.61
550.9 ,"Inguinal hernia, without mention...",Diseases of the digestive system,11082,18,1.35,0.2134823635,0.8,2.14
933.1 ,Foreign body in larynx,Injury and poisoning,8064,13,1.34,0.2604385936,0.71,2.3
948.00 ,Burn [any degree] involving less...,Injury and poisoning,2478,4,1.34,0.5507848911,0.36,3.44
491.0 ,Simple chronic bronchitis,Diseases of the respiratory system,3085,5,1.34,0.430841019,0.44,3.15
914.0 ,Abrasion or friction burn of hand(s)...,Injury and poisoning,2468,4,1.34,0.5498999319,0.37,3.45
367.21 ,Regular astigmatism,Diseases of the nervous system,14338,23,1.33,0.1814691821,0.84,2.01
780.9 ,Other general symptoms,"Comorbidities, signs, and ill-defined...",30624,49,1.33,0.0553853755,0.98,1.77
492 ,Emphysema,Diseases of the respiratory system,5624,9,1.33,0.3362799761,0.61,2.53
686.0 ,Pyoderma,Diseases of the skin and subcutaneous...,31532,50,1.32,0.0590448053,0.98,1.75
372.30 ,"Conjunctivitis, unspecified",Diseases of the nervous system,301973,456,1.32,0.00000031725956,1.19,1.46
784.49 ,Other voice and resonance disorders,"Comorbidities, signs, and ill-defined...",3759,6,1.32,0.4721900238,0.49,2.89
784.7 ,Epistaxis,"Comorbidities, signs, and ill-defined...",75847,119,1.32,0.0045696816,1.09,1.59
850.9 ,"Concussion, unspecified",Injury and poisoning,17584,28,1.32,0.1538264728,0.88,1.92
924.11 ,Contusion of knee,Injury and poisoning,6349,10,1.31,0.3620954167,0.63,2.41
681.02 ,Onychia and paronychia of finger,Diseases of the skin and subcutaneous...,3792,6,1.31,0.4746999666,0.48,2.86
681.11 ,Onychia and paronychia of toe,Diseases of the skin and subcutaneous...,5694,9,1.31,0.4384093971,0.6,2.5
696.3 ,Pityriasis rosea,Diseases of the skin and subcutaneous...,5687,9,1.31,0.438144619,0.6,2.5
708.0 ,Allergic urticaria,Diseases of the skin and subcutaneous...,61578,96,1.31,0.0129917861,1.05,1.6
729.2 ,"Neuralgia, neuritis, and radiculitis,...",Diseases of the musculoskeletal...,2533,4,1.31,0.555909361,0.36,3.36
784.4 ,Voice disturbance,"Comorbidities, signs, and ill-defined...",2648,5,1.31,0.2591109125,0.51,3.67
478.0 ,Hypertrophy of nasal turbinates,Diseases of the respiratory system,12684,20,1.31,0.2449815068,0.8,2.03
535.0 ,Acute gastritis,Diseases of the digestive system,77021,120,1.31,0.0057315197,1.08,1.57
555.9 ,Regional enteritis of unspecified...,Diseases of the digestive system,36302,57,1.31,0.0469679637,0.99,1.7
373.0 ,Blepharitis,Diseases of the nervous system,4460,7,1.3,0.5102499561,0.52,2.69
493.90 ,"Asthma, unspecified type, unspecified",Diseases of the respiratory system,186109,283,1.3,0.0000671546,1.14,1.47
873.43 ,"Open wound of lip, without mention...",Injury and poisoning,8912,14,1.3,0.2844599818,0.71,2.19
491.9 ,Unspecified chronic bronchitis,Diseases of the respiratory system,12239,19,1.29,0.2928578331,0.77,2.02
528.0 ,Stomatitis,Diseases of the digestive system,55226,85,1.29,0.0249639629,1.02,1.6
607.1 ,Balanoposthitis,Diseases of the genitourinary...,69823,107,1.28,0.0143016422,1.05,1.56
381.81 ,Dysfunction of Eustachian tube,Diseases of the nervous system,5185,8,1.28,0.421016004,0.55,2.53
465.9 ,Acute upper respiratory infections...,Diseases of the respiratory system,1674184,2058,1.28,0.0030526365,1.08,1.53
289.3 ,"Lymphadenitis, unspecified, except...",Diseases of the blood and blood-forming...,8409,13,1.28,0.3424493086,0.68,2.2
692.79 ,Other dermatitis due to solar...,Diseases of the skin and subcutaneous...,9776,15,1.27,0.3072492482,0.71,2.11
087.9 ,"Relapsing fever, unspecified",Infectious and parasitic diseases,7198,11,1.27,0.3925398765,0.63,2.28
382.3 ,Unspecified chronic suppurative...,Diseases of the nervous system,3267,5,1.27,0.6061015208,0.41,2.97
745.5 ,Ostium secundum type atrial septal...,Congenital anomalies,7184,11,1.27,0.3917965608,0.63,2.28
893.0 ,"Open wound of toe(s), without...",Injury and poisoning,7173,11,1.27,0.3912220078,0.63,2.28
923.3 ,Contusion of finger,Injury and poisoning,3955,6,1.26,0.4888098904,0.46,2.75
780.7 ,Malaise and fatigue,"Comorbidities, signs, and ill-defined...",5931,9,1.26,0.4498592076,0.57,2.4
472 ,Chronic pharyngitis and nasopharyngitis,Diseases of the respiratory system,14545,22,1.26,0.2787027972,0.79,1.91
789.0 ,Abdominal pain,"Comorbidities, signs, and ill-defined...",395666,571,1.26,0.000002147832,1.15,1.39
873.59 ,Open wound of other and multiple...,Injury and poisoning,1980,3,1.26,0.5190137581,0.26,3.68
560.1 ,Paralytic ileus,Diseases of the digestive system,7900,12,1.26,0.4127799894,0.65,2.21
380.10 ,"Infective otitis externa, unspecified",Diseases of the nervous system,77358,115,1.25,0.026029374,1.02,1.5
282.2 ,Anemias due to disorders of glutathione...,Diseases of the blood and blood-forming...,3326,5,1.25,0.6094751811,0.4,2.92
920 ,"Contusion of face, scalp, and...",Injury and poisoning,43265,65,1.25,0.0792157475,0.96,1.6
924.5 ,Contusion of unspecified part...,Injury and poisoning,4025,6,1.24,0.4956634893,0.45,2.7
369.9 ,Unspecified visual loss,Diseases of the nervous system,3344,5,1.24,0.6105788358,0.4,2.9
009 ,Ill-defined intestinal infections,Infectious and parasitic diseases,24122,36,1.24,0.1908661675,0.87,1.72
382.01 ,Acute suppurative otitis media...,Diseases of the nervous system,2012,3,1.24,0.5256289558,0.25,3.62
215.9 ,Other benign neoplasm of connective...,Neoplasms,2008,3,1.24,0.5247983968,0.26,3.63
564.8 ,Other specified function disorder...,Diseases of the digestive system,56713,84,1.24,0.06480532,0.98,1.54
923.9 ,Contusion of unspecified part...,Injury and poisoning,5410,8,1.23,0.551160353,0.53,2.42
930.1 ,Foreign body in conjunctival sac,Injury and poisoning,16930,25,1.23,0.3147465724,0.79,1.82
373.11 ,Hordeolum externum,Diseases of the nervous system,63665,94,1.23,0.0481449193,0.99,1.52
696.5 ,Other and unspecified pityriasis,Diseases of the skin and subcutaneous...,13547,20,1.23,0.3819316166,0.75,1.9
461.0 ,Acute maxillary sinusitis,Diseases of the respiratory system,60636,89,1.23,0.0648147384,0.98,1.52
465 ,Acute upper respiratory infections...,Diseases of the respiratory system,223544,323,1.23,0.0007132972,1.09,1.39
844.9 ,Sprains and strains of unspecified...,Injury and poisoning,4062,6,1.23,0.4994594183,0.45,2.67
528.9 ,Other and unspecified diseases...,Diseases of the digestive system,85952,126,1.23,0.0267853602,1.02,1.47
560.0 ,Intussusception,Diseases of the digestive system,4036,6,1.23,0.4967799042,0.45,2.69
372 ,Disorders of conjunctiva,Diseases of the nervous system,14351,21,1.22,0.3348103027,0.75,1.86
995.3 ,"Allergy, unspecified, not elsewhere...",Injury and poisoning,16283,24,1.22,0.3065108811,0.78,1.83
388.70 ,"Otalgia, unspecified",Diseases of the nervous system,2729,4,1.22,0.5772569449,0.33,3.12
473 ,Chronic sinusitis,Diseases of the respiratory system,10188,15,1.22,0.390440555,0.68,2.02
493.10 ,"Intrinsic asthma, unspecified",Diseases of the respiratory system,6132,9,1.22,0.4630267003,0.56,2.32
535.40 ,"Other specified gastritis, without...",Diseases of the digestive system,8184,12,1.22,0.4262227375,0.63,2.13
278.0 ,Obesity,"Endocrine, nutritional and metabolic...",2047,3,1.22,0.7417574359,0.25,3.56
550 ,Inguinsl hernia,Diseases of the digestive system,4741,7,1.22,0.5262292774,0.49,2.53
603.9 ,"Hydrocele, unspecified",Diseases of the genitourinary...,12329,18,1.21,0.4320674318,0.72,1.92
958.3 ,Posttraumatic wound infection...,Injury and poisoning,12391,18,1.21,0.4332691733,0.71,1.91
379.93 ,Redness or discharge of eye,Diseases of the nervous system,3418,5,1.21,0.6154613116,0.39,2.84
373.02 ,Squamous blepharitis,Diseases of the nervous system,2080,3,1.2,0.7437787057,0.25,3.5
110.5 ,Dermatophytosis of the body,Infectious and parasitic diseases,9694,14,1.2,0.4615060402,0.65,2.02
913.0 ,"Abrasion or friction burn of elbow,...",Injury and poisoning,4151,6,1.2,0.6488825048,0.44,2.62
608.9 ,Unspecified disorder of male genital...,Diseases of the genitourinary...,6282,9,1.19,0.5810716617,0.54,2.26
374.89 ,Other disorders of eyelid,Diseases of the nervous system,2091,3,1.19,0.7444777869,0.24,3.49
724.5 ,"Backache, unspecified",Diseases of the musculoskeletal...,4173,6,1.19,0.6498516419,0.44,2.6
465.8 ,Acute upper respiratory infections...,Diseases of the respiratory system,292683,409,1.19,0.0013905604,1.07,1.33
466 ,Acute bvronchitis and bronchiolitis,Diseases of the respiratory system,133122,189,1.19,0.0216532156,1.02,1.39
682.8 ,Cellulitis and abscess of other...,Diseases of the skin and subcutaneous...,6348,9,1.18,0.5837371506,0.54,2.24
704.8 ,Other specified diseases of hair...,Diseases of the skin and subcutaneous...,21055,30,1.18,0.3672027705,0.8,1.7
873.50 ,"Open wound of face, unspecified...",Injury and poisoning,3527,5,1.18,0.6235865578,0.38,2.75
599.0 ,"Urinary tract infection, site...",Diseases of the genitourinary...,98629,138,1.17,0.0807599686,0.98,1.39
683 ,Acute lymphadenitis,Diseases of the skin and subcutaneous...,9890,14,1.17,0.5584738301,0.64,1.98
372.20 ,"Blepharoconjunctivitis, unspecified",Diseases of the nervous system,13483,19,1.17,0.4544833097,0.7,1.83
372.9 ,Unspecified disorder of conjunctiva,Diseases of the nervous system,8525,12,1.17,0.5306953495,0.6,2.05
381 ,Nonsuppurative otitis media and...,Diseases of the nervous system,10610,15,1.17,0.4827522167,0.66,1.94
473.8 ,Other chronic sinusitis,Diseases of the respiratory system,5683,8,1.17,0.5657919665,0.5,2.31
845.00 ,"Sprain of ankle, unspecified site",Injury and poisoning,6377,9,1.17,0.5849940036,0.53,2.23
879.8 ,Open wound(s) (multiple) of unspecified...,Injury and poisoning,21271,30,1.17,0.3705110497,0.79,1.68
008 ,Intestinal infections due to other...,Infectious and parasitic diseases,2140,3,1.16,0.7477367666,0.24,3.41
698.8 ,Other specified pruritic conditions,Diseases of the skin and subcutaneous...,9994,14,1.16,0.5607632041,0.63,1.96
380.13 ,Other acute infections of external...,Diseases of the nervous system,3559,5,1.16,0.6261644946,0.38,2.73
382.00 ,Acute suppurative otitis media...,Diseases of the nervous system,72366,101,1.16,0.1397995298,0.94,1.42
892.0 ,Open wound of foot except toe(s)...,Injury and poisoning,17166,24,1.16,0.4386076029,0.74,1.73
894.0 ,Multiple and unspecified open...,Injury and poisoning,29442,41,1.16,0.3509189697,0.83,1.58
564 ,"Functional digestive disorders,...",Diseases of the digestive system,38829,54,1.16,0.3000354225,0.87,1.52
591 ,Hydronephrosis,Diseases of the genitourinary...,9292,13,1.16,0.5472818432,0.62,1.99
380.23 ,Other chronic otitis externa,Diseases of the nervous system,2155,3,1.15,0.7487794206,0.24,3.38
873.40 ,"Open wound of face, unspecified...",Injury and poisoning,74029,102,1.15,0.1762571438,0.93,1.4
381.9 ,Unspecified Eustachian tube disorder,Diseases of the nervous system,2183,3,1.14,0.750778686,0.23,3.34
133.0 ,Scabies,Infectious and parasitic diseases,12355,17,1.14,0.5165047043,0.66,1.83
463 ,Acute tonsillitis,Diseases of the respiratory system,959158,1229,1.14,0.0022756222,1.05,1.24
528.2 ,Oral aphthae,Diseases of the digestive system,35603,49,1.14,0.3540184824,0.84,1.52
310.2 ,Postconcussion syndrome,Mental disorders,2173,3,1.14,0.7500569251,0.24,3.35
565.0 ,Anal fissure,Diseases of the digestive system,8002,11,1.14,0.6259460429,0.57,2.05
681.9 ,Cellulitis and abscess of unspecified...,Diseases of the skin and subcutaneous...,8105,11,1.13,0.6293060042,0.56,2.02
480.0 ,Pneumonia due to adenovirus,Diseases of the respiratory system,2925,4,1.13,0.7849059536,0.31,2.91
873.42 ,"Open wound of forehead, without...",Injury and poisoning,22114,30,1.13,0.4943725166,0.76,1.61
882.0 ,Open wound of hand except finger(s)...,Injury and poisoning,12451,17,1.13,0.6024199467,0.66,1.82
077.1 ,Epidemic keratoconjunctivitis,Infectious and parasitic diseases,62989,85,1.12,0.2927222418,0.89,1.4
382.4 ,Unspecified suppurative otitis...,Diseases of the nervous system,12600,17,1.12,0.6052806103,0.65,1.8
478.1 ,Other diseases of nasal cavity...,Diseases of the respiratory system,82060,110,1.12,0.2574388273,0.91,1.35
891 ,"Open wound of knee, leg (except...",Injury and poisoning,2966,4,1.12,0.7865642489,0.3,2.87
910.0 ,"Abrasion or friction burn of face,...",Injury and poisoning,18446,25,1.12,0.5219313205,0.73,1.67
360.89 ,Other disorders of globe,Diseases of the nervous system,2949,4,1.12,0.785863088,0.31,2.89
680.8 ,Carbuncle and furuncle of other...,Diseases of the skin and subcutaneous...,3749,5,1.11,0.8104443444,0.36,2.59
372.02 ,Acute follicular conjunctivitis,Diseases of the nervous system,18755,25,1.11,0.5960227515,0.71,1.64
686.1 ,Pyogenic granuloma of skin and...,Diseases of the skin and subcutaneous...,2248,3,1.11,0.7556660714,0.23,3.24
692.0 ,Contact dermatitis and other eczema...,Diseases of the skin and subcutaneous...,41969,56,1.11,0.4335314265,0.83,1.45
110.4 ,Dermatophytosis of foot,Infectious and parasitic diseases,19523,26,1.11,0.603143423,0.72,1.62
754.1 ,Congenital musculoskeletal deformities...,Congenital anomalies,2990,4,1.11,0.7875858965,0.3,2.85
472.0 ,Chronic rhinitis,Diseases of the respiratory system,129100,171,1.11,0.2119916644,0.94,1.29
519.9 ,Unspecified disease of respiratory...,Diseases of the respiratory system,9727,13,1.11,0.6591678022,0.59,1.9
923.11 ,Contusion of elbow,Injury and poisoning,5997,8,1.11,0.7074724169,0.48,2.18
854.00 ,Intracranial injury of other and...,Injury and poisoning,24080,32,1.1,0.5740652378,0.75,1.56
535.00 ,"Acute gastritis, without mention...",Diseases of the digestive system,252705,331,1.1,0.1084865806,0.98,1.24
009.1 ,"Colitis, enteritis, and gastroenteritis...",Infectious and parasitic diseases,82749,108,1.09,0.4119146708,0.89,1.32
465.0 ,Acute laryngopharyngitis,Diseases of the respiratory system,605919,773,1.09,0.0602965259,1,1.19
530.1 ,Esophagitis,Diseases of the digestive system,15251,20,1.09,0.6397547975,0.66,1.68
682.9 ,Cellulitis and abscess of unspecified...,Diseases of the skin and subcutaneous...,63148,82,1.08,0.4837605978,0.85,1.35
989.5 ,Toxic effect of venom,Injury and poisoning,10776,14,1.08,0.7794167848,0.59,1.81
692.1 ,Contact dermatitis and other eczema...,Diseases of the skin and subcutaneous...,4618,6,1.08,0.829524446,0.39,2.35
054.2 ,Herpetic gingivostomatitis,Infectious and parasitic diseases,45366,59,1.08,0.5375038998,0.82,1.4
111.9 ,"Dermatomycosis, unspecified",Infectious and parasitic diseases,3846,5,1.08,0.8132521815,0.35,2.52
786.2 ,Cough,"Comorbidities, signs, and ill-defined...",109783,142,1.08,0.3940323141,0.9,1.28
486 ,"Pneumonia, organism unspecified",Diseases of the respiratory system,138503,180,1.08,0.2952207413,0.93,1.26
535 ,Gastritis and duodenitis,Diseases of the digestive system,23871,31,1.08,0.6387146973,0.73,1.53
052.9 ,Varicella without mention of complication,Infectious and parasitic diseases,144904,186,1.07,0.385475413,0.92,1.24
702.8 ,Other specified dermatoses,Diseases of the skin and subcutaneous...,5441,7,1.07,0.8430666838,0.43,2.2
464.2 ,Acute larygotracheitis,Diseases of the respiratory system,23933,31,1.07,0.6394886854,0.73,1.53
493.91 ,"Asthma, unspecified type, with...",Diseases of the respiratory system,26264,34,1.07,0.6539074743,0.74,1.51
372.05 ,Acute atopic conjunctivitis,Diseases of the nervous system,9414,12,1.06,0.7657339853,0.55,1.85
698.2 ,Prurigo,Diseases of the skin and subcutaneous...,65688,84,1.06,0.5670214069,0.84,1.32
079.9 ,Unspecified viral and chlamydial...,Infectious and parasitic diseases,54077,69,1.06,0.6148401527,0.82,1.35
487.8 ,Influenza with other manifestations,Diseases of the respiratory system,45244,58,1.06,0.6308357364,0.81,1.38
691.8 ,Other atopic dermatitis and related...,Diseases of the skin and subcutaneous...,127143,160,1.05,0.5860175742,0.89,1.23
382 ,Suppurative and unspecified otitis...,Diseases of the nervous system,9502,12,1.05,0.7677066574,0.54,1.83
461 ,Acute sinusitis,Diseases of the respiratory system,77618,98,1.05,0.634280483,0.85,1.28
478.22 ,Parapharyngeal abscess,Diseases of the respiratory system,2370,3,1.05,0.7656279067,0.22,3.07
478.5 ,Other diseases of vocal cords,Diseases of the respiratory system,22910,29,1.05,0.7733773319,0.7,1.51
854.09 ,Intracranial injury of other and...,Injury and poisoning,5535,7,1.05,0.8447372377,0.42,2.17
555.1 ,Regional enteritis of large intestine,Diseases of the digestive system,3960,5,1.05,0.8170952317,0.34,2.45
919.0 ,"Abrasion or friction burn of other,...",Injury and poisoning,19041,24,1.05,0.8332119533,0.67,1.56
684 ,Impetigo,Diseases of the skin and subcutaneous...,59870,75,1.04,0.7193999649,0.81,1.31
708.9 ,"Urticaria, unspecified",Diseases of the skin and subcutaneous...,194393,243,1.04,0.5568401623,0.91,1.19
787.3 ,"Flatulence, eructation, and gas...","Comorbidities, signs, and ill-defined...",113733,142,1.04,0.6591723576,0.87,1.23
850.0 ,Concussion with no loss of consciousness,Injury and poisoning,17564,22,1.04,0.8266409021,0.65,1.58
680.9 ,Carbuncle and furuncle of unspecified...,Diseases of the skin and subcutaneous...,50751,63,1.03,0.7952396146,0.79,1.32
372.03 ,Other mucopurulent conjunctivitis,Diseases of the nervous system,3232,4,1.03,0.7996987945,0.28,2.63
847.0 ,Sprain of neck,Injury and poisoning,3210,4,1.03,0.7984782655,0.28,2.65
536.2 ,Persistent vomiting,Diseases of the digestive system,7275,9,1.03,0.8649929698,0.47,1.95
536.8 ,Dyspepsia and other specified...,Diseases of the digestive system,155037,193,1.03,0.6462742691,0.89,1.2
558.1 ,Gastroenteritis and colitis due...,Diseases of the digestive system,2416,3,1.03,0.7696027186,0.21,3.02
922.1 ,Contusion of chest wall,Injury and poisoning,7226,9,1.03,0.864304336,0.47,1.96
372.00 ,"Acute conjunctivitis, unspecified",Diseases of the nervous system,392296,479,1.02,0.7753025277,0.92,1.12
057 ,Other viral exanthemata,Infectious and parasitic diseases,4878,6,1.02,0.836213204,0.37,2.22
381.0 ,Acute nonsuppurative otitis media,Diseases of the nervous system,16277,20,1.02,0.9093978216,0.62,1.58
382.0 ,Acute suppurative otitis media,Diseases of the nervous system,38227,47,1.02,0.8814691297,0.75,1.36
464.30 ,Acute epiglottitis without mention...,Diseases of the respiratory system,9706,12,1.02,0.8828832662,0.53,1.79
922.9 ,Contusion of unspecified part...,Injury and poisoning,4047,5,1.02,0.8203791519,0.33,2.4
692 ,Contact dermatitis and other eczema,Diseases of the skin and subcutaneous...,38662,47,1.01,0.9409034439,0.74,1.35
381.01 ,Acute serous otitis media,Diseases of the nervous system,16361,20,1.01,0.909722811,0.62,1.57
464.0 ,Acute laryngitis,Diseases of the respiratory system,394139,480,1.01,0.8156648257,0.91,1.12
464.1 ,Acute tracheitis,Diseases of the respiratory system,47483,58,1.01,0.8934062468,0.77,1.31
695.0 ,Toxic erythema,Diseases of the skin and subcutaneous...,3308,4,1,0.8040665582,0.27,2.57
078.0 ,Molluscum contagiosum,Infectious and parasitic diseases,2475,3,1,0.7748411809,0.21,2.94
078.1 ,Viral warts,Infectious and parasitic diseases,29136,35,1,1,0.69,1.39
446.1 ,Acute febrile mucocutaneous lymph...,Diseases of the circulatory system,4987,6,1,1,0.37,2.18
485 ,"Bronchopneumonia, organism unspecified",Diseases of the respiratory system,165857,200,1,1,0.86,1.16
535.50 ,"Unspecified gastritis and gastroduodenitis,...",Diseases of the digestive system,143738,174,1,0.968419179,0.85,1.17
276.9 ,Electrolyte and fluid disorders...,"Endocrine, nutritional and metabolic...",6601,8,1,0.8595491583,0.43,1.98
595.9 ,"Cystitis, unspecified",Diseases of the genitourinary...,8288,10,1,1,0.48,1.84
698.3 ,Lichenification and lichen simplex...,Diseases of the skin and subcutaneous...,13399,16,0.99,1,0.56,1.61
709.9 ,Unspecified disorder of skin and...,Diseases of the skin and subcutaneous...,82713,99,0.99,1,0.8,1.21
462 ,Acute pharyngitis,Diseases of the respiratory system,771776,928,0.99,0.8970375148,0.91,1.08
466.0 ,Acute bronchitis,Diseases of the respiratory system,1123039,1351,0.99,0.8609977828,0.91,1.08
686.8 ,Other specified local infections...,Diseases of the skin and subcutaneous...,53198,63,0.98,0.9494423306,0.75,1.26
008.49 ,Intestinal infection due to other...,Infectious and parasitic diseases,3383,4,0.98,1,0.27,2.51
460 ,Acute nasopharyngitis [common...,Diseases of the respiratory system,972840,1164,0.98,0.6849656366,0.9,1.07
780.3 ,Convulsions,"Comorbidities, signs, and ill-defined...",17839,21,0.98,1,0.6,1.5
372.72 ,Conjunctival hemorrhage,Diseases of the nervous system,21339,25,0.97,1,0.63,1.44
379.90 ,"Disorder of eye, unspecified",Diseases of the nervous system,4326,5,0.96,1,0.31,2.24
706.1 ,Other acne,Diseases of the skin and subcutaneous...,9493,11,0.96,1,0.48,1.72
382.9 ,Unspecified otitis media,Diseases of the nervous system,270031,314,0.96,0.4899684455,0.85,1.08
812.20 ,Closed fracture of unspecified...,Injury and poisoning,3468,4,0.96,1,0.26,2.45
276 ,"Disorder of fluid, electrolyte,...","Endocrine, nutritional and metabolic...",2586,3,0.96,1,0.2,2.82
911.0 ,"Abrasion or friction burn of trunk,...",Injury and poisoning,3450,4,0.96,1,0.26,2.47
370.40 ,"Keratoconjunctivitis, unspecified",Diseases of the nervous system,8745,10,0.95,1,0.45,1.75
461.9 ,"Acute sinusitis, unspecified",Diseases of the respiratory system,852492,1002,0.95,0.2577375914,0.88,1.04
780 ,General symptoms,"Comorbidities, signs, and ill-defined...",15746,18,0.95,0.9084264849,0.56,1.5
845.09 ,Other sprains and strains of ankle,Injury and poisoning,4342,5,0.95,1,0.31,2.23
558.9 ,Other and unspecified noninfectious...,Diseases of the digestive system,871513,1023,0.95,0.2240985023,0.87,1.03
719.4 ,Pain in joint,Diseases of the musculoskeletal...,2652,3,0.94,1,0.19,2.75
480.9 ,"Viral pneumonia, unspecified",Diseases of the respiratory system,7066,8,0.94,1,0.4,1.85
487.1 ,Influenza with other respiratory...,Diseases of the respiratory system,317079,362,0.94,0.26035703,0.83,1.05
491.20 ,Obstructive chronic bronchitis...,Diseases of the respiratory system,4422,5,0.94,1,0.3,2.19
564.9 ,Unspecified functional disorder...,Diseases of the digestive system,210073,241,0.94,0.4227508126,0.82,1.08
374.00 ,"Entropion, unspecified",Diseases of the nervous system,5341,6,0.93,1,0.34,2.03
705.81 ,Dyshidrosis,Diseases of the skin and subcutaneous...,23202,26,0.93,0.7755585313,0.6,1.36
464.11 ,Acute tracheitis with obstruction,Diseases of the respiratory system,25939,29,0.93,0.7865783573,0.62,1.33
487 ,Influenza,Diseases of the respiratory system,24869,28,0.93,0.7828643563,0.62,1.35
110.9 ,Dermatophytosis of unspecified...,Infectious and parasitic diseases,13549,15,0.92,0.9007364118,0.51,1.52
786.09 ,Other respiratory abnormalities,"Comorbidities, signs, and ill-defined...",8062,9,0.92,1,0.42,1.76
786.1 ,Stridor,"Comorbidities, signs, and ill-defined...",12651,14,0.92,0.8973920469,0.5,1.54
519.8 ,Other diseases of respiratory...,Diseases of the respiratory system,6270,7,0.92,1,0.37,1.91
523.9 ,Unspecified gingival and periodontal...,Diseases of the digestive system,3591,4,0.92,1,0.25,2.37
381.00 ,"Acute nonsuppurative otitis media,...",Diseases of the nervous system,42705,47,0.91,0.5726259082,0.67,1.21
464.10 ,Acute tracheitis without mention...,Diseases of the respiratory system,329092,367,0.91,0.0962124112,0.81,1.02
810.00 ,"Closed fracture of clavicle, unspecified...",Injury and poisoning,2737,3,0.91,1,0.19,2.66
569.9 ,Unspecified disorder of intestine,Diseases of the digestive system,10897,12,0.91,0.8897621427,0.47,1.6
599 ,Other disorders of urethra and...,Diseases of the genitourinary...,6413,7,0.9,1,0.36,1.87
461.8 ,Other acute sinusitis,Diseases of the respiratory system,67196,73,0.9,0.3955229252,0.7,1.13
560.9 ,Unspecified intestinal obstruction,Diseases of the digestive system,9223,10,0.9,0.8803413278,0.43,1.66
692.9 ,"Contact dermatitis and other eczema,...",Diseases of the skin and subcutaneous...,423297,468,0.89,0.0317814174,0.81,0.99
475 ,Peritonsillar abscess,Diseases of the respiratory system,25046,27,0.89,0.6462260995,0.59,1.3
910.4 ,"Insect bite, nonvenomous of face,...",Injury and poisoning,3709,4,0.89,1,0.24,2.29
692.4 ,Contact dermatitis and other eczema...,Diseases of the skin and subcutaneous...,25445,27,0.88,0.5847034366,0.58,1.28
608 ,Other disorders of male genital...,Diseases of the genitourinary...,3806,4,0.87,1,0.24,2.23
008.8 ,Intestinal infection due to other...,Infectious and parasitic diseases,8552,9,0.87,0.8751585847,0.4,1.66
009.0 ,"Infectious colitis, enteritis,...",Infectious and parasitic diseases,312613,336,0.87,0.0202893472,0.77,0.98
054.79 ,Herpes simplex with other specified...,Infectious and parasitic diseases,1915,2,0.87,1,0.1,3.13
464.20 ,Acute laryngotracheitis without...,Diseases of the respiratory system,143637,152,0.87,0.0961989865,0.73,1.02
784.1 ,Throat pain,"Comorbidities, signs, and ill-defined...",19081,20,0.87,0.600335252,0.53,1.34
784.2 ,"Swelling, mass, or lump in head...","Comorbidities, signs, and ill-defined...",4736,5,0.87,1,0.28,2.05
474.0 ,Chronic tonsillitis,Diseases of the respiratory system,14300,15,0.87,0.7158772833,0.48,1.44
367.31 ,Anisometropia,Diseases of the nervous system,1929,2,0.86,1,0.1,3.11
686.9 ,Unspecified local infection of...,Diseases of the skin and subcutaneous...,175535,185,0.86,0.0551926847,0.74,1
787 ,Symptoms involving digestive system,"Comorbidities, signs, and ill-defined...",1932,2,0.86,1,0.1,3.11
787.0 ,Nausea and vomiting,"Comorbidities, signs, and ill-defined...",172509,182,0.86,0.0580171939,0.74,1
924.21 ,Contusion of ankle,Injury and poisoning,3909,4,0.85,1,0.23,2.17
009.2 ,Infectious diarrhea,Infectious and parasitic diseases,96086,99,0.85,0.1148873025,0.69,1.04
692.70 ,Unspecified dermatitis due to...,Diseases of the skin and subcutaneous...,2924,3,0.85,1,0.18,2.49
038 ,Septicemia,Infectious and parasitic diseases,2913,3,0.85,1,0.18,2.5
375.55 ,"Obstruction of nasolacrimal duct,...",Diseases of the nervous system,4901,5,0.85,1,0.27,1.98
464 ,Acute laryngitis and tracheitis,Diseases of the respiratory system,91355,94,0.85,0.1175713095,0.68,1.04
553.1 ,Umbilical hernia without mention...,Diseases of the digestive system,1946,2,0.85,1,0.1,3.08
780.6 ,Fever,"Comorbidities, signs, and ill-defined...",371890,388,0.84,0.0012359846,0.75,0.93
472.2 ,Chronic nasopharyngitis,Diseases of the respiratory system,42060,43,0.84,0.3190355399,0.61,1.14
924.20 ,Contusion of foot,Injury and poisoning,5995,6,0.83,0.8512436817,0.3,1.81
682.0 ,Cellulitis and abscess of face,Diseases of the skin and subcutaneous...,5018,5,0.83,0.8391017252,0.27,1.93
464.21 ,Acute laryngotracheitis with obstruction,Diseases of the respiratory system,7981,8,0.83,0.7460783824,0.36,1.64
487.0 ,Influenza with pneumonia,Diseases of the respiratory system,8982,9,0.83,0.7590571494,0.38,1.58
917.0 ,Abrasion or friction burn of foot...,Injury and poisoning,5012,5,0.83,0.8390917333,0.27,1.93
708.8 ,Other specified urticaria,Diseases of the skin and subcutaneous...,13145,13,0.82,0.6122516697,0.43,1.4
781.2 ,Abnormality of gait,"Comorbidities, signs, and ill-defined...",4016,4,0.82,1,0.22,2.12
629.9 ,Unspecified disorder of female...,Diseases of the genitourinary...,5106,5,0.81,0.8394054444,0.26,1.9
478.9 ,Other and unspecified diseases...,Diseases of the respiratory system,28386,28,0.81,0.3420308379,0.54,1.18
879.6 ,Open wound of other and unspecified...,Injury and poisoning,2036,2,0.81,1,0.1,2.95
550.92 ,"Inguinal hernia, without mention...",Diseases of the digestive system,4071,4,0.81,1,0.22,2.09
919.4 ,"Insect bite, nonvenomous, of other,...",Injury and poisoning,65672,65,0.81,0.1087413186,0.63,1.04
932 ,Foreign body in nose,Injury and poisoning,14550,14,0.8,0.4713365845,0.43,1.34
693.9 ,Dermatitis due to unspecified...,Diseases of the skin and subcutaneous...,15567,15,0.8,0.4848542211,0.45,1.32
750.0 ,Tongue tie,Congenital anomalies,12401,12,0.8,0.5170203501,0.41,1.4
537.9 ,Unspecified disorder of stomach...,Diseases of the digestive system,3113,3,0.8,1,0.16,2.34
892 ,Open wound of foot except toe(s)...,Injury and poisoning,2067,2,0.8,1,0.1,2.9
944.00 ,Burn of unspecified degree of...,Injury and poisoning,3153,3,0.79,1,0.16,2.31
003.9 ,"Salmonella infection, unspecified",Infectious and parasitic diseases,9460,9,0.79,0.6536812721,0.36,1.5
375.56 ,"Stenosis of nasolacrimal duct,...",Diseases of the nervous system,2096,2,0.79,1,0.1,2.86
698.9 ,Unspecified pruritic disorder,Diseases of the skin and subcutaneous...,45735,44,0.79,0.1333887733,0.57,1.07
478 ,Other diseases of upper respiratory...,Diseases of the respiratory system,8350,8,0.79,0.6352506257,0.34,1.57
482.9 ,"Bacterial pneumonia, unspecified",Diseases of the respiratory system,16718,16,0.79,0.4319549748,0.45,1.29
519.1 ,Other diseases of trachea and...,Diseases of the respiratory system,8402,8,0.79,0.635549077,0.34,1.56
870.8 ,Other specified open wounds of...,Injury and poisoning,2100,2,0.79,1,0.1,2.86
550.90 ,"Inguinal hernia, without mention...",Diseases of the digestive system,27351,26,0.79,0.2531298931,0.51,1.15
564.5 ,Functional diarrhea,Diseases of the digestive system,38843,37,0.79,0.1599264497,0.55,1.09
682 ,Other cellulitis and abscess,Diseases of the skin and subcutaneous...,6332,6,0.78,0.7160005793,0.29,1.71
698.4 ,Dermatitis factitia [artefacta],Diseases of the skin and subcutaneous...,9500,9,0.78,0.5544323937,0.36,1.49
723.5 ,"Torticollis, unspecified",Diseases of the musculoskeletal...,6389,6,0.78,0.7164742095,0.28,1.7
483 ,Pneumonia due to other specified...,Diseases of the respiratory system,29669,28,0.78,0.2059227693,0.52,1.13
680.0 ,Carbuncle and furuncle of face,Diseases of the skin and subcutaneous...,11763,11,0.77,0.5035037268,0.39,1.39
008.6 ,"Virus Enteritis, specified",Infectious and parasitic diseases,28843,27,0.77,0.1995795751,0.51,1.13
009.3 ,Diarrhea of presumed infectious...,Infectious and parasitic diseases,41986,39,0.77,0.1016748269,0.54,1.05
038.9 ,Unspecified septicemia,Infectious and parasitic diseases,12967,12,0.77,0.4446530564,0.39,1.34
388.9 ,Unspecified disorder of ear,Diseases of the nervous system,2143,2,0.77,1,0.09,2.8
466.1 ,Acute bronchiolitis,Diseases of the respiratory system,552770,545,0.76,0.0000000096260061,0.69,0.83
276.5 ,Volume depletion,"Endocrine, nutritional and metabolic...",59744,55,0.76,0.0413386989,0.57,0.99
482.8 ,Pneumonia due to other specified...,Diseases of the respiratory system,4422,4,0.75,0.8261256058,0.2,1.92
372.2 ,Blepharoconjunctivitis,Diseases of the nervous system,2234,2,0.74,1,0.09,2.68
881.00 ,"Open wound of forearm, without...",Injury and poisoning,4464,4,0.74,0.8267208281,0.2,1.9
680 ,Carbuncle and furuncle,Diseases of the skin and subcutaneous...,4539,4,0.73,0.67088755,0.2,1.87
705.83 ,Hidradenitis,Diseases of the skin and subcutaneous...,4558,4,0.73,0.6709027037,0.2,1.86
729.9 ,Other and unspecified disorders...,Diseases of the musculoskeletal...,2261,2,0.73,1,0.09,2.65
111.0 ,Pityriasis versicolor,Infectious and parasitic diseases,12695,11,0.72,0.3663406805,0.36,1.28
729.5 ,Pain in limb,Diseases of the musculoskeletal...,3511,3,0.71,0.8056588281,0.15,2.07
873.41 ,"Open wound of cheek, without mention...",Injury and poisoning,5817,5,0.71,0.5708306208,0.23,1.66
597.80 ,"Urethritis, unspecified",Diseases of the genitourinary...,9440,8,0.7,0.3734626299,0.3,1.38
367.5 ,Disorders of accommodation,Diseases of the nervous system,2373,2,0.7,1,0.08,2.53
693.8 ,Dermatitis due to other specified...,Diseases of the skin and subcutaneous...,4729,4,0.7,0.6723574179,0.19,1.8
690 ,Erythematosquamous dermatosis,Diseases of the skin and subcutaneous...,16780,14,0.69,0.1800470624,0.38,1.16
692.5 ,Contact dermatitis and other eczema...,Diseases of the skin and subcutaneous...,8389,7,0.69,0.4282619031,0.28,1.43
074.0 ,Herpangina,Infectious and parasitic diseases,256147,223,0.69,0.000000044039671,0.6,0.79
787.7 ,Abnormal feces,"Comorbidities, signs, and ill-defined...",8404,7,0.69,0.428456015,0.28,1.42
873.9 ,Other and unspecified open wound...,Injury and poisoning,3584,3,0.69,0.8067821785,0.14,2.03
550.91 ,"Inguinal hernia, without mention...",Diseases of the digestive system,2403,2,0.69,1,0.08,2.5
681.00 ,"Cellulitis and abscess of finger,...",Diseases of the skin and subcutaneous...,2427,2,0.68,1,0.08,2.47
692.89 ,Contact dermatitis and other eczema...,Diseases of the skin and subcutaneous...,30166,25,0.68,0.0543785675,0.44,1.01
708.1 ,Idiopathic urticaria,Diseases of the skin and subcutaneous...,7441,6,0.67,0.4024171635,0.24,1.46
873.60 ,"Open wound of mouth, unspecified...",Injury and poisoning,2462,2,0.67,1,0.08,2.44
682.6 ,"Cellulitis and abscess of leg,...",Diseases of the skin and subcutaneous...,3780,3,0.66,0.6390856287,0.14,1.92
782.4 ,"Jaundice, unspecified, not of...","Comorbidities, signs, and ill-defined...",6250,5,0.66,0.4642626718,0.21,1.55
482 ,Other bacterial pneumonia,Diseases of the respiratory system,4990,4,0.66,0.5403751454,0.18,1.7
949.0 ,"Burn of unspecified site, unspecified...",Injury and poisoning,14060,11,0.65,0.1777672952,0.32,1.16
003.0 ,Salmonella gastroenteritis,Infectious and parasitic diseases,15156,12,0.65,0.157773706,0.34,1.15
891.1 ,"Open wound of knee, leg [except...",Injury and poisoning,3799,3,0.65,0.6392584124,0.13,1.91
911.4 ,"Insect bite, nonvenomous of trunk,...",Injury and poisoning,5068,4,0.65,0.5411680162,0.18,1.68
110.3 ,Dermatophytosis of groin and perianal...,Infectious and parasitic diseases,5179,4,0.64,0.5432857506,0.17,1.64
560.3 ,Impaction of intestine,Diseases of the digestive system,2572,2,0.64,0.7760660631,0.08,2.33
057.8 ,Other specified viral exanthemata,Infectious and parasitic diseases,10428,8,0.63,0.2547954024,0.27,1.25
923.20 ,Contusion of hand(s),Injury and poisoning,3915,3,0.63,0.6411248351,0.13,1.86
959.0 ,Injury to face and neck,Injury and poisoning,2668,2,0.62,0.7773909901,0.08,2.25
041.9 ,"Bacterial infection, unspecified,...",Infectious and parasitic diseases,25152,19,0.62,0.0351043274,0.37,0.97
705.1 ,Prickly heat,Diseases of the skin and subcutaneous...,42679,32,0.62,0.0046323162,0.42,0.87
709.8 ,Other specified disorders of skin,Diseases of the skin and subcutaneous...,20037,15,0.62,0.0644527876,0.34,1.02
924.10 ,Contusion of lower leg,Injury and poisoning,2697,2,0.61,0.7779626886,0.07,2.22
787.9 ,Other symptoms involving digestive...,"Comorbidities, signs, and ill-defined...",27169,20,0.61,0.0217005325,0.37,0.94
074.3 ,"Hand, foot, and mouth disease",Infectious and parasitic diseases,113550,85,0.6,0.0000011318855,0.48,0.75
706.2 ,Sebaceous cyst,Diseases of the skin and subcutaneous...,2739,2,0.6,0.7789239499,0.07,2.19
555 ,Regional enteritis,Diseases of the digestive system,5490,4,0.6,0.4325601621,0.16,1.55
691 ,Atopic dermatitis and related...,Diseases of the skin and subcutaneous...,9888,7,0.59,0.1886996832,0.23,1.21
558 ,Other and unspecified noninfectious...,Diseases of the digestive system,32214,23,0.59,0.0074252199,0.37,0.88
074 ,Specific Coxsackie virus diseases,Infectious and parasitic diseases,5752,4,0.58,0.3409630608,0.16,1.48
873.49 ,Open wound of other and multiple...,Injury and poisoning,8545,6,0.58,0.2110412385,0.21,1.27
112.3 ,Candidiasis of skin and nails,Infectious and parasitic diseases,5834,4,0.57,0.3419048666,0.15,1.45
079 ,Viral and chlamydial infection...,Infectious and parasitic diseases,4420,3,0.56,0.5086013091,0.12,1.64
789.9 ,Other symptoms involving abdomen...,"Comorbidities, signs, and ill-defined...",4439,3,0.56,0.509363489,0.12,1.64
692.8 ,"Contact dermatitis and other eczema,...",Diseases of the skin and subcutaneous...,6012,4,0.55,0.3461992647,0.15,1.41
782.2 ,"Localized superficial swelling,...","Comorbidities, signs, and ill-defined...",3006,2,0.55,0.5962193962,0.07,1.99
523.1 ,Chronic gingivitis,Diseases of the digestive system,2984,2,0.55,0.595804146,0.07,2.01
686 ,Other local infections of skin...,Diseases of the skin and subcutaneous...,12200,8,0.54,0.087223637,0.23,1.07
464.4 ,Croup,Diseases of the respiratory system,65350,43,0.54,0.0000118118,0.39,0.72
555.0 ,Regional enteritis of small intestine,Diseases of the digestive system,6154,4,0.54,0.267950722,0.15,1.38
558.2 ,Toxic gastroenteritis and colitis,Diseases of the digestive system,9431,6,0.53,0.1341473313,0.19,1.15
782.1 ,Rash and other nonspecific skin...,"Comorbidities, signs, and ill-defined...",27129,17,0.52,0.003504746,0.3,0.83
530.9 ,Unspecified disorder of esophagus,Diseases of the digestive system,4971,3,0.5,0.303006277,0.1,1.46
535.51 ,"Unspecified gastritis and gastroduodenitis,...",Diseases of the digestive system,3434,2,0.48,0.454837155,0.06,1.74
057.9 ,"Viral exanthem, unspecified",Infectious and parasitic diseases,31457,18,0.47,0.0005322226,0.28,0.74
519 ,Other diseases of respiratory...,Diseases of the respiratory system,3506,2,0.47,0.4574314498,0.06,1.71
555.2 ,Regional enteritis of small intestine...,Diseases of the digestive system,14023,8,0.47,0.0268850047,0.2,0.93
112.9 ,Candidiasis of unspecified site,Infectious and parasitic diseases,14257,8,0.46,0.0208390218,0.2,0.91
883.1 ,"Open wound of finger(s), complicated",Injury and poisoning,3744,2,0.44,0.3420494064,0.05,1.6
603 ,Encysted hydrocele,Diseases of the genitourinary...,1914,0,0.43,0.1836919888,,1.6
117.9 ,Other and unspecified mycoses,Infectious and parasitic diseases,5703,3,0.43,0.1775526544,0.09,1.27
719.46 ,"Pain in joint, lower leg",Diseases of the musculoskeletal...,1918,1,0.43,0.7350728103,0.01,2.41
812.41 ,Closed supracondylar fracture...,Injury and poisoning,1930,1,0.43,0.7356055126,0.01,2.39
919.1 ,"Abrasion or friction burn of other,...",Injury and poisoning,1930,0,0.43,0.1840819976,,1.58
924.3 ,Contusion of toe,Injury and poisoning,1959,0,0.42,0.1849624474,,1.56
478.20 ,Unspecified disease of pharynx,Diseases of the respiratory system,1975,1,0.42,0.7377725524,0.01,2.34
692.2 ,Contact dermatitis and other eczema...,Diseases of the skin and subcutaneous...,2004,0,0.41,0.1867607278,,1.52
693.0 ,Dermatitis due to drugs and medicines...,Diseases of the skin and subcutaneous...,4063,2,0.41,0.2556898346,0.05,1.47
681.10 ,"Cellulitis and abscess of toe,...",Diseases of the skin and subcutaneous...,2068,1,0.4,0.5291963952,0.01,2.23
915.0 ,"Abrasion or friction burn of finger(s),...",Injury and poisoning,2043,0,0.4,0.1887310561,,1.5
112.0 ,Candidiasis of mouth,Infectious and parasitic diseases,47517,23,0.39,0.00000030208058,0.25,0.59
530.8 ,Other specified disorders of esophagus,Diseases of the digestive system,4285,2,0.39,0.2619851281,0.05,1.4
919.5 ,"Insect bite, nonvenomous, of other,...",Injury and poisoning,2105,1,0.39,0.5297119686,0.01,2.2
924.00 ,Contusion of thigh,Injury and poisoning,2196,1,0.38,0.5323193022,0.01,2.1
945.24 ,"Blisters, epidermal loss [second...",Injury and poisoning,2257,1,0.37,0.535063302,0.01,2.05
691.0 ,Diaper or napkin rash,Diseases of the skin and subcutaneous...,92792,43,0.37,0.00000000000004800222,0.27,0.5
374.82 ,Edema of eyelid,Diseases of the nervous system,2237,1,0.37,0.5340798349,0.01,2.07
110.1 ,Dermatophytosis of nail,Infectious and parasitic diseases,2232,0,0.37,0.1234051276,,1.37
872.00 ,"Open wound of external ear, unspecified...",Injury and poisoning,2258,1,0.37,0.5351145697,0.01,2.05
693.1 ,Dermatitis due to food taken internally,Diseases of the skin and subcutaneous...,2458,1,0.34,0.3827357052,0.01,1.88
074.8 ,Other specified diseases due to...,Infectious and parasitic diseases,2444,0,0.34,0.1308022793,,1.25
493.01 ,Extrinsic asthma with status asthmaticus,Diseases of the respiratory system,2442,1,0.34,0.3825072863,0.01,1.89
910.9 ,Other and unspecified superficial...,Injury and poisoning,2402,1,0.34,0.3822014527,0.01,1.92
779.9 ,Unspecified condition originating...,Certain conditions originating...,2469,0,0.33,0.1322133561,,1.24
471.0 ,Polyp of nasal cavity,Diseases of the respiratory system,2583,1,0.32,0.3865084215,0.01,1.79
078.2 ,Sweating fever,Infectious and parasitic diseases,2680,1,0.31,0.3917048726,0.01,1.72
382.02 ,Acute suppurative otitis media...,Diseases of the nervous system,8388,3,0.3,0.0172251635,0.06,0.86
706.3 ,Seborrhea,Diseases of the skin and subcutaneous...,5777,2,0.29,0.0560026681,0.03,1.03
373.32 ,Contact and allergic dermatitis...,Diseases of the nervous system,3086,0,0.27,0.0601421164,,0.99
771.8 ,Septicemia [sepsis] of newborn,Certain conditions originating...,3354,0,0.25,0.0399750205,,0.91
779.3 ,NB FEEDING PROBLEMS,Certain conditions originating...,7411,2,0.22,0.0113104321,0.03,0.81
695.89 ,Other specified erythematous conditions,Diseases of the skin and subcutaneous...,7809,2,0.21,0.0081965306,0.03,0.76
774.6 ,Unspecified fetal and neonatal...,Certain conditions originating...,28567,7,0.2,0.000000024144356,0.08,0.41
771.7 ,Neonatal Candida infection,Certain conditions originating...,4429,1,0.19,0.0758770915,0,1.04
771.4 ,Omphalitis of the newborn,Certain conditions originating...,14081,3,0.18,0.0000748841,0.04,0.51
536.0 ,Achlorhydria,Diseases of the digestive system,4683,0,0.18,0.0089119003,,0.65
