disease_2,disease_name,category,count,co_occurrence,odds_ratio,p_value,95_ci_lower,95_ci_upper
412 ,Old myocardial infarction,Diseases of the circulatory system,1761,530,5.73,1.2521e-181,5.15,6.36
413.0 ,Angina decubitus,Diseases of the circulatory system,655,201,5.73,8.974434e-71,4.82,6.78
411.1 ,Intermediate coronary syndrome,Diseases of the circulatory system,889,266,5.55,1.609347e-90,4.78,6.43
411.81 ,Acute coronary occlusion without...,Diseases of the circulatory system,820,242,5.43,4.326875e-81,4.65,6.33
413 ,Angina pectoris,Diseases of the circulatory system,2488,712,5.42,1.65049e-230,4.95,5.93
428.1 ,Left heart failure,Diseases of the circulatory system,538,158,5.36,4.226901e-53,4.42,6.47
410.90 ,Acute myocardial infarction of...,Diseases of the circulatory system,1038,268,4.52,1.191705e-75,3.91,5.21
414.8 ,Other specified forms of chronic...,Diseases of the circulatory system,3426,823,4.3,9.3551e-212,3.96,4.66
427.81 ,Sinoatrial node dysfunction,Diseases of the circulatory system,986,245,4.29,9.64748e-66,3.69,4.97
414.0 ,Coronary atherosclerosis,Diseases of the circulatory system,14926,2974,4.11,< 0.0001,3.92,4.31
414.9 ,"Chronic ischemic heart disease,...",Diseases of the circulatory system,22921,4082,4.02,< 0.0001,3.85,4.2
411.0 ,Postmyocardial infarction syndrome,Diseases of the circulatory system,538,126,3.93,8.110374e-32,3.19,4.81
402.91 ,Unspecified hypertensive heart...,Diseases of the circulatory system,1591,365,3.89,5.839132e-87,3.45,4.39
427.89 ,Other specified cardiac dysrhythmias,Diseases of the circulatory system,2174,491,3.85,2.77273e-114,3.47,4.27
424.1 ,Aortic valve disorders,Diseases of the circulatory system,2811,625,3.82,1.92999e-142,3.48,4.18
427.2 ,"Paroxysmal tachycardia, unspecified",Diseases of the circulatory system,558,128,3.82,2.349177e-31,3.11,4.67
424.0 ,Mitral valve disorders,Diseases of the circulatory system,2393,528,3.75,1.17657e-118,3.39,4.14
786.50 ,"Chest pain, unspecified","Comorbidities, signs, and ill-defined...",7819,1582,3.66,< 0.0001,3.44,3.88
424.90 ,"Endocarditis, valve unspecified,...",Diseases of the circulatory system,619,136,3.62,3.548178e-31,2.96,4.39
411.89 ,Other acute and subacute forms...,Diseases of the circulatory system,1647,354,3.57,2.424962e-76,3.16,4.03
427.9 ,"Cardiac dysrhythmia, unspecified",Diseases of the circulatory system,14227,2598,3.51,< 0.0001,3.34,3.69
300.09 ,Other anxiety states,Mental disorders,987,209,3.47,1.768043e-44,2.96,4.05
786.51 ,Precordial pain,"Comorbidities, signs, and ill-defined...",701,146,3.38,1.018024e-30,2.79,4.07
427.31 ,Atrial fibrillation,Diseases of the circulatory system,4553,874,3.22,1.35144e-157,2.98,3.48
429.2 ,"Cardiovascular disease, unspecified",Diseases of the circulatory system,1099,217,3.18,3.790539e-41,2.72,3.69
386.11 ,Benign paroxysmal positional vertigo,Diseases of the nervous system,1965,383,3.16,3.397933e-70,2.82,3.55
786.5 ,Chest pain,"Comorbidities, signs, and ill-defined...",3617,685,3.12,1.03758e-119,2.86,3.4
402.11 ,Benign hypertensive heart disease...,Diseases of the circulatory system,1950,375,3.11,3.866273e-67,2.76,3.49
427.0 ,Paroxysmal supraventricular tachycardia,Diseases of the circulatory system,1086,209,3.07,5.590642e-38,2.63,3.58
786.59 ,Other chest pain,"Comorbidities, signs, and ill-defined...",2886,543,3.06,2.06652e-93,2.78,3.37
428.0 ,"Congestive heart failure, unspecified",Diseases of the circulatory system,12995,2183,3.02,< 0.0001,2.87,3.18
428.9 ,"Heart failure, unspecified",Diseases of the circulatory system,7276,1290,3.01,1.32773e-204,2.82,3.2
402.90 ,Unspecified hypertensive heart...,Diseases of the circulatory system,23865,3539,2.91,< 0.0001,2.78,3.04
402.1 ,"Hypertensive heart disease, benign",Diseases of the circulatory system,1348,247,2.9,8.577779e-41,2.51,3.34
402.10 ,Benign hypertensive heart disease...,Diseases of the circulatory system,7575,1294,2.87,1.57641e-190,2.69,3.06
429.3 ,Cardiomegaly,Diseases of the circulatory system,1227,223,2.87,1.857199e-36,2.46,3.32
427 ,Cardiac dysrhythmias,Diseases of the circulatory system,3430,596,2.78,3.279705e-88,2.54,3.05
300.89 ,Other somatoform disorders,Mental disorders,901,160,2.77,1.744016e-25,2.32,3.3
440.9 ,Generalized and unspecified atherosclerosis,Diseases of the circulatory system,3072,532,2.76,3.964219e-78,2.5,3.04
414 ,Other forms of chronic ischemic...,Diseases of the circulatory system,4957,831,2.71,4.38655e-115,2.5,2.93
427.3 ,Atrial fibrillation and flutter,Diseases of the circulatory system,797,139,2.71,1.504132e-21,2.24,3.26
300.02 ,Generalized anxiety disorder,Mental disorders,1341,233,2.71,6.916124e-35,2.34,3.13
785.1 ,Palpitations,"Comorbidities, signs, and ill-defined...",5743,956,2.71,3.75985e-131,2.51,2.91
300.00 ,"Anxiety state, unspecified",Mental disorders,9630,1543,2.69,2.30788e-201,2.54,2.86
353.2 ,"Cervical root lesions, not elsewhere...",Diseases of the nervous system,821,142,2.68,1.687149e-21,2.22,3.22
272.0 ,Pure hypercholesterolemia,"Endocrine, nutritional and metabolic...",2255,381,2.65,3.302226e-53,2.36,2.96
411 ,Other acute and subacute forms...,Diseases of the circulatory system,801,136,2.62,4.198524e-20,2.16,3.16
433.1 ,Carotid artery occlusion and stenosis,Diseases of the circulatory system,523,89,2.62,0.00000000000009342412,2.06,3.3
435.9 ,Unspecified transient cerebral...,Diseases of the circulatory system,2643,436,2.58,7.578211e-58,2.32,2.87
401.0 ,Malignant essential hypertension,Diseases of the circulatory system,2752,446,2.53,4.985529e-57,2.27,2.81
532.30 ,Acute duodenal ulcer without mention...,Diseases of the digestive system,765,124,2.48,1.075839e-16,2.03,3.01
402.9 ,Hypertensive heart disease unspecified,Diseases of the circulatory system,6788,1045,2.47,4.86735e-121,2.3,2.65
458.9 ,"Hypotension, unspecified",Diseases of the circulatory system,874,141,2.47,1.054048e-18,2.04,2.96
493.11 ,Intrinsic asthma with status asthmaticus,Diseases of the respiratory system,636,103,2.47,0.00000000000003193118,1.98,3.06
272.2 ,Mixed hyperlipidemia,"Endocrine, nutritional and metabolic...",3486,548,2.45,1.928925e-65,2.23,2.69
353.9 ,Unspecified nerve root and plexus...,Diseases of the nervous system,1003,160,2.44,1.484745e-20,2.04,2.89
435.1 ,Vertebral artery syndrome,Diseases of the circulatory system,1299,205,2.41,2.32137e-25,2.06,2.81
117.9 ,Other and unspecified mycoses,Infectious and parasitic diseases,714,113,2.41,0.000000000000009756837,1.95,2.95
716.50 ,Unspecified polyarthropathy or...,Diseases of the musculoskeletal...,693,110,2.41,0.00000000000002038913,1.95,2.97
440.8 ,Atherosclerosis of other specified...,Diseases of the circulatory system,531,84,2.4,0.00000000002557036,1.88,3.04
447.6 ,"Arteritis, unspecified",Diseases of the circulatory system,1002,157,2.38,1.806959e-19,2,2.83
531.30 ,Acute gastric ulcer without mention...,Diseases of the digestive system,1551,242,2.38,7.716833e-29,2.07,2.74
785.0 ,"Tachycardia, unspecified","Comorbidities, signs, and ill-defined...",525,82,2.36,0.0000000001109989,1.84,3
401.1 ,Benign essential hypertension,Diseases of the circulatory system,10959,1576,2.35,4.4724e-159,2.22,2.5
307.81 ,Tension headache,Mental disorders,2456,376,2.35,2.667134e-42,2.1,2.63
401.9 ,Unspecified essential hypertension,Diseases of the circulatory system,53835,5817,2.34,< 0.0001,2.24,2.44
300.0 ,Anxiety states,Mental disorders,3519,533,2.34,2.060393e-58,2.13,2.58
719.49 ,"Pain in joint, multiple sites",Diseases of the musculoskeletal...,1744,267,2.33,2.450287e-30,2.04,2.67
428 ,Heart failure,Diseases of the circulatory system,3539,532,2.32,3.880628e-57,2.11,2.55
362.10 ,"Background retinopathy, unspecified",Diseases of the nervous system,683,105,2.32,0.0000000000005399141,1.87,2.87
756.12 ,Spondylolisthesis,Congenital anomalies,671,102,2.29,0.000000000002813588,1.84,2.84
380.23 ,Other chronic otitis externa,Diseases of the nervous system,948,143,2.28,2.893676e-16,1.89,2.73
402.00 ,Malignant hypertensive heart disease...,Diseases of the circulatory system,1662,250,2.28,2.337971e-27,1.98,2.62
721.1 ,Cervical spondylosis with myelopathy,Diseases of the musculoskeletal...,1361,205,2.28,8.876917e-23,1.95,2.65
386.19 ,Other peripheral vertigo,Diseases of the nervous system,791,119,2.27,0.00000000000007901982,1.85,2.76
455.0 ,Internal hemorrhoids without mention...,Diseases of the circulatory system,950,143,2.27,3.090718e-16,1.89,2.72
300.9 ,Unspecified nonpsychotic mental...,Mental disorders,6652,959,2.27,4.958456e-94,2.11,2.44
386.10 ,"Peripheral vertigo, unspecified",Diseases of the nervous system,2645,392,2.26,7.868179e-41,2.02,2.53
780.59 ,Other sleep disturbances,"Comorbidities, signs, and ill-defined...",1097,164,2.26,4.301833e-18,1.9,2.67
780.2 ,Syncope and collapse,"Comorbidities, signs, and ill-defined...",4244,618,2.25,1.876037e-61,2.05,2.45
533.30 ,Acute peptic ulcer of unspecified...,Diseases of the digestive system,1838,273,2.25,5.845631e-29,1.97,2.57
780.50 ,"Sleep disturbance, unspecified","Comorbidities, signs, and ill-defined...",5383,778,2.25,3.15826e-76,2.07,2.43
372.9 ,Unspecified disorder of conjunctiva,Diseases of the nervous system,996,148,2.24,2.219309e-16,1.86,2.67
307.42 ,Persistent disorder of initiating...,Mental disorders,1417,209,2.23,4.2334e-22,1.91,2.58
386.00 ,"Minihre's disease, unspecified",Diseases of the nervous system,5581,796,2.21,1.810677e-75,2.05,2.39
715.16 ,"Osteoarthrosis, localized, primary,...",Diseases of the musculoskeletal...,5645,803,2.21,1.595288e-75,2.04,2.39
472.1 ,Chronic pharyngitis,Diseases of the respiratory system,3183,461,2.21,2.629784e-45,1.99,2.45
530.2 ,Ulcer of esophagus,Diseases of the digestive system,1461,213,2.2,6.95804e-22,1.89,2.55
533.90 ,"Peptic ulcer of unspecified site,...",Diseases of the digestive system,19588,2535,2.2,4.13852e-204,2.1,2.31
729.0 ,"Rheumatism, unspecified and fibrositis",Diseases of the musculoskeletal...,1444,210,2.19,1.836089e-21,1.88,2.54
353.4 ,"Lumbosacral root lesions, not...",Diseases of the nervous system,1221,178,2.19,1.784682e-18,1.86,2.57
379.31 ,Aphakia,Diseases of the nervous system,1129,164,2.18,6.473747e-17,1.83,2.58
357.9 ,Unspecified inflammatory and toxic...,Diseases of the nervous system,589,86,2.18,0.0000000009075425,1.71,2.75
786.9 ,Other symptoms involving respiratory...,"Comorbidities, signs, and ill-defined...",569,83,2.18,0.0000000020170104,1.71,2.76
588.9 ,Unspecified disorder resulting...,Diseases of the genitourinary...,1934,277,2.16,7.380607e-27,1.89,2.46
379.39 ,Other disorders of lens,Diseases of the nervous system,942,136,2.16,0.00000000000004642534,1.79,2.6
716.99 ,"Arthropathy, unspecified, multiple...",Diseases of the musculoskeletal...,708,102,2.15,0.00000000005927144,1.73,2.66
531.90 ,"Gastric ulcer, unspecified as...",Diseases of the digestive system,6899,953,2.15,2.271718e-83,2,2.31
470 ,Deviated nasal septum,Diseases of the respiratory system,690,99,2.14,0.0000000001468572,1.71,2.66
722.2 ,Displacement of intervertebral...,Diseases of the musculoskeletal...,1259,180,2.14,1.016849e-17,1.82,2.51
528.2 ,Oral aphthae,Diseases of the digestive system,1669,237,2.13,1.115297e-22,1.85,2.45
786.09 ,Other respiratory abnormalities,"Comorbidities, signs, and ill-defined...",3513,493,2.13,1.383956e-44,1.93,2.35
780.52 ,"Insomnia, unspecified","Comorbidities, signs, and ill-defined...",17566,2247,2.12,1.20829e-170,2.02,2.23
455.8 ,Unspecified hemorrhoids with other...,Diseases of the circulatory system,1635,230,2.11,1.812134e-21,1.82,2.43
386.0 ,Meniere's disease,Diseases of the nervous system,1402,197,2.1,1.431176e-18,1.79,2.45
272.4 ,Other and unspecified hyperlipidemia,"Endocrine, nutritional and metabolic...",8295,1113,2.1,1.961732e-90,1.96,2.24
307.40 ,"Nonorganic sleep disorder, unspecified",Mental disorders,1372,193,2.1,2.660847e-18,1.79,2.45
786.00 ,"Respiratory abnormality, unspecified","Comorbidities, signs, and ill-defined...",1649,231,2.1,2.692522e-21,1.81,2.42
386.2 ,Vertigo of central origin,Diseases of the nervous system,2798,388,2.09,4.064842e-34,1.87,2.33
307.41 ,Transient disorder of initiating...,Mental disorders,1134,159,2.09,0.000000000000004003777,1.75,2.48
530.1 ,Esophagitis,Diseases of the digestive system,5037,684,2.07,1.692105e-56,1.9,2.25
729.82 ,Cramp of limb,Diseases of the musculoskeletal...,739,103,2.07,0.0000000003822503,1.66,2.56
729.9 ,Other and unspecified disorders...,Diseases of the musculoskeletal...,596,83,2.07,0.000000020457652,1.62,2.61
429.9 ,"Heart disease, unspecified",Diseases of the circulatory system,4096,557,2.06,4.346625e-46,1.88,2.26
564.1 ,Irritable bowel syndrome,Diseases of the digestive system,11537,1500,2.06,1.84286e-113,1.94,2.19
691 ,Atopic dermatitis and related...,Diseases of the skin and subcutaneous...,949,131,2.05,0.000000000002897154,1.69,2.47
715.96 ,"Osteoarthrosis, unspecified whether...",Diseases of the musculoskeletal...,3971,537,2.05,1.005882e-43,1.86,2.25
478.5 ,Other diseases of vocal cords,Diseases of the respiratory system,1512,208,2.05,1.828646e-18,1.76,2.38
333.1 ,Essential and other specified...,Diseases of the nervous system,1022,141,2.05,0.0000000000005077742,1.7,2.45
531.9 ,"Gastric ulcer, unspecified as...",Diseases of the digestive system,1272,175,2.05,0.000000000000001088684,1.73,2.41
573.3 ,"Hepatitis, unspecified",Diseases of the digestive system,1460,200,2.04,1.195918e-17,1.75,2.37
386.9 ,Unspecified vertiginous syndromes...,Diseases of the nervous system,5380,721,2.04,2.452877e-57,1.88,2.22
435.0 ,Basilar artery syndrome,Diseases of the circulatory system,1217,167,2.04,0.000000000000006185934,1.72,2.41
491.20 ,Obstructive chronic bronchitis...,Diseases of the respiratory system,7418,980,2.04,1.512839e-75,1.9,2.19
346.9 ,"Migraine, unspecified",Diseases of the nervous system,1540,211,2.04,1.575796e-18,1.75,2.37
701.1 ,"Keratoderma, acquired",Diseases of the skin and subcutaneous...,1258,172,2.03,0.00000000000000300337,1.72,2.39
493.10 ,"Intrinsic asthma, unspecified",Diseases of the respiratory system,1007,138,2.03,0.000000000001368692,1.68,2.44
535.40 ,"Other specified gastritis, without...",Diseases of the digestive system,3446,465,2.03,1.024361e-37,1.83,2.25
386.12 ,Vestibular neuronitis,Diseases of the nervous system,2586,349,2.02,1.379319e-28,1.8,2.27
716.66 ,"Unspecified monoarthritis, lower...",Diseases of the musculoskeletal...,711,97,2.02,0.0000000031757315,1.61,2.51
300.4 ,Dysthymic disorder,Mental disorders,4003,535,2.02,3.266304e-42,1.83,2.22
528.0 ,Stomatitis,Diseases of the digestive system,2478,335,2.02,1.264342e-27,1.79,2.27
574.50 ,Calculus of bile duct without...,Diseases of the digestive system,641,87,2.01,0.000000028367875,1.58,2.52
715.38 ,"Osteoarthrosis, localized, not...",Diseases of the musculoskeletal...,655,89,2.01,0.000000017262153,1.59,2.52
532.70 ,Chronic duodenal ulcer without...,Diseases of the digestive system,1697,229,2.01,3.860412e-19,1.74,2.31
533.00 ,Acute peptic ulcer of unspecified...,Diseases of the digestive system,1935,261,2.01,1.429575e-21,1.75,2.29
367.9 ,Unspecified disorder of refraction...,Diseases of the nervous system,1708,231,2.01,2.088707e-19,1.74,2.32
416.9 ,"Chronic pulmonary heart disease,...",Diseases of the circulatory system,924,125,2,0.00000000003600847,1.64,2.42
491.21 ,Obstructive chronic bronchitis...,Diseases of the respiratory system,6233,816,2,8.407749e-61,1.85,2.16
350.1 ,Trigeminal neuralgia,Diseases of the nervous system,688,93,2,0.000000010606852,1.59,2.49
443.9 ,"Peripheral vascular disease, unspecified",Diseases of the circulatory system,2870,382,1.99,5.442653e-30,1.78,2.22
715.09 ,"Osteoarthrosis, generalized, multiple...",Diseases of the musculoskeletal...,1452,195,1.99,3.194994e-16,1.7,2.32
724.4 ,Thoracic or lumbosacral neuritis...,Diseases of the musculoskeletal...,1287,173,1.99,0.00000000000001048206,1.68,2.34
530.9 ,Unspecified disorder of esophagus,Diseases of the digestive system,734,99,1.99,0.0000000052431821,1.59,2.47
780.4 ,Dizziness and giddiness,"Comorbidities, signs, and ill-defined...",42691,4571,1.99,3.26774e-224,1.91,2.07
372.39 ,Other conjunctivitis,Diseases of the nervous system,663,89,1.98,0.000000032197568,1.56,2.48
607.84 ,Impotence of organic origin,Diseases of the genitourinary...,886,119,1.98,0.0000000001942921,1.62,2.41
715.26 ,"Osteoarthrosis, localized, secondary,...",Diseases of the musculoskeletal...,1104,148,1.98,0.000000000001131531,1.65,2.36
477.9 ,"Allergic rhinitis, cause unspecified",Diseases of the respiratory system,13771,1712,1.98,7.84531e-114,1.87,2.09
306.4 ,Gastrointestinal malfunction arising...,Mental disorders,535,72,1.98,0.00000064093632,1.52,2.55
574.20 ,Calculus of gallbladder without...,Diseases of the digestive system,2567,339,1.97,3.835151e-26,1.75,2.21
692.89 ,Contact dermatitis and other eczema...,Diseases of the skin and subcutaneous...,3319,436,1.97,8.596646e-33,1.77,2.18
054.9 ,Herpes simplex without mention...,Infectious and parasitic diseases,802,107,1.97,0.0000000020273469,1.59,2.42
437.0 ,Cerebral atherosclerosis,Diseases of the circulatory system,4239,554,1.97,7.654663e-41,1.79,2.16
465.9 ,Acute upper respiratory infections...,Diseases of the respiratory system,81986,7305,1.97,5.34978e-191,1.88,2.07
532.90 ,"Duodenal ulcer, unspecified as...",Diseases of the digestive system,4438,580,1.97,8.592843e-43,1.8,2.15
354.0 ,Carpal tunnel syndrome,Diseases of the nervous system,810,108,1.97,0.0000000016417681,1.59,2.41
367.4 ,Presbyopia,Diseases of the nervous system,2088,277,1.97,7.45624e-22,1.73,2.24
564.0 ,Constipation,Diseases of the digestive system,47933,4983,1.97,2.05752e-224,1.89,2.06
386.1 ,Other and unspecified peripheral...,Diseases of the nervous system,1327,176,1.96,0.00000000000002526419,1.66,2.3
721.4 ,Thoracic or lumbar spondylosis...,Diseases of the musculoskeletal...,563,75,1.96,0.0000005361131,1.52,2.51
738.4 ,Acquired spondylolisthesis,Diseases of the musculoskeletal...,1075,143,1.96,0.000000000004904005,1.63,2.35
388.30 ,"Tinnitus, unspecified",Diseases of the nervous system,4756,616,1.95,3.312004e-44,1.79,2.13
211.3 ,Benign neoplasm of colon,Neoplasms,1151,152,1.95,0.000000000002146463,1.63,2.32
272.1 ,Pure hyperglyceridemia,"Endocrine, nutritional and metabolic...",883,117,1.95,0.0000000006627976,1.59,2.38
721.0 ,Cervical spondylosis without myelopathy,Diseases of the musculoskeletal...,3800,495,1.95,3.099517e-36,1.77,2.15
721.42 ,"Spondylosis with myelopathy, lumbar...",Diseases of the musculoskeletal...,2924,382,1.95,2.24203e-28,1.74,2.17
491.0 ,Simple chronic bronchitis,Diseases of the respiratory system,4526,587,1.95,2.4497e-42,1.78,2.13
531.70 ,Chronic gastric ulcer without...,Diseases of the digestive system,1841,242,1.95,8.965976e-19,1.69,2.23
366.14 ,Posterior subcapsular polar senile...,Diseases of the nervous system,915,121,1.95,0.0000000003871314,1.59,2.37
788.4 ,Frequency of urination and polyuria,"Comorbidities, signs, and ill-defined...",4689,604,1.94,1.163845e-42,1.77,2.12
574.10 ,Calculus of gallbladder with other...,Diseases of the digestive system,683,90,1.94,0.000000076937689,1.53,2.43
593.2 ,"Cyst of kidney, acquired",Diseases of the genitourinary...,773,102,1.94,0.0000000087627034,1.56,2.4
729.1 ,"Myalgia and myositis, unspecified",Diseases of the musculoskeletal...,16762,2021,1.94,8.20964e-124,1.84,2.04
726.10 ,Disorders of bursae and tendons...,Diseases of the musculoskeletal...,646,85,1.93,0.0000001809472,1.52,2.44
784.7 ,Epistaxis,"Comorbidities, signs, and ill-defined...",1671,218,1.93,1.259952e-16,1.66,2.23
375.15 ,"Tear film insufficiency, unspecified",Diseases of the nervous system,3818,491,1.92,1.709102e-34,1.74,2.12
600 ,Hyperplasia of prostate,Diseases of the genitourinary...,49403,5039,1.92,8.18786e-208,1.84,2
531 ,Gastric ulcer,Diseases of the digestive system,2568,332,1.92,5.315718e-24,1.7,2.16
493.21 ,Chronic obstructive asthma with...,Diseases of the respiratory system,2410,311,1.91,1.964564e-22,1.69,2.16
533.91 ,"Peptic ulcer of unspecified site,...",Diseases of the digestive system,801,104,1.91,0.000000016094169,1.53,2.35
536.8 ,Dyspepsia and other specified...,Diseases of the digestive system,17819,2116,1.91,1.49692e-123,1.81,2.01
569.3 ,Hemorrhage of rectum and anus,Diseases of the digestive system,657,85,1.9,0.00000035359528,1.49,2.39
733.01 ,Senile osteoporosis,Diseases of the musculoskeletal...,2351,302,1.9,1.480848e-21,1.68,2.15
533.9 ,"Peptic ulcer, site unspecified,...",Diseases of the digestive system,5981,754,1.9,7.540343e-50,1.76,2.06
786.1 ,Stridor,"Comorbidities, signs, and ill-defined...",874,113,1.9,0.0000000044171205,1.54,2.32
402 ,Hypertensive heart disease,Diseases of the circulatory system,8976,1109,1.89,1.591755e-69,1.77,2.02
455.6 ,Unspecified hemorrhoids without...,Diseases of the circulatory system,5293,666,1.89,1.148633e-43,1.74,2.06
435 ,Transient cerebral ischemia,Diseases of the circulatory system,576,74,1.88,0.0000025462404,1.45,2.41
250.4 ,Diabetes with renal manifestations,"Endocrine, nutritional and metabolic...",723,93,1.88,0.00000012502195,1.5,2.35
721.3 ,Lumbosacral spondylosis without...,Diseases of the musculoskeletal...,13987,1674,1.88,2.418842e-97,1.78,1.99
496 ,"Chronic airway obstruction, not...",Diseases of the respiratory system,32545,3555,1.88,7.42874e-170,1.8,1.96
454.9 ,Asymptomatic varicose veins,Diseases of the circulatory system,934,119,1.87,0.0000000044385271,1.53,2.27
493.00 ,"Extrinsic asthma, unspecified",Diseases of the respiratory system,1535,195,1.87,0.00000000000007689141,1.6,2.17
727.03 ,Trigger finger (acquired),Diseases of the musculoskeletal...,532,68,1.87,0.0000077466074,1.43,2.42
528.9 ,Other and unspecified diseases...,Diseases of the digestive system,3614,454,1.87,1.015401e-29,1.68,2.07
367.89 ,Other disorders of refraction...,Diseases of the nervous system,642,82,1.87,0.00000089609301,1.46,2.36
473.9 ,Unspecified sinusitis (chronic),Diseases of the respiratory system,1778,225,1.86,0.000000000000001103594,1.61,2.15
722.10 ,Displacement of lumbar intervertebral...,Diseases of the musculoskeletal...,1913,242,1.86,9.451665e-17,1.62,2.14
306.9 ,Unspecified psychophysiological...,Mental disorders,2717,342,1.86,9.498095e-23,1.65,2.09
533.40 ,Chronic or unspecified peptic...,Diseases of the digestive system,1391,176,1.86,0.000000000001626964,1.57,2.18
533.50 ,Chronic or unspecified peptic...,Diseases of the digestive system,659,84,1.86,0.00000081701116,1.46,2.35
789.0 ,Abdominal pain,"Comorbidities, signs, and ill-defined...",27426,3044,1.85,7.17453e-148,1.77,1.94
372.10 ,"Chronic conjunctivitis, unspecified",Diseases of the nervous system,29121,3198,1.85,9.31832e-151,1.77,1.93
388.3 ,Tinitus,Diseases of the nervous system,1509,190,1.85,0.0000000000003214451,1.58,2.16
261 ,Nutritional marasmus,"Endocrine, nutritional and metabolic...",528,67,1.85,0.0000108963,1.41,2.4
724.00 ,"Spinal stenosis, unspecified region",Diseases of the musculoskeletal...,1357,171,1.85,0.000000000004119124,1.56,2.17
533.70 ,Chronic peptic ulcer of unspecified...,Diseases of the digestive system,3134,392,1.85,2.101078e-25,1.66,2.06
784.0 ,Headache,"Comorbidities, signs, and ill-defined...",22699,2570,1.85,8.34025e-130,1.76,1.94
440 ,Atherosclerosis,Diseases of the circulatory system,914,115,1.84,0.000000014628941,1.5,2.24
716.59 ,Unspecified polyarthropathy or...,Diseases of the musculoskeletal...,628,79,1.84,0.0000031537167,1.43,2.33
311 ,"Depressive disorder, not elsewhere...",Mental disorders,1368,172,1.84,0.000000000004884511,1.56,2.17
536.9 ,Unspecified functional disorder...,Diseases of the digestive system,33824,3629,1.84,3.24223e-161,1.76,1.92
370.9 ,Unspecified keratitis,Diseases of the nervous system,542,68,1.83,0.0000141327,1.4,2.37
924.11 ,Contusion of knee,Injury and poisoning,1231,154,1.83,0.00000000008221877,1.53,2.17
110.3 ,Dermatophytosis of groin and perianal...,Infectious and parasitic diseases,4200,518,1.83,8.304633e-32,1.66,2.01
715.00 ,"Osteoarthrosis, generalized, site...",Diseases of the musculoskeletal...,2836,351,1.83,3.757068e-22,1.62,2.05
250.40 ,"Diabetes with renal manifestations,...","Endocrine, nutritional and metabolic...",2016,251,1.83,1.915027e-16,1.59,2.09
362.50 ,"Macular degeneration (senile),...",Diseases of the nervous system,3478,431,1.83,5.131142e-27,1.65,2.03
564.8 ,Other specified function disorder...,Diseases of the digestive system,4852,595,1.83,7.257247e-36,1.67,2
578.1 ,Blood in stool,Diseases of the digestive system,778,97,1.82,0.00000034986798,1.45,2.26
592.0 ,Calculus of kidney,Diseases of the genitourinary...,2520,311,1.82,1.483555e-19,1.6,2.05
598.9 ,"Urethral stricture, unspecified",Diseases of the genitourinary...,746,93,1.82,0.00000060913335,1.45,2.26
416 ,Chronic pulmonary heart disease,Diseases of the circulatory system,585,73,1.82,0.0000096535729,1.4,2.33
493.90 ,"Asthma, unspecified type, unspecified",Diseases of the respiratory system,13288,1560,1.82,7.991903e-84,1.72,1.93
789 ,Other symptoms involving abdomen...,"Comorbidities, signs, and ill-defined...",861,107,1.81,0.000000081541437,1.46,2.22
583.9 ,"Nephritis and nephropathy, not...",Diseases of the genitourinary...,2139,264,1.81,8.453435e-17,1.58,2.07
379.24 ,Other vitreous opacities,Diseases of the nervous system,1007,125,1.81,0.0000000080991845,1.49,2.19
477.8 ,Allergic rhinitis due to other...,Diseases of the respiratory system,1105,137,1.81,0.0000000016236329,1.5,2.17
274.0 ,"Gouty arthropathy, unspecified","Endocrine, nutritional and metabolic...",13201,1543,1.81,1.927198e-81,1.71,1.92
276.8 ,Hypopotassemia,"Endocrine, nutritional and metabolic...",1246,154,1.81,0.0000000002185834,1.51,2.14
490 ,"Bronchitis, not specified as acute...",Diseases of the respiratory system,12081,1418,1.81,2.170989e-75,1.7,1.92
491.9 ,Unspecified chronic bronchitis,Diseases of the respiratory system,21706,2440,1.81,2.34436e-118,1.73,1.9
355.0 ,Lesion of sciatic nerve,Diseases of the nervous system,522,65,1.81,0.0000302239,1.38,2.36
357.4 ,Polyneuropathy in other diseases...,Diseases of the nervous system,896,111,1.81,0.000000067523138,1.47,2.21
372.12 ,Chronic follicular conjunctivitis,Diseases of the nervous system,557,69,1.8,0.0000186517,1.38,2.33
380.10 ,"Infective otitis externa, unspecified",Diseases of the nervous system,6074,730,1.8,5.209065e-41,1.66,1.95
692.8 ,"Contact dermatitis and other eczema,...",Diseases of the skin and subcutaneous...,671,83,1.8,0.0000032233197,1.41,2.27
070.9 ,Unspecified viral hepatitis without...,Infectious and parasitic diseases,670,83,1.8,0.000003159517,1.41,2.28
723.4 ,"Brachial neuritis or radiculitis,...",Diseases of the musculoskeletal...,606,75,1.8,0.0000096393165,1.39,2.3
727.09 ,Other synovitis and tenosynovitis,Diseases of the musculoskeletal...,599,74,1.8,0.0000123599,1.39,2.3
728.9 ,"Unspecified disorder of muscle,...",Diseases of the musculoskeletal...,2623,321,1.8,1.326649e-19,1.59,2.03
729.2 ,"Neuralgia, neuritis, and radiculitis,...",Diseases of the musculoskeletal...,10896,1283,1.8,1.745888e-68,1.69,1.92
786.0 ,Dyspnea and respiratory abnormalities,"Comorbidities, signs, and ill-defined...",1547,190,1.8,0.000000000002775404,1.53,2.09
564.9 ,Unspecified functional disorder...,Diseases of the digestive system,18935,2144,1.8,1.65368e-104,1.71,1.89
571.49 ,Other chronic hepatitis,Diseases of the digestive system,864,106,1.79,0.00000017912928,1.44,2.19
715.36 ,"Osteoarthrosis, localized, not...",Diseases of the musculoskeletal...,7462,887,1.79,4.774055e-48,1.66,1.92
719.41 ,"Pain in joint, shoulder region",Diseases of the musculoskeletal...,944,116,1.79,0.000000051161909,1.46,2.18
721.90 ,"Spondylosis of unspecified site,...",Diseases of the musculoskeletal...,5389,649,1.79,9.617518e-37,1.65,1.95
372.2 ,Blepharoconjunctivitis,Diseases of the nervous system,1049,128,1.78,0.000000016155866,1.46,2.14
845.00 ,"Sprain of ankle, unspecified site",Injury and poisoning,644,79,1.78,0.0000064511378,1.39,2.26
601.1 ,Chronic prostatitis,Diseases of the genitourinary...,1653,201,1.78,0.000000000001778146,1.52,2.06
433.2 ,Occlusion and stenosis of vertebral...,Diseases of the circulatory system,605,74,1.78,0.0000142477,1.37,2.27
444.22 ,Arterial embolism and thrombosis...,Diseases of the circulatory system,860,105,1.78,0.00000032556617,1.43,2.18
472.0 ,Chronic rhinitis,Diseases of the respiratory system,3607,436,1.78,3.523913e-25,1.61,1.98
274.9 ,"Gout, unspecified","Endocrine, nutritional and metabolic...",13626,1568,1.78,5.228497e-78,1.68,1.88
722.73 ,Intervertebral disc disorder with...,Diseases of the musculoskeletal...,686,84,1.78,0.0000041634676,1.4,2.24
723.1 ,Cervicalgia,Diseases of the musculoskeletal...,2921,354,1.78,8.556707e-21,1.59,2
724.3 ,Sciatica,Diseases of the musculoskeletal...,9345,1098,1.78,1.361719e-57,1.66,1.9
493.20 ,"Chronic obstructive asthma, unspecified",Diseases of the respiratory system,4522,543,1.78,2.087375e-30,1.62,1.95
366.53 ,"After-cataract, obscuring vision",Diseases of the nervous system,1570,191,1.78,0.000000000005707355,1.52,2.07
788.0 ,Renal colic,"Comorbidities, signs, and ill-defined...",599,73,1.77,0.0000185135,1.36,2.27
373.00 ,"Blepharitis, unspecified",Diseases of the nervous system,3129,376,1.77,2.171411e-21,1.58,1.97
588.8 ,Secondary hyperparathyroidism...,Diseases of the genitourinary...,550,67,1.77,0.0000487062,1.35,2.29
379.99 ,Other ill-defined disorders of...,Diseases of the nervous system,647,79,1.77,0.0000092645537,1.38,2.25
714.0 ,Rheumatoid arthritis,Diseases of the musculoskeletal...,2615,316,1.77,1.907383e-18,1.57,2
715.90 ,"Osteoarthrosis, unspecified whether...",Diseases of the musculoskeletal...,19259,2149,1.77,1.250876e-98,1.68,1.86
280.0 ,Iron deficiency anemia secondary...,Diseases of the blood and blood-forming...,625,76,1.77,0.0000137125,1.37,2.25
533.0 ,"Peptic ulcer, site unspecified...",Diseases of the digestive system,707,86,1.77,0.0000041052359,1.39,2.22
535.00 ,"Acute gastritis, without mention...",Diseases of the digestive system,15528,1762,1.77,3.98118e-84,1.67,1.86
564.5 ,Functional diarrhea,Diseases of the digestive system,3030,365,1.77,5.56632e-21,1.58,1.98
370.49 ,Other keratoconjunctivitis,Diseases of the nervous system,611,74,1.76,0.000021915,1.36,2.25
577.0 ,Acute pancreatitis,Diseases of the digestive system,686,83,1.76,0.0000084735925,1.38,2.21
585 ,Chronic renal failure,Diseases of the genitourinary...,8733,1021,1.76,2.68706e-52,1.64,1.89
374.30 ,"Ptosis of eyelid, unspecified",Diseases of the nervous system,545,66,1.76,0.0000644645,1.34,2.28
466.0 ,Acute bronchitis,Diseases of the respiratory system,46543,4615,1.76,5.40667e-154,1.69,1.83
478.1 ,Other diseases of nasal cavity...,Diseases of the respiratory system,1566,189,1.76,0.00000000001512605,1.5,2.05
491.8 ,Other chronic bronchitis,Diseases of the respiratory system,2575,310,1.76,5.901207e-18,1.56,1.99
725 ,Polymyalgia rheumatica,Diseases of the musculoskeletal...,518,63,1.76,0.0000854064,1.33,2.3
356.9 ,Unspecified hereditary and idiopathic...,Diseases of the nervous system,2698,324,1.76,1.6557e-18,1.56,1.98
790.6 ,Other abnormal blood chemistry,"Comorbidities, signs, and ill-defined...",1986,238,1.75,0.00000000000007054456,1.52,2.01
582.9 ,Chronic glomerulonephritis with...,Diseases of the genitourinary...,3969,471,1.75,1.988294e-25,1.58,1.93
389.10 ,"Sensorineural hearing loss, unspecified",Diseases of the nervous system,3731,444,1.75,2.968787e-24,1.58,1.94
923.00 ,Contusion of shoulder region,Injury and poisoning,637,77,1.75,0.0000162308,1.36,2.23
250.60 ,"Diabetes with neurological manifestations,...","Endocrine, nutritional and metabolic...",2723,326,1.75,1.733542e-18,1.55,1.97
724.02 ,"Spinal stenosis, lumbar region,...",Diseases of the musculoskeletal...,3948,469,1.75,2.068053e-25,1.58,1.93
300 ,Neurotic disorders,Mental disorders,3592,428,1.75,1.676886e-23,1.58,1.94
389.1 ,Sensorineural hearing loss,Diseases of the nervous system,1483,177,1.74,0.0000000001856509,1.47,2.04
460 ,Acute nasopharyngitis [common...,Diseases of the respiratory system,33551,3488,1.74,3.49141e-131,1.67,1.82
493.9 ,"Asthma, unspecified",Diseases of the respiratory system,2878,342,1.74,7.633244e-19,1.55,1.95
493.91 ,"Asthma, unspecified type, with...",Diseases of the respiratory system,1656,198,1.74,0.00000000001062122,1.49,2.02
726.90 ,Enthesopathy of unspecified site,Diseases of the musculoskeletal...,3794,448,1.74,9.675187e-24,1.57,1.92
728.85 ,Spasm of muscle,Diseases of the musculoskeletal...,867,104,1.74,0.00000074622676,1.4,2.14
535.50 ,"Unspecified gastritis and gastroduodenitis,...",Diseases of the digestive system,17002,1893,1.74,2.422251e-84,1.65,1.83
365.23 ,Chronic angle-closure glaucoma,Diseases of the nervous system,1363,163,1.74,0.0000000006975414,1.47,2.05
607.1 ,Balanoposthitis,Diseases of the genitourinary...,738,88,1.73,0.0000067005168,1.37,2.16
702.0 ,Actinic keratosis,Diseases of the skin and subcutaneous...,838,100,1.73,0.0000018707126,1.39,2.14
472 ,Chronic pharyngitis and nasopharyngitis,Diseases of the respiratory system,528,63,1.73,0.000142734,1.3,2.25
276.7 ,Hyperpotassemia,"Endocrine, nutritional and metabolic...",560,67,1.73,0.0000814586,1.32,2.24
726.9 ,Unspecified enthesopathy,Diseases of the musculoskeletal...,727,87,1.73,0.0000078789128,1.37,2.18
357.2 ,Polyneuropathy in diabetes,Diseases of the nervous system,795,95,1.73,0.0000027825111,1.38,2.15
535.4 ,Other specified gastritis,Diseases of the digestive system,1158,138,1.73,0.00000002109627,1.44,2.07
366.8 ,Other cataract,Diseases of the nervous system,1097,131,1.73,0.000000034819231,1.43,2.09
787.0 ,Nausea and vomiting,"Comorbidities, signs, and ill-defined...",6015,702,1.73,2.234306e-35,1.59,1.88
571.40 ,"Chronic hepatitis, unspecified",Diseases of the digestive system,8044,926,1.72,1.555724e-44,1.6,1.85
794.8 ,Nonspecific abnormal results of...,"Comorbidities, signs, and ill-defined...",986,117,1.72,0.00000027885543,1.4,2.09
380.15 ,Chronic mycotic otitis externa,Diseases of the nervous system,2514,296,1.72,7.136026e-16,1.51,1.94
405.99 ,Other unspecified secondary hypertension,Diseases of the circulatory system,1115,132,1.72,0.000000060745467,1.42,2.06
690 ,Erythematosquamous dermatosis,Diseases of the skin and subcutaneous...,5037,588,1.72,1.105092e-29,1.57,1.88
110.4 ,Dermatophytosis of foot,Infectious and parasitic diseases,10421,1187,1.72,2.256677e-55,1.61,1.84
715.0 ,"Osteoarthrosis, generalized",Diseases of the musculoskeletal...,1038,123,1.72,0.00000015247679,1.41,2.08
715.3 ,"Osteoarthrosis, localized, not...",Diseases of the musculoskeletal...,1131,134,1.72,0.000000040069289,1.42,2.06
716.90 ,"Arthropathy, unspecified, site...",Diseases of the musculoskeletal...,10154,1158,1.72,3.32435e-54,1.61,1.84
492.8 ,Other emphysema,Diseases of the respiratory system,4522,529,1.72,4.630754e-27,1.57,1.89
729.4 ,"Fasciitis, unspecified",Diseases of the musculoskeletal...,7423,854,1.72,5.906629e-41,1.59,1.85
791.0 ,Proteinuria,"Comorbidities, signs, and ill-defined...",898,106,1.71,0.0000011919463,1.38,2.1
372.1 ,Chronic conjunctivitis,Diseases of the nervous system,10706,1213,1.71,1.652091e-55,1.61,1.83
592.9 ,"Urinary calculus, unspecified",Diseases of the genitourinary...,2090,246,1.71,0.0000000000002120615,1.49,1.96
924.5 ,Contusion of unspecified part...,Injury and poisoning,933,110,1.71,0.00000096180399,1.38,2.09
698.8 ,Other specified pruritic conditions,Diseases of the skin and subcutaneous...,2676,313,1.71,2.376583e-16,1.51,1.92
531.00 ,"Acute gastric ulcer with hemorrhage,...",Diseases of the digestive system,1010,119,1.71,0.00000028999696,1.4,2.07
532.9 ,"Duodenal ulcer, unspecified as...",Diseases of the digestive system,865,102,1.71,0.000002018368,1.37,2.1
780.5 ,Sleep disturbance,"Comorbidities, signs, and ill-defined...",5979,690,1.71,2.363848e-33,1.57,1.86
366.10 ,"Senile cataract, unspecified",Diseases of the nervous system,23457,2518,1.71,1.74878e-100,1.63,1.8
366.16 ,Senile nuclear sclerosis,Diseases of the nervous system,5288,614,1.71,2.109575e-30,1.57,1.87
583 ,"Nephritis and nephropathy, not...",Diseases of the genitourinary...,902,106,1.7,0.0000016899209,1.37,2.09
590.10 ,Acute pyelonephritis without lesion...,Diseases of the genitourinary...,767,90,1.7,0.0000100934,1.34,2.12
922.1 ,Contusion of chest wall,Injury and poisoning,3941,458,1.7,6.461904e-23,1.54,1.88
110.9 ,Dermatophytosis of unspecified...,Infectious and parasitic diseases,3105,362,1.7,1.564889e-18,1.52,1.91
784.1 ,Throat pain,"Comorbidities, signs, and ill-defined...",1278,150,1.7,0.000000011365697,1.42,2.02
558.9 ,Other and unspecified noninfectious...,Diseases of the digestive system,27317,2877,1.7,2.18402e-108,1.63,1.78
788.1 ,Dysuria,"Comorbidities, signs, and ill-defined...",3815,441,1.69,1.118519e-21,1.53,1.87
370.23 ,Filamentary keratitis,Diseases of the nervous system,711,83,1.69,0.000025021,1.32,2.12
573.9 ,Unspecified disorder of liver,Diseases of the digestive system,691,81,1.69,0.0000266399,1.32,2.14
847.0 ,Sprain of neck,Injury and poisoning,1501,175,1.69,0.0000000012213574,1.43,1.98
692.9 ,"Contact dermatitis and other eczema,...",Diseases of the skin and subcutaneous...,38201,3839,1.69,1.62989e-125,1.62,1.77
706.3 ,Seborrhea,Diseases of the skin and subcutaneous...,1752,204,1.69,0.00000000005435548,1.45,1.96
716.96 ,"Arthropathy, unspecified, lower...",Diseases of the musculoskeletal...,1180,138,1.69,0.000000055976014,1.41,2.03
728.89 ,"Other disorders of muscle, ligament,...",Diseases of the musculoskeletal...,1150,134,1.69,0.0000001012704,1.4,2.02
574.00 ,Calculus of gallbladder with acute...,Diseases of the digestive system,566,66,1.68,0.0001786746,1.28,2.18
574.2 ,Calculus of gallbladder without...,Diseases of the digestive system,634,74,1.68,0.000084098,1.3,2.15
575.0 ,Acute cholecystitis,Diseases of the digestive system,645,75,1.68,0.0000721431,1.3,2.14
847.2 ,Sprain of lumbar,Injury and poisoning,2838,327,1.68,3.705466e-16,1.49,1.89
380.22 ,Other acute otitis externa,Diseases of the nervous system,1685,195,1.68,0.0000000002804943,1.43,1.95
380.4 ,Impacted cerumen,Diseases of the nervous system,7349,830,1.68,6.419249e-37,1.55,1.81
382.9 ,Unspecified otitis media,Diseases of the nervous system,2491,287,1.68,0.00000000000002389984,1.47,1.9
597.89 ,Other urethritis,Diseases of the genitourinary...,654,76,1.68,0.000079036,1.3,2.13
917.0 ,Abrasion or friction burn of foot...,Injury and poisoning,739,86,1.68,0.000025068,1.32,2.11
078.1 ,Viral warts,Infectious and parasitic diseases,3644,419,1.68,2.852175e-20,1.51,1.87
110.1 ,Dermatophytosis of nail,Infectious and parasitic diseases,6497,738,1.68,1.393778e-33,1.55,1.82
782.3 ,Edema,"Comorbidities, signs, and ill-defined...",14634,1610,1.68,9.296626e-67,1.59,1.78
366.1 ,Senile cataract,Diseases of the nervous system,7473,846,1.68,4.910711e-38,1.56,1.81
555.9 ,Regional enteritis of unspecified...,Diseases of the digestive system,1361,158,1.68,0.0000000094563535,1.41,1.99
787.3 ,"Flatulence, eructation, and gas...","Comorbidities, signs, and ill-defined...",7420,841,1.68,5.183124e-38,1.56,1.82
787.9 ,Other symptoms involving digestive...,"Comorbidities, signs, and ill-defined...",1463,170,1.68,0.0000000026708364,1.42,1.98
372.54 ,Conjunctival concretions,Diseases of the nervous system,1846,213,1.67,0.00000000004918781,1.44,1.93
455.2 ,Internal hemorrhoids with other...,Diseases of the circulatory system,986,114,1.67,0.0000014152734,1.36,2.03
715.9 ,"Osteoarthrosis, unspecified whether...",Diseases of the musculoskeletal...,4616,526,1.67,2.734573e-24,1.52,1.83
485 ,"Bronchopneumonia, organism unspecified",Diseases of the respiratory system,2268,261,1.67,0.0000000000004176215,1.46,1.91
719.99 ,"Unspecified disorder of joint,...",Diseases of the musculoskeletal...,552,64,1.67,0.0002803809,1.27,2.17
722.0 ,Displacement of cervical intervertebral...,Diseases of the musculoskeletal...,665,77,1.67,0.0000675587,1.3,2.12
726.0 ,Adhesive capsulitis of shoulder,Diseases of the musculoskeletal...,3328,382,1.67,1.968056e-18,1.5,1.87
523.9 ,Unspecified gingival and periodontal...,Diseases of the digestive system,1098,127,1.67,0.00000034212643,1.38,2.02
733.00 ,"Osteoporosis, unspecified",Diseases of the musculoskeletal...,7352,826,1.67,5.416104e-36,1.54,1.8
535.0 ,Acute gastritis,Diseases of the digestive system,3917,448,1.67,3.736562e-21,1.51,1.85
535.5 ,Unspecified gastritis & gastroduodenitis,Diseases of the digestive system,2553,294,1.67,0.00000000000001440338,1.48,1.9
368.13 ,Visual discomfort,Diseases of the nervous system,6046,685,1.67,7.163643e-31,1.54,1.82
372.20 ,"Blepharoconjunctivitis, unspecified",Diseases of the nervous system,2825,322,1.66,0.000000000000002658622,1.47,1.87
807.00 ,"Closed fracture of rib(s), unspecified",Injury and poisoning,705,81,1.66,0.0000589395,1.3,2.09
586 ,"Renal failure, unspecified",Diseases of the genitourinary...,2376,272,1.66,0.0000000000002391624,1.46,1.89
388.01 ,Presbyacusis,Diseases of the nervous system,599,69,1.66,0.0001958367,1.27,2.14
715.35 ,"Osteoarthrosis, localized, not...",Diseases of the musculoskeletal...,1263,145,1.66,0.000000083746273,1.38,1.98
487.8 ,Influenza with other manifestations,Diseases of the respiratory system,2831,323,1.66,0.000000000000002109547,1.47,1.87
724.2 ,Lumbago,Diseases of the musculoskeletal...,23466,2471,1.66,1.412022e-89,1.59,1.75
519.9 ,Unspecified disease of respiratory...,Diseases of the respiratory system,982,113,1.66,0.0000018734855,1.35,2.02
365 ,Glaucoma,Diseases of the nervous system,1025,118,1.66,0.0000012139804,1.36,2.02
365.20 ,"Primary angle-closure glaucoma,...",Diseases of the nervous system,582,67,1.66,0.0002240604,1.26,2.14
366.5 ,After-cataract,Diseases of the nervous system,792,91,1.66,0.0000195891,1.32,2.07
848.8 ,Other specified sites of sprains...,Injury and poisoning,744,85,1.65,0.0000502492,1.3,2.07
693.9 ,Dermatitis due to unspecified...,Diseases of the skin and subcutaneous...,1483,169,1.65,0.000000011659002,1.39,1.94
702.1 ,Seborrheic keratosis,Diseases of the skin and subcutaneous...,1457,166,1.65,0.000000015818266,1.39,1.94
465.0 ,Acute laryngopharyngitis,Diseases of the respiratory system,13118,1432,1.65,1.041468e-56,1.56,1.76
466.1 ,Acute bronchiolitis,Diseases of the respiratory system,6216,698,1.65,3.07549e-30,1.52,1.8
461.9 ,"Acute sinusitis, unspecified",Diseases of the respiratory system,7827,867,1.64,1.363044e-35,1.52,1.77
462 ,Acute pharyngitis,Diseases of the respiratory system,15589,1675,1.64,1.020518e-62,1.55,1.73
719.46 ,"Pain in joint, lower leg",Diseases of the musculoskeletal...,2724,308,1.64,0.00000000000003024905,1.45,1.85
494 ,Bronchiectasis,Diseases of the respiratory system,4089,459,1.64,4.305088e-20,1.48,1.81
374.05 ,Trichiasis of eyelid without entropion,Diseases of the nervous system,8686,955,1.63,4.046817e-38,1.52,1.75
375.56 ,"Stenosis of nasolacrimal duct,...",Diseases of the nervous system,1149,130,1.63,0.00000084201588,1.35,1.96
913.0 ,"Abrasion or friction burn of elbow,...",Injury and poisoning,1351,153,1.63,0.000000092528502,1.37,1.94
250.00 ,Diabetes mellitus without mention...,"Endocrine, nutritional and metabolic...",17490,1860,1.63,3.403278e-67,1.55,1.72
250.01 ,Diabetes mellitus without mention...,"Endocrine, nutritional and metabolic...",645,73,1.63,0.0002462182,1.26,2.08
272 ,Disorders of lipoid metabolism,"Endocrine, nutritional and metabolic...",1141,129,1.63,0.0000010244807,1.34,1.96
346 ,Migraine,Diseases of the nervous system,519,59,1.63,0.0008983705,1.22,2.15
349.9 ,Unspecified disorders of nervous...,Diseases of the nervous system,3419,383,1.63,7.699148e-17,1.46,1.82
366.50 ,"After-cataract, unspecified",Diseases of the nervous system,3518,395,1.63,2.094308e-17,1.46,1.82
371.00 ,"Corneal opacity, unspecified",Diseases of the nervous system,711,80,1.62,0.0001551902,1.26,2.04
372.14 ,Other chronic allergic conjunctivitis,Diseases of the nervous system,5053,561,1.62,2.536278e-23,1.48,1.78
388.40 ,"Abnormal auditory perception,...",Diseases of the nervous system,629,71,1.62,0.0002828651,1.25,2.08
682.0 ,Cellulitis and abscess of face,Diseases of the skin and subcutaneous...,664,75,1.62,0.0002258091,1.26,2.07
924.01 ,Contusion of hip,Injury and poisoning,809,91,1.62,0.0000439974,1.28,2.02
930.0 ,Corneal foreign body,Injury and poisoning,2756,309,1.62,0.00000000000007603682,1.44,1.83
706.2 ,Sebaceous cyst,Diseases of the skin and subcutaneous...,586,66,1.62,0.0005713809,1.23,2.09
455 ,Hemorrhoids,Diseases of the circulatory system,1451,163,1.62,0.000000063157311,1.37,1.91
464.0 ,Acute laryngitis,Diseases of the respiratory system,9362,1019,1.62,5.260008e-39,1.51,1.73
715.30 ,"Osteoarthrosis, localized, not...",Diseases of the musculoskeletal...,1006,113,1.62,0.0000060353565,1.32,1.97
478.9 ,Other and unspecified diseases...,Diseases of the respiratory system,1353,152,1.62,0.00000016933973,1.36,1.92
727.0 ,Synovitis and tenosynovitis,Diseases of the musculoskeletal...,1516,170,1.62,0.000000030649852,1.37,1.9
799.3 ,"Debility, unspecified","Comorbidities, signs, and ill-defined...",912,102,1.61,0.0000223346,1.29,1.98
881.00 ,"Open wound of forearm, without...",Injury and poisoning,1495,167,1.61,0.000000056839961,1.36,1.89
995.3 ,"Allergy, unspecified, not elsewhere...",Injury and poisoning,1716,192,1.61,0.0000000057487514,1.38,1.88
111.9 ,"Dermatomycosis, unspecified",Infectious and parasitic diseases,839,94,1.61,0.0000440289,1.28,2
715.1 ,"Osteoarthrosis, localized, primary",Diseases of the musculoskeletal...,624,70,1.61,0.0003642362,1.24,2.07
464.10 ,Acute tracheitis without mention...,Diseases of the respiratory system,10812,1165,1.61,7.699834e-43,1.51,1.72
464.20 ,Acute laryngotracheitis without...,Diseases of the respiratory system,4083,452,1.61,9.314205e-19,1.45,1.78
716.98 ,"Arthropathy, unspecified, other...",Diseases of the musculoskeletal...,804,90,1.61,0.0000725334,1.28,2.01
786.3 ,Hemoptysis,"Comorbidities, signs, and ill-defined...",1887,211,1.61,0.0000000008523933,1.39,1.87
850.9 ,"Concussion, unspecified",Injury and poisoning,1304,145,1.6,0.0000005684004,1.33,1.9
995.2 ,Unspecified adverse effect od...,Injury and poisoning,593,66,1.6,0.0006409792,1.22,2.07
250.90 ,"Diabetes with unspecified complication,...","Endocrine, nutritional and metabolic...",5131,562,1.6,4.748287e-22,1.46,1.75
719.45 ,"Pain in joint, pelvic region and...",Diseases of the musculoskeletal...,610,68,1.6,0.0005574083,1.22,2.06
274 ,Gout,"Endocrine, nutritional and metabolic...",3701,407,1.6,1.662055e-16,1.43,1.77
532 ,Duodenal ulcer,Diseases of the digestive system,1395,155,1.6,0.00000026009735,1.34,1.89
349 ,Other and unspecified disorders...,Diseases of the nervous system,602,67,1.6,0.0006805504,1.22,2.06
365.9 ,Unspecified glaucoma,Diseases of the nervous system,3294,363,1.6,0.000000000000005918583,1.42,1.78
560.39 ,Other impaction of intestine,Diseases of the digestive system,1473,164,1.6,0.00000010519277,1.35,1.89
599.6 ,"Urinary obstruction, unspecified",Diseases of the genitourinary...,551,61,1.59,0.0012892649,1.19,2.07
110.5 ,Dermatophytosis of the body,Infectious and parasitic diseases,3785,414,1.59,2.085357e-16,1.43,1.76
715.10 ,"Osteoarthrosis, localized, primary,...",Diseases of the musculoskeletal...,1083,120,1.59,0.000005768802,1.3,1.93
715.15 ,"Osteoarthrosis, localized, primary,...",Diseases of the musculoskeletal...,867,96,1.59,0.0000586734,1.27,1.97
250.50 ,"Diabetes with ophthalmic manifestations,...","Endocrine, nutritional and metabolic...",703,78,1.59,0.0002577913,1.24,2.02
250.6 ,Diabetes with neurological manifestations,"Endocrine, nutritional and metabolic...",886,98,1.59,0.0000533954,1.27,1.96
491.2 ,Obstructive chronic bronchitis,Diseases of the respiratory system,3549,390,1.59,8.132312e-16,1.43,1.77
349.89 ,Other specified disorders of nervous...,Diseases of the nervous system,1057,117,1.59,0.0000078368358,1.3,1.93
362.01 ,Background diabetic retinopathy,Diseases of the nervous system,975,108,1.59,0.0000182657,1.29,1.95
535.10 ,"Atrophic gastritis, without mention...",Diseases of the digestive system,704,78,1.59,0.0002620175,1.24,2.01
366.19 ,Other and combined forms of senile...,Diseases of the nervous system,7133,771,1.59,2.250997e-28,1.47,1.72
366.9 ,Unspecified cataract,Diseases of the nervous system,5592,608,1.59,4.393216e-23,1.45,1.73
787.7 ,Abnormal feces,"Comorbidities, signs, and ill-defined...",883,98,1.59,0.0000398654,1.28,1.97
374.00 ,"Entropion, unspecified",Diseases of the nervous system,1333,147,1.58,0.00000075757347,1.32,1.88
601.0 ,Acute prostatitis,Diseases of the genitourinary...,797,88,1.58,0.0001212594,1.25,1.98
710.2 ,Sicca syndrome,Diseases of the musculoskeletal...,653,72,1.58,0.0004966506,1.22,2.02
472.2 ,Chronic nasopharyngitis,Diseases of the respiratory system,1193,131,1.58,0.0000040591253,1.3,1.89
285.9 ,"Anemia, unspecified",Diseases of the blood and blood-forming...,9262,988,1.58,2.143067e-34,1.47,1.69
787.2 ,Dysphagia,"Comorbidities, signs, and ill-defined...",916,101,1.58,0.0000413782,1.27,1.95
370.21 ,Punctate keratitis,Diseases of the nervous system,1949,213,1.57,0.000000005934853,1.36,1.82
998.5 ,Postoperative infection,Injury and poisoning,921,101,1.57,0.0000566939,1.26,1.94
698.9 ,Unspecified pruritic disorder,Diseases of the skin and subcutaneous...,9710,1031,1.57,3.688668e-35,1.47,1.68
715 ,Osteoarthrosis and allied disorders,Diseases of the musculoskeletal...,5125,554,1.57,1.444008e-20,1.43,1.72
372.11 ,Simple chronic conjunctivitis,Diseases of the nervous system,5398,579,1.56,1.004158e-20,1.43,1.71
372.30 ,"Conjunctivitis, unspecified",Diseases of the nervous system,18622,1905,1.56,7.669025e-57,1.48,1.64
372.72 ,Conjunctival hemorrhage,Diseases of the nervous system,2741,297,1.56,0.00000000001185569,1.38,1.77
374.01 ,Senile entropion,Diseases of the nervous system,522,57,1.56,0.0023346712,1.16,2.06
916.0 ,"Abrasion or friction burn of hip,...",Injury and poisoning,2656,288,1.56,0.00000000002141582,1.38,1.77
041.9 ,"Bacterial infection, unspecified,...",Infectious and parasitic diseases,1252,136,1.56,0.0000041386249,1.29,1.86
070.51 ,Acute hepatitis C without mention...,Infectious and parasitic diseases,622,68,1.56,0.0011007207,1.2,2.02
714.9 ,Unspecified inflammatory polyarthropathy,Diseases of the musculoskeletal...,577,63,1.56,0.0016549676,1.18,2.03
721.9 ,Spondylosis of unspecified site,Diseases of the musculoskeletal...,641,70,1.56,0.0007766805,1.2,2.01
492.0 ,Emphysematous bleb,Diseases of the respiratory system,734,80,1.56,0.0003556457,1.22,1.97
493.2 ,Chronic obstructive asthma with...,Diseases of the respiratory system,1865,203,1.56,0.000000017958558,1.34,1.81
681.00 ,"Cellulitis and abscess of finger,...",Diseases of the skin and subcutaneous...,570,62,1.55,0.0020430063,1.17,2.03
930.1 ,Foreign body in conjunctival sac,Injury and poisoning,2321,250,1.55,0.0000000010227299,1.35,1.77
702.8 ,Other specified dermatoses,Diseases of the skin and subcutaneous...,904,98,1.55,0.000109418,1.24,1.92
715.98 ,"Osteoarthrosis, unspecified whether...",Diseases of the musculoskeletal...,1274,138,1.55,0.0000039119161,1.29,1.86
719.40 ,"Pain in joint, site unspecified",Diseases of the musculoskeletal...,9625,1009,1.55,2.260948e-32,1.44,1.66
727.00 ,"Synovitis and tenosynovitis, unspecified",Diseases of the musculoskeletal...,8713,921,1.55,1.188825e-30,1.45,1.67
780.3 ,Convulsions,"Comorbidities, signs, and ill-defined...",977,106,1.55,0.0000552109,1.26,1.9
463 ,Acute tonsillitis,Diseases of the respiratory system,13263,1369,1.54,2.854324e-41,1.45,1.63
491.1 ,Mucopurulent chronic bronchitis,Diseases of the respiratory system,3092,330,1.54,0.000000000005775543,1.36,1.73
386 ,Vertiginous syndromes and other...,Diseases of the nervous system,3236,343,1.53,0.000000000005038006,1.36,1.71
601.9 ,"Prostatitis, unspecified",Diseases of the genitourinary...,1469,157,1.53,0.0000019493886,1.29,1.81
680.0 ,Carbuncle and furuncle of face,Diseases of the skin and subcutaneous...,533,57,1.53,0.0043456776,1.14,2.01
924.20 ,Contusion of foot,Injury and poisoning,560,60,1.53,0.0032214251,1.15,2
706.8 ,Other specified diseases of sebaceous...,Diseases of the skin and subcutaneous...,2359,252,1.53,0.000000001790438,1.34,1.75
298.9 ,Unspecified psychosis,Mental disorders,729,78,1.53,0.000756002,1.19,1.94
786.2 ,Cough,"Comorbidities, signs, and ill-defined...",14071,1445,1.53,1.436538e-42,1.45,1.63
370.40 ,"Keratoconjunctivitis, unspecified",Diseases of the nervous system,743,79,1.52,0.0008484594,1.18,1.92
592.1 ,Calculus of ureter,Diseases of the genitourinary...,1128,120,1.52,0.0000415635,1.25,1.84
597.80 ,"Urethritis, unspecified",Diseases of the genitourinary...,2377,252,1.52,0.000000003391885,1.33,1.74
053.19 ,Herpes zoster with other nervous...,Infectious and parasitic diseases,657,70,1.52,0.0015361257,1.17,1.95
437.9 ,Unspecified cerebrovascular disease,Diseases of the circulatory system,7611,792,1.52,1.921784e-24,1.4,1.64
216.9 ,"Benign neoplasm of skin, site...",Neoplasms,2280,242,1.52,0.000000007018771,1.32,1.74
251.2 ,"Hypoglycemia, unspecified","Endocrine, nutritional and metabolic...",722,77,1.52,0.0009206191,1.18,1.93
718.40 ,"Contracture of joint, site unspecified",Diseases of the musculoskeletal...,516,55,1.52,0.0049671314,1.13,2.01
722.93 ,"Other and unspecified disc disorder,...",Diseases of the musculoskeletal...,637,68,1.52,0.0016904825,1.17,1.96
523.0 ,Acute gingivitis,Diseases of the digestive system,1017,108,1.52,0.0001017037,1.23,1.85
788.3 ,Incontinence of urine,"Comorbidities, signs, and ill-defined...",4084,427,1.51,0.0000000000000742719,1.36,1.67
372.00 ,"Acute conjunctivitis, unspecified",Diseases of the nervous system,11012,1126,1.51,5.900656e-32,1.41,1.61
599.7 ,Hematuria,Diseases of the genitourinary...,6490,674,1.51,1.320939e-20,1.39,1.64
389.9 ,Unspecified hearing loss,Diseases of the nervous system,4275,448,1.51,0.00000000000001275492,1.36,1.67
696.1 ,Other psoriasis,Diseases of the skin and subcutaneous...,1269,134,1.51,0.0000216649,1.25,1.81
053.9 ,Herpes zoster without mention...,Infectious and parasitic diseases,3532,371,1.51,0.000000000001915241,1.35,1.69
465.8 ,Acute upper respiratory infections...,Diseases of the respiratory system,10099,1038,1.51,4.047938e-30,1.41,1.62
719.47 ,"Pain in joint, ankle and foot",Diseases of the musculoskeletal...,1056,112,1.51,0.0000829833,1.23,1.85
276.5 ,Volume depletion,"Endocrine, nutritional and metabolic...",1589,168,1.51,0.0000018054839,1.28,1.78
276.9 ,Electrolyte and fluid disorders...,"Endocrine, nutritional and metabolic...",1352,143,1.51,0.0000094868513,1.26,1.8
724.5 ,"Backache, unspecified",Diseases of the musculoskeletal...,16388,1649,1.51,3.976951e-44,1.43,1.59
727 ,"Other disorders of synovium tendon,...",Diseases of the musculoskeletal...,631,67,1.51,0.0020902547,1.16,1.95
533 ,"Peptic ulcer, site unspecified",Diseases of the digestive system,5261,549,1.51,2.490815e-17,1.38,1.65
362.5 ,Degeneration of macula and posterior...,Diseases of the nervous system,1218,129,1.51,0.0000244639,1.25,1.82
850.0 ,Concussion with no loss of consciousness,Injury and poisoning,1252,132,1.5,0.0000247096,1.25,1.81
914.0 ,Abrasion or friction burn of hand(s)...,Injury and poisoning,712,75,1.5,0.0014369762,1.16,1.91
922.3 ,Contusion of back,Injury and poisoning,1678,176,1.5,0.0000016792483,1.27,1.76
698.4 ,Dermatitis factitia [artefacta],Diseases of the skin and subcutaneous...,978,103,1.5,0.0002033161,1.21,1.85
294.9 ,Unspecified persistent mental...,Mental disorders,844,89,1.5,0.0005312202,1.19,1.88
780.7 ,Malaise and fatigue,"Comorbidities, signs, and ill-defined...",11804,1200,1.5,3.838601e-33,1.41,1.6
535 ,Gastritis and duodenitis,Diseases of the digestive system,4118,430,1.5,0.00000000000007388642,1.36,1.67
362.9 ,Unspecified retinal disorder,Diseases of the nervous system,549,58,1.5,0.0049888622,1.12,1.98
783.2 ,Abnormal loss of weight,"Comorbidities, signs, and ill-defined...",1420,149,1.5,0.0000096214611,1.25,1.78
365.11 ,Primary open angle glaucoma,Diseases of the nervous system,835,88,1.5,0.0006291921,1.19,1.88
558 ,Other and unspecified noninfectious...,Diseases of the digestive system,1190,125,1.5,0.0000519325,1.23,1.81
560.1 ,Paralytic ileus,Diseases of the digestive system,1660,174,1.5,0.0000018895089,1.27,1.76
564 ,"Functional digestive disorders,...",Diseases of the digestive system,7971,821,1.5,4.677506e-24,1.39,1.62
370.20 ,"Superficial keratitis, unspecified",Diseases of the nervous system,768,81,1.5,0.0010209832,1.18,1.9
374.0 ,Entropion and trichiasis of eyelid,Diseases of the nervous system,1318,138,1.49,0.0000243912,1.24,1.79
933.0 ,Foreign body in pharynx,Injury and poisoning,524,55,1.49,0.0068848756,1.11,1.98
691.8 ,Other atopic dermatitis and related...,Diseases of the skin and subcutaneous...,4982,516,1.49,0.000000000000001028776,1.36,1.64
110 ,Dermatophytosis,Infectious and parasitic diseases,602,63,1.49,0.0045092278,1.13,1.94
707.9 ,Chronic ulcer of unspecified site,Diseases of the skin and subcutaneous...,957,100,1.49,0.0003578665,1.2,1.83
721 ,Spondylosis and allied disorders,Diseases of the musculoskeletal...,1921,200,1.49,0.00000054190502,1.28,1.73
532.00 ,"Acute duodenal ulcer with hemorrhage,...",Diseases of the digestive system,745,78,1.49,0.0014276583,1.16,1.89
560.9 ,Unspecified intestinal obstruction,Diseases of the digestive system,2591,270,1.49,0.0000000047429265,1.31,1.7
593.9 ,Unspecified disorder of kidney...,Diseases of the genitourinary...,980,102,1.48,0.0003354368,1.19,1.82
009.0 ,"Infectious colitis, enteritis,...",Infectious and parasitic diseases,3799,391,1.48,0.000000000008684099,1.32,1.64
011.40 ,"Tuberculous fibrosis of lung,...",Infectious and parasitic diseases,664,69,1.48,0.003404932,1.13,1.9
700 ,Corns and callosities,Diseases of the skin and subcutaneous...,1412,147,1.48,0.0000182449,1.24,1.76
137 ,Late effects of TB,Infectious and parasitic diseases,1389,144,1.48,0.0000251751,1.23,1.76
185 ,Malignant neoplasm of prostate,Neoplasms,3698,381,1.48,0.00000000001418558,1.32,1.65
461 ,Acute sinusitis,Diseases of the respiratory system,597,62,1.48,0.0055803797,1.12,1.92
531.40 ,Chronic or unspecified gastric...,Diseases of the digestive system,653,68,1.48,0.0031928859,1.13,1.91
682.6 ,"Cellulitis and abscess of leg,...",Diseases of the skin and subcutaneous...,2268,234,1.47,0.00000011013513,1.28,1.69
692.3 ,Contact dermatitis and other eczema...,Diseases of the skin and subcutaneous...,1178,122,1.47,0.0001227111,1.21,1.78
307.4 ,Specific disorders of sleep of...,Mental disorders,930,96,1.47,0.0007618567,1.17,1.82
729.5 ,Pain in limb,Diseases of the musculoskeletal...,2083,215,1.47,0.00000039746108,1.27,1.7
891.1 ,"Open wound of knee, leg [except...",Injury and poisoning,1109,114,1.46,0.0002491491,1.19,1.78
434.0 ,Cerebral thrombosis,Diseases of the circulatory system,4835,491,1.46,0.0000000000001341541,1.32,1.61
437.1 ,Other generalized ischemic cerebrovascular...,Diseases of the circulatory system,575,59,1.46,0.0098126018,1.09,1.91
153.9 ,"Malignant neoplasm of colon, unspecified...",Neoplasms,2205,226,1.46,0.000000348393,1.27,1.68
250.9 ,Diabetes with unspecified complication,"Endocrine, nutritional and metabolic...",1357,139,1.46,0.0000635537,1.21,1.74
477 ,Allergic rhinitis,Diseases of the respiratory system,2359,242,1.46,0.00000012256931,1.27,1.68
377.10 ,"Optic atrophy, unspecified",Diseases of the nervous system,883,90,1.45,0.00143067,1.15,1.8
599.0 ,"Urinary tract infection, site...",Diseases of the genitourinary...,20951,2024,1.45,1.470981e-43,1.38,1.53
599.9 ,Unspecified disorder of urethra...,Diseases of the genitourinary...,1689,172,1.45,0.0000113785,1.23,1.7
250.0 ,Diabetes Mellitus w/m of complication,"Endocrine, nutritional and metabolic...",5359,541,1.45,0.00000000000001822614,1.32,1.59
805.4 ,Closed fracture of lumbar vertebra...,Injury and poisoning,2459,249,1.44,0.00000022021068,1.26,1.65
716.9 ,"Arthropathy, unspecified",Diseases of the musculoskeletal...,4753,476,1.44,0.0000000000024722,1.3,1.58
719.48 ,"Pain in joint, other specified...",Diseases of the musculoskeletal...,737,75,1.44,0.0043486075,1.12,1.84
280.9 ,"Iron deficiency anemia, unspecified",Diseases of the blood and blood-forming...,2528,255,1.44,0.00000021204503,1.26,1.64
492 ,Emphysema,Diseases of the respiratory system,2305,233,1.44,0.00000062348426,1.25,1.65
733.0 ,Osteoporosis,Diseases of the musculoskeletal...,3198,323,1.44,0.0000000044182861,1.28,1.62
780.9 ,Other general symptoms,"Comorbidities, signs, and ill-defined...",2390,241,1.44,0.00000043612518,1.25,1.64
918.1 ,Superficial injury of cornea,Injury and poisoning,1439,145,1.43,0.0001023823,1.2,1.7
009.2 ,Infectious diarrhea,Infectious and parasitic diseases,1934,195,1.43,0.0000066147937,1.23,1.67
430 ,Subarachnoid hemorrhage,Diseases of the circulatory system,733,74,1.43,0.0053171321,1.11,1.82
331.9 ,"Cerebral degeneration, unspecified",Diseases of the nervous system,613,62,1.43,0.0099566196,1.08,1.87
571.4 ,Chronic hepatitis,Diseases of the digestive system,3723,371,1.42,0.0000000013891284,1.27,1.59
581.9 ,Nephrotic syndrome with unspecified...,Diseases of the genitourinary...,1057,106,1.42,0.0010543486,1.15,1.74
373.11 ,Hordeolum externum,Diseases of the nervous system,876,88,1.42,0.0026378958,1.13,1.78
848.9 ,Unspecified site of sprain and...,Injury and poisoning,8423,825,1.42,2.285814e-18,1.31,1.53
592 ,Calculus of kidney and ureter,Diseases of the genitourinary...,649,65,1.42,0.0099252926,1.08,1.84
919.0 ,"Abrasion or friction burn of other,...",Injury and poisoning,2916,291,1.42,0.000000075176904,1.25,1.61
009.1 ,"Colitis, enteritis, and gastroenteritis...",Infectious and parasitic diseases,1299,130,1.42,0.0003151611,1.17,1.7
698.3 ,Lichenification and lichen simplex...,Diseases of the skin and subcutaneous...,4245,422,1.42,0.0000000001238683,1.28,1.58
434.9 ,"Cerebral artery occlusion, unspecified",Diseases of the circulatory system,11955,1162,1.42,9.545236e-25,1.33,1.51
704.8 ,Other specified diseases of hair...,Diseases of the skin and subcutaneous...,1292,129,1.42,0.0003732004,1.17,1.7
708.0 ,Allergic urticaria,Diseases of the skin and subcutaneous...,3724,371,1.42,0.0000000013977205,1.27,1.59
708.8 ,Other specified urticaria,Diseases of the skin and subcutaneous...,1005,101,1.42,0.0012182125,1.15,1.75
464 ,Acute laryngitis and tracheitis,Diseases of the respiratory system,3396,339,1.42,0.0000000055617969,1.27,1.6
281.9 ,Unspecified deficiency anemia,Diseases of the blood and blood-forming...,1056,106,1.42,0.0010467872,1.15,1.74
576.1 ,Cholangitis,Diseases of the digestive system,753,75,1.41,0.0073773993,1.09,1.79
591 ,Hydronephrosis,Diseases of the genitourinary...,944,94,1.41,0.0025012059,1.13,1.75
879.8 ,Open wound(s) (multiple) of unspecified...,Injury and poisoning,2515,249,1.41,0.0000012334709,1.23,1.61
596.5 ,Other functional disorders of...,Diseases of the genitourinary...,2611,259,1.41,0.0000006073747,1.23,1.61
891.0 ,"Open wound of knee, leg [except...",Injury and poisoning,4880,482,1.41,0.00000000001510424,1.28,1.56
604.90 ,"Orchitis and epididymitis, unspecified",Diseases of the genitourinary...,600,60,1.41,0.0143992897,1.06,1.85
681.9 ,Cellulitis and abscess of unspecified...,Diseases of the skin and subcutaneous...,783,78,1.41,0.0057047496,1.1,1.78
698.2 ,Prurigo,Diseases of the skin and subcutaneous...,8363,819,1.41,3.750661e-18,1.31,1.53
707.1 ,"Ulcer of lower limbs, except decubitus",Diseases of the skin and subcutaneous...,1432,142,1.41,0.0002283945,1.17,1.67
708.9 ,"Urticaria, unspecified",Diseases of the skin and subcutaneous...,9400,913,1.41,3.007446e-19,1.31,1.51
466 ,Acute bvronchitis and bronchiolitis,Diseases of the respiratory system,5325,525,1.41,0.000000000002010601,1.29,1.55
720.0 ,Ankylosing spondylitis,Diseases of the musculoskeletal...,633,63,1.41,0.0138942025,1.07,1.83
306.8 ,Other specified psychophysiological...,Mental disorders,601,60,1.41,0.0145200281,1.06,1.85
362.51 ,Nonexudative senile macular degeneration,Diseases of the nervous system,1037,103,1.41,0.0017692306,1.13,1.73
788.2 ,Retention of urine,"Comorbidities, signs, and ill-defined...",6763,659,1.4,0.00000000000002466609,1.29,1.52
372.3 ,Other and unspecified conjunctivitis,Diseases of the nervous system,1706,169,1.4,0.0000653608,1.19,1.65
723.0 ,Spinal stenosis in cervical region,Diseases of the musculoskeletal...,534,53,1.4,0.023951418,1.03,1.87
782.4 ,"Jaundice, unspecified, not of...","Comorbidities, signs, and ill-defined...",574,57,1.4,0.0192951139,1.05,1.85
569.9 ,Unspecified disorder of intestine,Diseases of the digestive system,956,94,1.39,0.0039841975,1.11,1.72
850 ,Concussion,Injury and poisoning,782,77,1.39,0.0085708075,1.08,1.76
595.0 ,Acute cystitis,Diseases of the genitourinary...,6178,598,1.39,0.000000000001451156,1.27,1.51
890.0 ,"Open wound of hip and thigh, without...",Injury and poisoning,558,55,1.39,0.027087995,1.03,1.84
401 ,Essential hypertension,Diseases of the circulatory system,10136,976,1.39,1.578609e-19,1.3,1.49
922.9 ,Contusion of unspecified part...,Injury and poisoning,813,80,1.39,0.0067257376,1.09,1.76
011.90 ,"Pulmonary tuberculosis, unspecified,...",Infectious and parasitic diseases,4169,406,1.39,0.0000000033782635,1.25,1.54
459.9 ,Unspecified circulatory system...,Diseases of the circulatory system,954,94,1.39,0.003259942,1.11,1.73
487.1 ,Influenza with other respiratory...,Diseases of the respiratory system,15728,1489,1.39,4.337543e-27,1.31,1.47
491 ,Chronic bronchitis,Diseases of the respiratory system,7946,767,1.39,0.000000000000001222926,1.28,1.5
709.9 ,Unspecified disorder of skin and...,Diseases of the skin and subcutaneous...,4467,433,1.38,0.0000000018367985,1.25,1.53
216 ,Benign neoplasm of skin,Neoplasms,707,69,1.38,0.0163878355,1.06,1.77
272.9 ,Unspecified disorder of lipoid...,"Endocrine, nutritional and metabolic...",572,56,1.38,0.0290467982,1.03,1.82
493 ,Asthma,Diseases of the respiratory system,4574,444,1.38,0.0000000009501471,1.25,1.53
511.9 ,Unspecified pleural effusion,Diseases of the respiratory system,1720,168,1.38,0.0001510828,1.17,1.62
728 ,"Disorders of muscle, ligament,...",Diseases of the musculoskeletal...,1793,175,1.38,0.000099308,1.17,1.62
785.50 ,"Shock, unspecified","Comorbidities, signs, and ill-defined...",605,59,1.38,0.0229267632,1.03,1.8
372 ,Disorders of conjunctiva,Diseases of the nervous system,1804,175,1.37,0.0001495619,1.17,1.61
799.4 ,Cachexia,"Comorbidities, signs, and ill-defined...",878,85,1.37,0.0090159727,1.08,1.71
584.9 ,"Acute kidney failure, unspecified",Diseases of the genitourinary...,606,59,1.37,0.0278655574,1.03,1.8
682.8 ,Cellulitis and abscess of other...,Diseases of the skin and subcutaneous...,1040,101,1.37,0.0039669696,1.1,1.69
137.1 ,Late effects of central nervous...,Infectious and parasitic diseases,554,54,1.37,0.0327312525,1.02,1.82
464.1 ,Acute tracheitis,Diseases of the respiratory system,1682,163,1.37,0.0002709845,1.16,1.61
276.1 ,Hyposmolality and/or hyponatremia,"Endocrine, nutritional and metabolic...",1122,109,1.37,0.002655758,1.11,1.67
332.1 ,Secondary parkinsonism,Diseases of the nervous system,3170,307,1.37,0.00000051058558,1.22,1.55
595 ,Cystitis,Diseases of the genitourinary...,1915,184,1.36,0.0001635274,1.16,1.58
682.7 ,"Cellulitis and abscess of foot,...",Diseases of the skin and subcutaneous...,1214,117,1.36,0.0022629415,1.11,1.65
077.1 ,Epidemic keratoconjunctivitis,Infectious and parasitic diseases,724,70,1.36,0.017740031,1.05,1.75
250 ,Diabetes mellitus,"Endocrine, nutritional and metabolic...",6428,613,1.36,0.000000000009042207,1.25,1.49
366 ,Cataract,Diseases of the nervous system,4976,474,1.36,0.000000003057661,1.23,1.49
550.9 ,"Inguinal hernia, without mention...",Diseases of the digestive system,800,77,1.36,0.0138963014,1.06,1.72
805.8 ,Closed fracture of unspecified...,Injury and poisoning,680,65,1.35,0.0263518543,1.02,1.74
578.9 ,Hemorrhage of gastrointestinal...,Diseases of the digestive system,6518,618,1.35,0.00000000002041471,1.24,1.48
595.9 ,"Cystitis, unspecified",Diseases of the genitourinary...,4874,464,1.35,0.0000000049953461,1.23,1.49
883.0 ,"Open wound of finger(s), without...",Injury and poisoning,1909,183,1.35,0.0001909311,1.15,1.58
686.0 ,Pyoderma,Diseases of the skin and subcutaneous...,1694,162,1.35,0.0004914616,1.14,1.59
263.9 ,Unspecified protein-calorie malnutrition,"Endocrine, nutritional and metabolic...",1317,126,1.35,0.0019898558,1.11,1.62
285 ,Other and unspecified anemias,Diseases of the blood and blood-forming...,606,58,1.35,0.0343421371,1.01,1.77
728.2 ,"Muscular wasting and disuse atrophy,...",Diseases of the musculoskeletal...,553,53,1.35,0.0485320621,1,1.79
344.61 ,Cauda equina syndrome with neurogenic...,Diseases of the nervous system,771,74,1.35,0.0178986568,1.05,1.72
550.90 ,"Inguinal hernia, without mention...",Diseases of the digestive system,2632,251,1.35,0.0000181816,1.18,1.54
372.0 ,Acute conjunctivitis,Diseases of the nervous system,1905,181,1.34,0.0003180058,1.14,1.57
571.9 ,Unspecified chronic liver disease...,Diseases of the digestive system,1538,146,1.34,0.0013191337,1.12,1.59
843.9 ,Sprains and strains of unspecified...,Injury and poisoning,822,78,1.34,0.0183413799,1.04,1.69
686.9 ,Unspecified local infection of...,Diseases of the skin and subcutaneous...,10916,1019,1.34,1.322809e-16,1.26,1.44
250.70 ,Diabetes with peripheral circulatory...,"Endocrine, nutritional and metabolic...",1228,117,1.34,0.003429377,1.1,1.63
892.0 ,Open wound of foot except toe(s)...,Injury and poisoning,2661,250,1.33,0.0000466834,1.16,1.51
693.0 ,Dermatitis due to drugs and medicines...,Diseases of the skin and subcutaneous...,1165,110,1.33,0.0064910325,1.08,1.62
434.1 ,Cerebral embolism,Diseases of the circulatory system,2573,242,1.33,0.0000572188,1.16,1.52
436 ,"Acute, but ill-defined, cerebrovascular...",Diseases of the circulatory system,8560,797,1.33,0.00000000000077876,1.23,1.44
706.1 ,Other acne,Diseases of the skin and subcutaneous...,580,55,1.33,0.0453474382,0.99,1.76
137.0 ,Late effects of respiratory or...,Infectious and parasitic diseases,2895,272,1.33,0.000022905,1.17,1.51
266.9 ,Unspecified vitamin B deficiency,"Endocrine, nutritional and metabolic...",559,53,1.33,0.0502198946,0.98,1.77
331.3 ,Communicating hydrocephalus,Diseases of the nervous system,710,67,1.33,0.0353910992,1.01,1.71
780.6 ,Fever,"Comorbidities, signs, and ill-defined...",14244,1312,1.33,1.974397e-19,1.25,1.42
550 ,Inguinsl hernia,Diseases of the digestive system,728,69,1.33,0.026536458,1.02,1.71
882.0 ,Open wound of hand except finger(s)...,Injury and poisoning,2921,274,1.32,0.0000248405,1.16,1.5
009.3 ,Diarrhea of presumed infectious...,Infectious and parasitic diseases,939,88,1.32,0.0165807636,1.04,1.64
781.9 ,Other symptoms involving nervous...,"Comorbidities, signs, and ill-defined...",1394,131,1.32,0.0031406577,1.1,1.59
782.1 ,Rash and other nonspecific skin...,"Comorbidities, signs, and ill-defined...",1299,122,1.32,0.0044539099,1.09,1.6
783.0 ,Anorexia,"Comorbidities, signs, and ill-defined...",1546,145,1.32,0.0022470948,1.1,1.57
575.1 ,Other cholecystitis,Diseases of the digestive system,525,49,1.31,0.0769479935,0.95,1.76
373.0 ,Blepharitis,Diseases of the nervous system,924,86,1.31,0.0220498314,1.03,1.64
924.9 ,Contusion of unspecified site,Injury and poisoning,1935,180,1.31,0.0009407648,1.12,1.53
280 ,Iron deficiency anemias,Diseases of the blood and blood-forming...,805,75,1.31,0.0295333944,1.02,1.66
884.0 ,Multiple and unspecified open...,Injury and poisoning,4270,393,1.3,0.0000025709967,1.17,1.45
923.9 ,Contusion of unspecified part...,Injury and poisoning,711,66,1.3,0.0503501886,0.99,1.68
682.9 ,Cellulitis and abscess of unspecified...,Diseases of the skin and subcutaneous...,9782,893,1.3,0.000000000002258671,1.21,1.4
958.3 ,Posttraumatic wound infection...,Injury and poisoning,2464,227,1.3,0.0003657788,1.12,1.49
692.0 ,Contact dermatitis and other eczema...,Diseases of the skin and subcutaneous...,3237,298,1.3,0.0000396044,1.15,1.47
698 ,Pruritus and related conditions,Diseases of the skin and subcutaneous...,1678,155,1.3,0.002875828,1.09,1.53
486 ,"Pneumonia, organism unspecified",Diseases of the respiratory system,17264,1545,1.3,2.532366e-18,1.22,1.37
487 ,Influenza,Diseases of the respiratory system,3773,347,1.3,0.0000099076205,1.16,1.45
332.0 ,Paralysis agitans,Diseases of the nervous system,5471,502,1.3,0.00000012265244,1.18,1.43
537.9 ,Unspecified disorder of stomach...,Diseases of the digestive system,594,55,1.3,0.0686848946,0.96,1.72
464.4 ,Croup,Diseases of the respiratory system,596,55,1.29,0.0816596266,0.96,1.71
465 ,Acute upper respiratory infections...,Diseases of the respiratory system,9698,875,1.29,0.00000000004180672,1.19,1.38
840.9 ,Sprains and strains of unspecified...,Injury and poisoning,954,87,1.28,0.0334159683,1.01,1.6
382.3 ,Unspecified chronic suppurative...,Diseases of the nervous system,731,67,1.28,0.0540315374,0.98,1.65
920 ,"Contusion of face, scalp, and...",Injury and poisoning,2540,232,1.28,0.0005166453,1.12,1.47
133.0 ,Scabies,Infectious and parasitic diseases,3554,323,1.28,0.0000566077,1.14,1.44
719.4 ,Pain in joint,Diseases of the musculoskeletal...,2906,265,1.28,0.0002006396,1.12,1.46
680.9 ,Carbuncle and furuncle of unspecified...,Diseases of the skin and subcutaneous...,2741,248,1.27,0.0005487661,1.11,1.45
372.40 ,"Pterygium, unspecified",Diseases of the nervous system,1789,161,1.26,0.0068476572,1.06,1.49
373.12 ,Hordeolum internum,Diseases of the nervous system,757,68,1.26,0.0792773598,0.96,1.61
910.0 ,"Abrasion or friction burn of face,...",Injury and poisoning,1120,101,1.26,0.028267347,1.02,1.55
924.10 ,Contusion of lower leg,Injury and poisoning,531,48,1.26,0.1314194241,0.92,1.7
692.4 ,Contact dermatitis and other eczema...,Diseases of the skin and subcutaneous...,1245,112,1.26,0.0245543777,1.03,1.53
692.79 ,Other dermatitis due to solar...,Diseases of the skin and subcutaneous...,655,59,1.26,0.0969856485,0.95,1.65
461.8 ,Other acute sinusitis,Diseases of the respiratory system,588,53,1.26,0.1115559075,0.93,1.68
482.9 ,"Bacterial pneumonia, unspecified",Diseases of the respiratory system,1735,156,1.26,0.0079953887,1.06,1.49
686.8 ,Other specified local infections...,Diseases of the skin and subcutaneous...,4971,441,1.25,0.0000234494,1.13,1.38
719.90 ,"Unspecified disorder of joint,...",Diseases of the musculoskeletal...,613,55,1.25,0.1187404434,0.93,1.66
733.1 ,Pathological fracture,Diseases of the musculoskeletal...,983,88,1.25,0.048634847,0.99,1.56
854.01 ,Intracranial injury of other and...,Injury and poisoning,926,82,1.24,0.07533654,0.97,1.55
949.0 ,"Burn of unspecified site, unspecified...",Injury and poisoning,563,50,1.24,0.1438835151,0.91,1.66
437.8 ,Other ill-defined cerebrovascular...,Diseases of the circulatory system,1017,90,1.24,0.060308291,0.98,1.54
464.11 ,Acute tracheitis with obstruction,Diseases of the respiratory system,901,80,1.24,0.0715442297,0.97,1.56
362.60 ,"Peripheral retinal degeneration,...",Diseases of the nervous system,711,63,1.24,0.1112743622,0.94,1.61
571.5 ,Cirrhosis of liver without mention...,Diseases of the digestive system,2507,221,1.23,0.0040779403,1.07,1.42
582 ,Chronic glomerulonephritis,Diseases of the genitourinary...,773,68,1.23,0.1103264009,0.94,1.58
873.0 ,"Open wound of scalp, without mention...",Injury and poisoning,3667,322,1.23,0.0006346443,1.09,1.38
873.42 ,"Open wound of forehead, without...",Injury and poisoning,864,76,1.23,0.1002818841,0.96,1.56
692 ,Contact dermatitis and other eczema,Diseases of the skin and subcutaneous...,5021,439,1.23,0.0000846468,1.11,1.36
215.9 ,Other benign neoplasm of connective...,Neoplasms,569,50,1.23,0.169361592,0.9,1.64
571.8 ,Other chronic nonalcoholic liver...,Diseases of the digestive system,537,47,1.22,0.1838712457,0.88,1.65
596.4 ,Atony of bladder,Diseases of the genitourinary...,982,86,1.22,0.0841772126,0.97,1.53
894.0 ,Multiple and unspecified open...,Injury and poisoning,6362,553,1.22,0.0000170254,1.12,1.34
331.4 ,Obstructive hydrocephalus,Diseases of the nervous system,524,46,1.22,0.2057423714,0.88,1.66
844.9 ,Sprains and strains of unspecified...,Injury and poisoning,1304,113,1.21,0.0608064969,0.99,1.47
250.80 ,Diabetes with other specified...,"Endocrine, nutritional and metabolic...",635,55,1.21,0.1927298898,0.9,1.59
290.2 ,Senile dementia with delusional...,Mental disorders,597,52,1.21,0.1798104286,0.89,1.62
290.21 ,Senile dementia with depressive...,Mental disorders,863,75,1.21,0.1148587416,0.94,1.54
724 ,Other and unspecified disorders...,Diseases of the musculoskeletal...,1241,108,1.21,0.0619129732,0.99,1.48
820.8 ,Closed fracture of unspecified...,Injury and poisoning,1684,145,1.2,0.0380063767,1,1.43
854.00 ,Intracranial injury of other and...,Injury and poisoning,1946,168,1.2,0.025003371,1.02,1.41
011.00 ,"Tuberculosis of lung, infiltrative,...",Infectious and parasitic diseases,908,78,1.2,0.1402892596,0.94,1.51
434 ,Occlusion of cerebral arteries,Diseases of the circulatory system,3605,310,1.2,0.0027981615,1.06,1.35
780.0 ,Alteration of consciousness,"Comorbidities, signs, and ill-defined...",1900,163,1.2,0.0328345859,1.01,1.41
805.2 ,Closed fracture of dorsal [thoracic]...,Injury and poisoning,516,44,1.19,0.2701904257,0.85,1.62
821.00 ,Closed fracture of unspecified...,Injury and poisoning,1181,101,1.19,0.1027278039,0.96,1.46
188.9 ,"Malignant neoplasm of bladder,...",Neoplasms,1217,104,1.19,0.0963844031,0.96,1.46
891 ,"Open wound of knee, leg (except...",Injury and poisoning,922,78,1.18,0.1814872854,0.92,1.49
682 ,Other cellulitis and abscess,Diseases of the skin and subcutaneous...,1599,136,1.18,0.0657792991,0.98,1.41
686 ,Other local infections of skin...,Diseases of the skin and subcutaneous...,1618,137,1.18,0.0748719222,0.98,1.41
009 ,Ill-defined intestinal infections,Infectious and parasitic diseases,650,55,1.18,0.2560920082,0.87,1.55
438 ,Late effects of cerebrovascular...,Diseases of the circulatory system,13741,1147,1.18,0.00000086014695,1.1,1.26
724.9 ,Other unspecified back disorders,Diseases of the musculoskeletal...,1664,141,1.18,0.0642727292,0.98,1.4
799.8 ,Other ill-defined conditions,"Comorbidities, signs, and ill-defined...",916,77,1.17,0.2017523665,0.91,1.48
892.1 ,Open wound of foot except toe(s)...,Injury and poisoning,616,52,1.17,0.2762849443,0.86,1.56
680 ,Carbuncle and furuncle,Diseases of the skin and subcutaneous...,568,48,1.17,0.2924575269,0.85,1.58
151.9 ,"Malignant neoplasm of stomach,...",Neoplasms,1541,130,1.17,0.0845573161,0.97,1.41
290.40 ,"Vascular dementia, uncomplicated",Mental disorders,1012,85,1.17,0.1814543865,0.92,1.46
594.1 ,Other calculus in bladder,Diseases of the genitourinary...,598,50,1.16,0.3054242703,0.85,1.55
599 ,Other disorders of urethra and...,Diseases of the genitourinary...,1509,126,1.16,0.1112496392,0.96,1.39
893.0 ,"Open wound of toe(s), without...",Injury and poisoning,980,82,1.16,0.1951718222,0.91,1.46
011.9 ,"Pulmonary TB, unspecified",Infectious and parasitic diseases,1255,105,1.16,0.1408871499,0.94,1.42
331.0 ,Alzheimer's disease,Diseases of the nervous system,1193,100,1.16,0.145891131,0.94,1.43
332 ,Parkinson's disease,Diseases of the nervous system,1912,159,1.16,0.0840860553,0.97,1.36
873.40 ,"Open wound of face, unspecified...",Injury and poisoning,3313,274,1.15,0.0303330784,1.01,1.3
684 ,Impetigo,Diseases of the skin and subcutaneous...,639,53,1.15,0.3213460807,0.85,1.53
366.17 ,Total or mature cataract,Diseases of the nervous system,1054,87,1.14,0.2339011934,0.91,1.43
574 ,Cholelithiasis,Diseases of the digestive system,808,66,1.13,0.3416198998,0.87,1.46
590.9 ,"Infection of kidney, unspecified",Diseases of the genitourinary...,625,51,1.13,0.3960513934,0.83,1.51
389 ,Hearing loss,Diseases of the nervous system,673,55,1.13,0.3722351622,0.84,1.49
716 ,Other and unspecified arthropathies,Diseases of the musculoskeletal...,1287,105,1.13,0.2356935323,0.92,1.38
820.21 ,Closed fracture of intertrochanteric...,Injury and poisoning,1365,110,1.12,0.2718076722,0.91,1.36
709.8 ,Other specified disorders of skin,Diseases of the skin and subcutaneous...,1426,115,1.12,0.2598510881,0.91,1.35
038 ,Septicemia,Infectious and parasitic diseases,1536,123,1.11,0.2774690263,0.91,1.33
290.10 ,"Presenile dementia, uncomplicated",Mental disorders,598,48,1.11,0.4778400966,0.81,1.49
345.90 ,"Epilepsy, unspecified, without...",Diseases of the nervous system,1023,82,1.11,0.365182788,0.87,1.39
873.8 ,Other and unspecified open wound...,Injury and poisoning,1147,91,1.1,0.3923142994,0.87,1.36
780 ,General symptoms,"Comorbidities, signs, and ill-defined...",907,72,1.1,0.4419052924,0.85,1.4
692.5 ,Contact dermatitis and other eczema...,Diseases of the skin and subcutaneous...,699,55,1.09,0.5591940131,0.81,1.43
294.1 ,Dementia in conditions classified...,Mental disorders,823,65,1.09,0.5009940409,0.83,1.41
162.9 ,Malignant neoplasm of bronchus...,Neoplasms,2906,227,1.08,0.2791511867,0.94,1.24
487.0 ,Influenza with pneumonia,Diseases of the respiratory system,662,52,1.08,0.5491402222,0.8,1.44
331.2 ,Senile degeneration of brain,Diseases of the nervous system,767,60,1.08,0.5770713092,0.81,1.41
342.9 ,"Hemiplegia, unspecified",Diseases of the nervous system,961,75,1.08,0.5333704405,0.84,1.37
154.1 ,Malignant neoplasm of rectum,Neoplasms,1258,98,1.07,0.4789647976,0.86,1.32
155.2 ,"Malignant neoplasm of liver, not...",Neoplasms,567,44,1.07,0.6277232635,0.77,1.46
708 ,Urticaria,Diseases of the skin and subcutaneous...,1052,81,1.06,0.5921871966,0.83,1.33
290.9 ,Unspecified senile psychotic condition,Mental disorders,1426,110,1.06,0.5387829808,0.87,1.29
799.9 ,Other unknown and unspecified...,"Comorbidities, signs, and ill-defined...",1154,88,1.05,0.6491684318,0.83,1.31
578 ,Gastrointestinal hemorrhage,Diseases of the digestive system,621,47,1.04,0.7571341214,0.76,1.4
153 ,Malignant colon neoplasm,Neoplasms,608,46,1.04,0.7547704216,0.75,1.41
536 ,Disorders of function of stomach,Diseases of the digestive system,4057,306,1.04,0.5396814659,0.92,1.17
560 ,Intestinal obstruction without...,Diseases of the digestive system,766,58,1.04,0.727807583,0.78,1.36
571 ,Chronic liver disease and cirrhosis,Diseases of the digestive system,970,73,1.03,0.7566978003,0.8,1.32
379.8 ,Other specified disorders of eye...,Diseases of the nervous system,548,41,1.03,0.8690542196,0.73,1.42
873.4 ,"Facial laceration, without mention...",Injury and poisoning,1290,97,1.03,0.7467462443,0.83,1.27
854.0 ,Intracranial injury of other and...,Injury and poisoning,613,45,1.01,0.9379319166,0.73,1.37
505 ,"Pneumoconiosis, unspecified",Diseases of the respiratory system,840,62,1.01,0.8941149351,0.77,1.31
370.00 ,"Corneal ulcer, unspecified",Diseases of the nervous system,519,38,1,0.9326752149,0.7,1.4
820.00 ,Closed fracture of intracapsular...,Injury and poisoning,708,51,0.99,1,0.73,1.31
820 ,Fracture of neck of femur,Injury and poisoning,784,56,0.98,0.9450625664,0.73,1.29
155.0 ,"Malignant neoplasm of liver, primary",Neoplasms,1492,107,0.98,0.9202079858,0.8,1.2
873 ,Other open wound of head,Injury and poisoning,930,66,0.97,0.8992180573,0.74,1.25
597 ,"Urethritis, not sexually transmitted,...",Diseases of the genitourinary...,562,40,0.97,0.9352864433,0.69,1.35
290.0 ,"Senile dementia, uncomplicated",Mental disorders,7256,500,0.94,0.1782084092,0.85,1.03
290.20 ,Senile dementia with delusional...,Mental disorders,1426,96,0.92,0.4425067303,0.74,1.13
578.0 ,Hematemesis,Diseases of the digestive system,629,42,0.91,0.6442731181,0.65,1.25
038.9 ,Unspecified septicemia,Infectious and parasitic diseases,4258,282,0.9,0.0878162569,0.79,1.02
482 ,Other bacterial pneumonia,Diseases of the respiratory system,593,39,0.89,0.5791198316,0.63,1.24
290 ,Senile and presenile organic psychotic...,Mental disorders,2342,152,0.88,0.1379155457,0.74,1.04
431 ,Intracerebral hemorrhage,Diseases of the circulatory system,2515,161,0.87,0.0883527582,0.73,1.02
464.2 ,Acute larygotracheitis,Diseases of the respiratory system,528,34,0.87,0.5023689956,0.6,1.24
437 ,Other and ill-defined cerebrovascular...,Diseases of the circulatory system,2000,127,0.86,0.1087528397,0.71,1.03
894 ,Multiple and unspecified open...,Injury and poisoning,603,37,0.83,0.3072874038,0.58,1.16
011 ,Pulmoary tuberculosis,Infectious and parasitic diseases,1444,89,0.83,0.1032637736,0.66,1.03
798.9 ,Unattended death,"Comorbidities, signs, and ill-defined...",647,39,0.81,0.2548634979,0.57,1.13
518.81 ,Acute respiratory failure,Diseases of the respiratory system,2703,160,0.8,0.0050338579,0.67,0.94
707.0 ,Decubitus ulcer,Diseases of the skin and subcutaneous...,2839,167,0.79,0.0031010247,0.67,0.93
290.3 ,Senile dementia with delirium,Mental disorders,691,39,0.76,0.1060159804,0.53,1.05
799.1 ,Respiratory arrest,"Comorbidities, signs, and ill-defined...",734,40,0.73,0.0544367943,0.52,1.01
507.0 ,Pneumonitis due to inhalation...,Diseases of the respiratory system,522,27,0.69,0.063249835,0.45,1.02
162 ,"Malignant neoplasm, trachea, bronchus,...",Neoplasms,744,38,0.68,0.01949731,0.48,0.95
798.2 ,Death occurring in less than 24...,"Comorbidities, signs, and ill-defined...",864,38,0.58,0.0006143039,0.41,0.81
