disease_2,disease_name,category,count,co_occurrence,odds_ratio,p_value,95_ci_lower,95_ci_upper
726.9 ,Unspecified enthesopathy,Diseases of the musculoskeletal...,727,145,7.15,8.30919e-66,5.9,8.61
799.4 ,Cachexia,"Comorbidities, signs, and ill-defined...",878,145,5.67,6.276767e-55,4.7,6.8
715.3 ,"Osteoarthrosis, localized, not...",Diseases of the musculoskeletal...,1131,183,5.57,1.308473e-67,4.72,6.55
715.98 ,"Osteoarthrosis, unspecified whether...",Diseases of the musculoskeletal...,1274,201,5.42,2.997136e-72,4.63,6.33
721.9 ,Spondylosis of unspecified site,Diseases of the musculoskeletal...,641,97,5.06,5.403937e-34,4.03,6.31
464.4 ,Croup,Diseases of the respiratory system,596,86,4.78,8.435438e-29,3.75,6.03
733.0 ,Osteoporosis,Diseases of the musculoskeletal...,3198,432,4.71,3.74916e-131,4.22,5.24
728 ,"Disorders of muscle, ligament,...",Diseases of the musculoskeletal...,1793,238,4.45,2.495939e-70,3.85,5.12
353.4 ,"Lumbosacral root lesions, not...",Diseases of the nervous system,1221,160,4.33,7.896058e-47,3.63,5.13
307.4 ,Specific disorders of sleep of...,Mental disorders,930,121,4.26,1.983401e-35,3.48,5.18
715.1 ,"Osteoarthrosis, localized, primary",Diseases of the musculoskeletal...,624,81,4.22,3.807748e-24,3.29,5.35
714.9 ,Unspecified inflammatory polyarthropathy,Diseases of the musculoskeletal...,577,72,4.03,1.199641e-20,3.1,5.17
721 ,Spondylosis and allied disorders,Diseases of the musculoskeletal...,1921,233,4.01,1.588229e-61,3.47,4.61
533.91 ,"Peptic ulcer of unspecified site,...",Diseases of the digestive system,801,99,4,1.729177e-27,3.2,4.96
715.0 ,"Osteoarthrosis, generalized",Diseases of the musculoskeletal...,1038,127,3.97,2.066486e-34,3.27,4.8
715 ,Osteoarthrosis and allied disorders,Diseases of the musculoskeletal...,5125,581,3.94,1.99237e-142,3.59,4.32
464.2 ,Acute larygotracheitis,Diseases of the respiratory system,528,63,3.82,2.680555e-17,2.88,4.99
560 ,Intestinal obstruction without...,Diseases of the digestive system,766,89,3.72,5.281211e-23,2.94,4.66
716 ,Other and unspecified arthropathies,Diseases of the musculoskeletal...,1287,147,3.69,3.253643e-36,3.07,4.39
719.4 ,Pain in joint,Diseases of the musculoskeletal...,2906,322,3.66,3.159779e-75,3.24,4.13
724 ,Other and unspecified disorders...,Diseases of the musculoskeletal...,1241,137,3.54,2.621832e-32,2.93,4.24
346 ,Migraine,Diseases of the nervous system,519,58,3.54,0.0000000000000087533,2.64,4.67
716.9 ,"Arthropathy, unspecified",Diseases of the musculoskeletal...,4753,492,3.49,5.13641e-105,3.16,3.85
372.3 ,Other and unspecified conjunctivitis,Diseases of the nervous system,1706,183,3.45,4.908224e-41,2.94,4.04
366.8 ,Other cataract,Diseases of the nervous system,1097,118,3.43,4.951997e-27,2.8,4.16
686 ,Other local infections of skin...,Diseases of the skin and subcutaneous...,1618,168,3.32,5.073749e-36,2.8,3.91
715.36 ,"Osteoarthrosis, localized, not...",Diseases of the musculoskeletal...,7462,710,3.29,2.41326e-135,3.02,3.58
411 ,Other acute and subacute forms...,Diseases of the circulatory system,801,83,3.27,1.787864e-18,2.57,4.12
300.0 ,Anxiety states,Mental disorders,3519,348,3.23,1.154173e-68,2.87,3.63
533.9 ,"Peptic ulcer, site unspecified,...",Diseases of the digestive system,5981,570,3.21,1.69865e-107,2.93,3.53
583 ,"Nephritis and nephropathy, not...",Diseases of the genitourinary...,902,92,3.21,7.436444e-20,2.56,4
274 ,Gout,"Endocrine, nutritional and metabolic...",3701,363,3.21,9.862995e-71,2.86,3.59
582 ,Chronic glomerulonephritis,Diseases of the genitourinary...,773,78,3.17,8.319406e-17,2.47,4.02
721.4 ,Thoracic or lumbar spondylosis...,Diseases of the musculoskeletal...,563,57,3.17,0.0000000000009335006,2.36,4.18
533 ,"Peptic ulcer, site unspecified",Diseases of the digestive system,5261,501,3.17,7.839274e-94,2.87,3.5
532.9 ,"Duodenal ulcer, unspecified as...",Diseases of the digestive system,865,87,3.16,1.762474e-18,2.5,3.96
300 ,Neurotic disorders,Mental disorders,3592,347,3.15,5.928133e-66,2.8,3.53
402.9 ,Hypertensive heart disease unspecified,Diseases of the circulatory system,6788,629,3.14,8.22984e-114,2.87,3.43
820 ,Fracture of neck of femur,Injury and poisoning,784,78,3.12,1.823784e-16,2.43,3.96
349 ,Other and unspecified disorders...,Diseases of the nervous system,602,60,3.12,0.0000000000004694233,2.34,4.08
564 ,"Functional digestive disorders,...",Diseases of the digestive system,7971,721,3.11,2.48506e-126,2.85,3.37
440 ,Atherosclerosis,Diseases of the circulatory system,914,90,3.09,1.775885e-18,2.45,3.85
250.6 ,Diabetes with neurological manifestations,"Endocrine, nutritional and metabolic...",886,86,3.04,2.392762e-17,2.4,3.81
380.23 ,Other chronic otitis externa,Diseases of the nervous system,948,91,3,5.830949e-18,2.39,3.74
110 ,Dermatophytosis,Infectious and parasitic diseases,602,58,3,0.000000000004537237,2.25,3.95
721.3 ,Lumbosacral spondylosis without...,Diseases of the musculoskeletal...,13987,1149,3,7.22593e-178,2.79,3.21
455 ,Hemorrhoids,Diseases of the circulatory system,1451,138,2.99,4.342619e-26,2.49,3.58
402.1 ,"Hypertensive heart disease, benign",Diseases of the circulatory system,1348,128,2.98,3.069282e-24,2.46,3.59
756.12 ,Spondylolisthesis,Congenital anomalies,671,64,2.97,0.0000000000005777436,2.26,3.86
715.90 ,"Osteoarthrosis, unspecified whether...",Diseases of the musculoskeletal...,19259,1484,2.96,3.24467e-212,2.78,3.16
727 ,"Other disorders of synovium tendon,...",Diseases of the musculoskeletal...,631,60,2.96,0.000000000003400014,2.23,3.87
805.2 ,Closed fracture of dorsal [thoracic]...,Injury and poisoning,516,49,2.95,0.0000000003213039,2.15,3.97
854.0 ,Intracranial injury of other and...,Injury and poisoning,613,58,2.94,0.000000000009401824,2.2,3.87
386.0 ,Meniere's disease,Diseases of the nervous system,1402,131,2.93,3.82295e-24,2.42,3.52
477 ,Allergic rhinitis,Diseases of the respiratory system,2359,218,2.93,1.219898e-38,2.53,3.39
389.1 ,Sensorineural hearing loss,Diseases of the nervous system,1483,138,2.92,3.435342e-25,2.43,3.49
726.90 ,Enthesopathy of unspecified site,Diseases of the musculoskeletal...,3794,343,2.92,2.576672e-58,2.59,3.27
723.0 ,Spinal stenosis in cervical region,Diseases of the musculoskeletal...,534,50,2.9,0.0000000003469334,2.12,3.9
574.2 ,Calculus of gallbladder without...,Diseases of the digestive system,634,59,2.89,0.00000000001226956,2.17,3.79
715.96 ,"Osteoarthrosis, unspecified whether...",Diseases of the musculoskeletal...,3971,355,2.89,3.491821e-59,2.57,3.23
724.3 ,Sciatica,Diseases of the musculoskeletal...,9345,787,2.89,5.82798e-122,2.66,3.13
724.4 ,Thoracic or lumbosacral neuritis...,Diseases of the musculoskeletal...,1287,118,2.87,3.119936e-21,2.35,3.47
738.4 ,Acquired spondylolisthesis,Diseases of the musculoskeletal...,1075,99,2.87,3.495745e-18,2.31,3.54
353.9 ,Unspecified nerve root and plexus...,Diseases of the nervous system,1003,92,2.86,6.762485e-17,2.27,3.55
532 ,Duodenal ulcer,Diseases of the digestive system,1395,127,2.85,1.774297e-22,2.35,3.43
550.9 ,"Inguinal hernia, without mention...",Diseases of the digestive system,800,73,2.83,0.0000000000001300312,2.19,3.61
721.0 ,Cervical spondylosis without myelopathy,Diseases of the musculoskeletal...,3800,334,2.82,4.841718e-54,2.5,3.17
356.9 ,Unspecified hereditary and idiopathic...,Diseases of the nervous system,2698,239,2.81,2.754854e-39,2.44,3.22
780.5 ,Sleep disturbance,"Comorbidities, signs, and ill-defined...",5979,509,2.8,3.372509e-78,2.53,3.08
715.38 ,"Osteoarthrosis, localized, not...",Diseases of the musculoskeletal...,655,59,2.79,0.00000000004503329,2.09,3.65
692 ,Contact dermatitis and other eczema,Diseases of the skin and subcutaneous...,5021,428,2.77,1.109267e-65,2.49,3.07
724.02 ,"Spinal stenosis, lumbar region,...",Diseases of the musculoskeletal...,3948,340,2.76,7.985482e-53,2.45,3.1
216 ,Benign neoplasm of skin,Neoplasms,707,63,2.75,0.00000000001597604,2.09,3.58
727.0 ,Synovitis and tenosynovitis,Diseases of the musculoskeletal...,1516,133,2.73,7.514542e-22,2.27,3.28
680 ,Carbuncle and furuncle,Diseases of the skin and subcutaneous...,568,50,2.71,0.0000000027755622,1.98,3.64
722.2 ,Displacement of intervertebral...,Diseases of the musculoskeletal...,1259,110,2.71,2.366026e-18,2.21,3.31
362.10 ,"Background retinopathy, unspecified",Diseases of the nervous system,683,60,2.71,0.0000000001183311,2.04,3.54
388.3 ,Tinitus,Diseases of the nervous system,1509,131,2.7,2.744985e-21,2.24,3.24
728.9 ,"Unspecified disorder of muscle,...",Diseases of the musculoskeletal...,2623,225,2.7,5.799642e-35,2.34,3.11
574 ,Cholelithiasis,Diseases of the digestive system,808,70,2.67,0.000000000004946454,2.06,3.43
726.10 ,Disorders of bursae and tendons...,Diseases of the musculoskeletal...,646,56,2.67,0.0000000006966926,1.99,3.52
375.15 ,"Tear film insufficiency, unspecified",Diseases of the nervous system,3818,318,2.65,1.582339e-46,2.35,2.99
355.0 ,Lesion of sciatic nerve,Diseases of the nervous system,522,45,2.65,0.000000041034027,1.9,3.61
437.8 ,Other ill-defined cerebrovascular...,Diseases of the circulatory system,1017,87,2.64,0.00000000000003488146,2.09,3.3
721.1 ,Cervical spondylosis with myelopathy,Diseases of the musculoskeletal...,1361,116,2.64,1.86492e-18,2.16,3.21
722.0 ,Displacement of cervical intervertebral...,Diseases of the musculoskeletal...,665,57,2.64,0.0000000006768568,1.97,3.47
733.1 ,Pathological fracture,Diseases of the musculoskeletal...,983,84,2.64,0.0000000000001049923,2.08,3.31
599 ,Other disorders of urethra and...,Diseases of the genitourinary...,1509,128,2.63,5.63787e-20,2.17,3.17
531.9 ,"Gastric ulcer, unspecified as...",Diseases of the digestive system,1272,108,2.63,3.625256e-17,2.13,3.21
597 ,"Urethritis, not sexually transmitted,...",Diseases of the genitourinary...,562,48,2.62,0.000000017138998,1.91,3.54
372.1 ,Chronic conjunctivitis,Diseases of the nervous system,10706,819,2.6,4.41121e-105,2.4,2.81
372.2 ,Blepharoconjunctivitis,Diseases of the nervous system,1049,88,2.59,0.00000000000005790862,2.05,3.23
716.66 ,"Unspecified monoarthritis, lower...",Diseases of the musculoskeletal...,711,60,2.59,0.0000000004159404,1.95,3.39
332 ,Parkinson's disease,Diseases of the nervous system,1912,159,2.59,1.427077e-23,2.18,3.05
535 ,Gastritis and duodenitis,Diseases of the digestive system,4118,332,2.56,1.587122e-45,2.27,2.88
733.00 ,"Osteoporosis, unspecified",Diseases of the musculoskeletal...,7352,573,2.55,1.713468e-74,2.33,2.8
386.12 ,Vestibular neuronitis,Diseases of the nervous system,2586,210,2.54,1.674319e-29,2.19,2.93
723.4 ,"Brachial neuritis or radiculitis,...",Diseases of the musculoskeletal...,606,50,2.53,0.000000034388765,1.85,3.38
729.4 ,"Fasciitis, unspecified",Diseases of the musculoskeletal...,7423,572,2.52,1.304701e-72,2.3,2.76
786.5 ,Chest pain,"Comorbidities, signs, and ill-defined...",3617,288,2.51,1.725468e-38,2.21,2.84
250.4 ,Diabetes with renal manifestations,"Endocrine, nutritional and metabolic...",723,59,2.5,0.0000000021901724,1.88,3.27
354.0 ,Carpal tunnel syndrome,Diseases of the nervous system,810,66,2.5,0.0000000002520312,1.91,3.22
493 ,Asthma,Diseases of the respiratory system,4574,359,2.49,1.009377e-46,2.22,2.79
729.82 ,Cramp of limb,Diseases of the musculoskeletal...,739,60,2.49,0.0000000018759424,1.87,3.25
550 ,Inguinsl hernia,Diseases of the digestive system,728,59,2.48,0.0000000027232988,1.86,3.25
558 ,Other and unspecified noninfectious...,Diseases of the digestive system,1190,96,2.48,0.0000000000000501368,1.99,3.07
710.2 ,Sicca syndrome,Diseases of the musculoskeletal...,653,53,2.48,0.000000017474039,1.84,3.3
715.16 ,"Osteoarthrosis, localized, primary,...",Diseases of the musculoskeletal...,5645,437,2.48,2.218004e-55,2.24,2.75
470 ,Deviated nasal septum,Diseases of the respiratory system,690,56,2.48,0.0000000067097355,1.85,3.27
466 ,Acute bvronchitis and bronchiolitis,Diseases of the respiratory system,5325,411,2.47,1.009105e-51,2.21,2.74
349.9 ,Unspecified disorders of nervous...,Diseases of the nervous system,3419,268,2.46,9.854773e-35,2.15,2.8
571.4 ,Chronic hepatitis,Diseases of the digestive system,3723,290,2.45,4.505139e-37,2.16,2.77
357.9 ,Unspecified inflammatory and toxic...,Diseases of the nervous system,589,47,2.44,0.00000017671274,1.77,3.29
493.9 ,"Asthma, unspecified",Diseases of the respiratory system,2878,224,2.43,7.960634e-29,2.1,2.79
720.0 ,Ankylosing spondylitis,Diseases of the musculoskeletal...,633,50,2.41,0.00000014410086,1.76,3.22
491 ,Chronic bronchitis,Diseases of the respiratory system,7946,588,2.41,2.447956e-68,2.2,2.64
531 ,Gastric ulcer,Diseases of the digestive system,2568,199,2.41,1.713032e-25,2.06,2.79
922.9 ,Contusion of unspecified part...,Injury and poisoning,813,64,2.4,0.0000000018935786,1.83,3.11
715.35 ,"Osteoarthrosis, localized, not...",Diseases of the musculoskeletal...,1263,99,2.4,0.00000000000010612,1.93,2.96
362.60 ,"Peripheral retinal degeneration,...",Diseases of the nervous system,711,56,2.4,0.000000021452552,1.79,3.17
366.1 ,Senile cataract,Diseases of the nervous system,7473,551,2.39,2.300362e-63,2.17,2.62
535.4 ,Other specified gastritis,Diseases of the digestive system,1158,90,2.38,0.000000000002247159,1.89,2.96
698 ,Pruritus and related conditions,Diseases of the skin and subcutaneous...,1678,130,2.38,4.641405e-17,1.97,2.86
995.2 ,Unspecified adverse effect od...,Injury and poisoning,593,46,2.36,0.00000066937443,1.71,3.2
272 ,Disorders of lipoid metabolism,"Endocrine, nutritional and metabolic...",1141,88,2.36,0.000000000008674797,1.87,2.94
726.0 ,Adhesive capsulitis of shoulder,Diseases of the musculoskeletal...,3328,252,2.36,1.605675e-30,2.06,2.7
362.5 ,Degeneration of macula and posterior...,Diseases of the nervous system,1218,94,2.36,0.000000000001284288,1.89,2.92
879.8 ,Open wound(s) (multiple) of unspecified...,Injury and poisoning,2515,191,2.35,1.459636e-23,2.01,2.73
372.39 ,Other conjunctivitis,Diseases of the nervous system,663,51,2.34,0.00000016988622,1.72,3.12
592 ,Calculus of kidney and ureter,Diseases of the genitourinary...,649,50,2.34,0.00000022021087,1.72,3.14
805.8 ,Closed fracture of unspecified...,Injury and poisoning,680,52,2.33,0.00000014793651,1.72,3.1
300.4 ,Dysthymic disorder,Mental disorders,4003,298,2.33,1.160991e-34,2.06,2.63
054.9 ,Herpes simplex without mention...,Infectious and parasitic diseases,802,61,2.32,0.000000016744021,1.75,3.01
401 ,Essential hypertension,Diseases of the circulatory system,10136,711,2.31,8.060151e-74,2.12,2.51
607.1 ,Balanoposthitis,Diseases of the genitourinary...,738,56,2.31,0.000000076560612,1.72,3.04
211.3 ,Benign neoplasm of colon,Neoplasms,1151,87,2.31,0.00000000002211337,1.83,2.88
389 ,Hearing loss,Diseases of the nervous system,673,51,2.3,0.00000036431277,1.69,3.07
443.9 ,"Peripheral vascular disease, unspecified",Diseases of the circulatory system,2870,213,2.3,9.397285e-25,1.98,2.65
724.9 ,Other unspecified back disorders,Diseases of the musculoskeletal...,1664,125,2.3,0.00000000000000226222,1.9,2.77
843.9 ,Sprains and strains of unspecified...,Injury and poisoning,822,62,2.29,0.000000024210187,1.74,2.98
414 ,Other forms of chronic ischemic...,Diseases of the circulatory system,4957,360,2.29,1.495312e-39,2.04,2.56
428 ,Heart failure,Diseases of the circulatory system,3539,260,2.29,1.967131e-29,2,2.6
722.93 ,"Other and unspecified disc disorder,...",Diseases of the musculoskeletal...,637,48,2.29,0.0000010065708,1.67,3.08
372 ,Disorders of conjunctiva,Diseases of the nervous system,1804,134,2.28,4.059696e-16,1.89,2.72
805.4 ,Closed fracture of lumbar vertebra...,Injury and poisoning,2459,182,2.28,2.654431e-21,1.95,2.66
386.1 ,Other and unspecified peripheral...,Diseases of the nervous system,1327,99,2.28,0.000000000002339149,1.83,2.8
266.9 ,Unspecified vitamin B deficiency,"Endocrine, nutritional and metabolic...",559,42,2.28,0.0000037821416,1.62,3.13
440.9 ,Generalized and unspecified atherosclerosis,Diseases of the circulatory system,3072,225,2.27,1.831171e-25,1.96,2.61
111.9 ,"Dermatomycosis, unspecified",Infectious and parasitic diseases,839,62,2.24,0.000000037040792,1.7,2.91
714.0 ,Rheumatoid arthritis,Diseases of the musculoskeletal...,2615,190,2.24,2.910891e-21,1.91,2.6
472 ,Chronic pharyngitis and nasopharyngitis,Diseases of the respiratory system,528,39,2.24,0.0000119268,1.57,3.11
722.10 ,Displacement of lumbar intervertebral...,Diseases of the musculoskeletal...,1913,140,2.24,3.440737e-16,1.87,2.67
721.42 ,"Spondylosis with myelopathy, lumbar...",Diseases of the musculoskeletal...,2924,211,2.23,4.23509e-23,1.92,2.57
487 ,Influenza,Diseases of the respiratory system,3773,270,2.22,8.987551e-29,1.95,2.53
353.2 ,"Cervical root lesions, not elsewhere...",Diseases of the nervous system,821,60,2.22,0.000000085956277,1.67,2.89
377.10 ,"Optic atrophy, unspecified",Diseases of the nervous system,883,64,2.2,0.000000048177876,1.67,2.84
528.9 ,Other and unspecified diseases...,Diseases of the digestive system,3614,257,2.2,5.901478e-27,1.93,2.51
708 ,Urticaria,Diseases of the skin and subcutaneous...,1052,76,2.19,0.0000000029115758,1.71,2.78
215.9 ,Other benign neoplasm of connective...,Neoplasms,569,41,2.18,0.0000143403,1.54,3
274.0 ,"Gouty arthropathy, unspecified","Endocrine, nutritional and metabolic...",13201,864,2.18,1.005648e-76,2.01,2.35
427 ,Cardiac dysrhythmias,Diseases of the circulatory system,3430,241,2.17,1.198341e-24,1.89,2.48
472.1 ,Chronic pharyngitis,Diseases of the respiratory system,3183,224,2.17,5.067575e-23,1.88,2.5
724.00 ,"Spinal stenosis, unspecified region",Diseases of the musculoskeletal...,1357,97,2.17,0.00000000003939033,1.75,2.68
571 ,Chronic liver disease and cirrhosis,Diseases of the digestive system,970,69,2.16,0.000000028483034,1.66,2.76
365 ,Glaucoma,Diseases of the nervous system,1025,73,2.16,0.000000013590864,1.67,2.75
535.5 ,Unspecified gastritis & gastroduodenitis,Diseases of the digestive system,2553,179,2.15,1.636414e-18,1.83,2.51
700 ,Corns and callosities,Diseases of the skin and subcutaneous...,1412,100,2.15,0.00000000003461872,1.73,2.65
250 ,Diabetes mellitus,"Endocrine, nutritional and metabolic...",6428,438,2.15,2.619745e-41,1.94,2.38
274.9 ,"Gout, unspecified","Endocrine, nutritional and metabolic...",13626,882,2.15,3.549625e-76,1.99,2.32
300.02 ,Generalized anxiety disorder,Mental disorders,1341,95,2.15,0.00000000009312028,1.72,2.66
487.8 ,Influenza with other manifestations,Diseases of the respiratory system,2831,198,2.15,2.614054e-20,1.84,2.49
706.3 ,Seborrhea,Diseases of the skin and subcutaneous...,1752,123,2.14,0.0000000000003248263,1.76,2.58
373.0 ,Blepharitis,Diseases of the nervous system,924,65,2.13,0.00000010666097,1.62,2.75
840.9 ,Sprains and strains of unspecified...,Injury and poisoning,954,67,2.13,0.00000009431768,1.63,2.73
386.11 ,Benign paroxysmal positional vertigo,Diseases of the nervous system,1965,137,2.13,0.00000000000002334631,1.77,2.54
715.10 ,"Osteoarthrosis, localized, primary,...",Diseases of the musculoskeletal...,1083,76,2.13,0.000000012726867,1.66,2.69
478.5 ,Other diseases of vocal cords,Diseases of the respiratory system,1512,106,2.13,0.00000000001470875,1.73,2.6
307.40 ,"Nonorganic sleep disorder, unspecified",Mental disorders,1372,96,2.12,0.0000000001494228,1.7,2.62
386 ,Vertiginous syndromes and other...,Diseases of the nervous system,3236,222,2.11,1.455434e-21,1.83,2.43
465 ,Acute upper respiratory infections...,Diseases of the respiratory system,9698,635,2.11,7.822916e-55,1.93,2.3
311 ,"Depressive disorder, not elsewhere...",Mental disorders,1368,95,2.11,0.0000000003572829,1.69,2.6
702.1 ,Seborrheic keratosis,Diseases of the skin and subcutaneous...,1457,101,2.1,0.0000000001174788,1.7,2.58
724.2 ,Lumbago,Diseases of the musculoskeletal...,23466,1397,2.1,3.62879e-102,1.97,2.24
729.1 ,"Myalgia and myositis, unspecified",Diseases of the musculoskeletal...,16762,1041,2.1,1.079111e-81,1.95,2.25
368.13 ,Visual discomfort,Diseases of the nervous system,6046,404,2.09,3.310987e-36,1.88,2.33
555.9 ,Regional enteritis of unspecified...,Diseases of the digestive system,1361,94,2.09,0.0000000005306953,1.68,2.59
844.9 ,Sprains and strains of unspecified...,Injury and poisoning,1304,90,2.09,0.0000000010764627,1.67,2.6
702.0 ,Actinic keratosis,Diseases of the skin and subcutaneous...,838,58,2.09,0.00000091059092,1.57,2.74
250.0 ,Diabetes Mellitus w/m of complication,"Endocrine, nutritional and metabolic...",5359,359,2.09,1.672934e-32,1.86,2.34
357.2 ,Polyneuropathy in diabetes,Diseases of the nervous system,795,55,2.09,0.0000020161637,1.56,2.75
729.5 ,Pain in limb,Diseases of the musculoskeletal...,2083,142,2.08,0.00000000000004817532,1.73,2.47
571.8 ,Other chronic nonalcoholic liver...,Diseases of the digestive system,537,37,2.07,0.0001159701,1.44,2.9
374.0 ,Entropion and trichiasis of eyelid,Diseases of the nervous system,1318,90,2.07,0.0000000020270082,1.65,2.57
402 ,Hypertensive heart disease,Diseases of the circulatory system,8976,581,2.07,1.759836e-48,1.89,2.26
110.1 ,Dermatophytosis of nail,Infectious and parasitic diseases,6497,428,2.07,4.107043e-37,1.86,2.29
721.90 ,"Spondylosis of unspecified site,...",Diseases of the musculoskeletal...,5389,358,2.07,1.021354e-31,1.85,2.31
536.9 ,Unspecified functional disorder...,Diseases of the digestive system,33824,1869,2.06,1.96648e-116,1.94,2.19
571.49 ,Other chronic hepatitis,Diseases of the digestive system,864,59,2.06,0.0000013015639,1.55,2.69
272.4 ,Other and unspecified hyperlipidemia,"Endocrine, nutritional and metabolic...",8295,538,2.06,5.323132e-45,1.87,2.26
729.2 ,"Neuralgia, neuritis, and radiculitis,...",Diseases of the musculoskeletal...,10896,691,2.05,5.163539e-55,1.88,2.23
788.3 ,Incontinence of urine,"Comorbidities, signs, and ill-defined...",4084,270,2.04,9.904805e-24,1.79,2.31
372.0 ,Acute conjunctivitis,Diseases of the nervous system,1905,128,2.04,0.000000000002988184,1.69,2.45
078.1 ,Viral warts,Infectious and parasitic diseases,3644,242,2.04,1.352839e-21,1.78,2.33
718.40 ,"Contracture of joint, site unspecified",Diseases of the musculoskeletal...,516,35,2.04,0.000229233,1.4,2.88
820.8 ,Closed fracture of unspecified...,Injury and poisoning,1684,113,2.03,0.00000000004515568,1.66,2.47
593.9 ,Unspecified disorder of kidney...,Diseases of the genitourinary...,980,66,2.03,0.0000004173672,1.55,2.61
437 ,Other and ill-defined cerebrovascular...,Diseases of the circulatory system,2000,134,2.03,0.000000000001040551,1.69,2.43
727.03 ,Trigger finger (acquired),Diseases of the musculoskeletal...,532,36,2.03,0.0001788166,1.41,2.86
729.0 ,"Rheumatism, unspecified and fibrositis",Diseases of the musculoskeletal...,1444,97,2.03,0.000000001116753,1.63,2.5
690 ,Erythematosquamous dermatosis,Diseases of the skin and subcutaneous...,5037,328,2.02,1.706902e-27,1.79,2.27
110.3 ,Dermatophytosis of groin and perianal...,Infectious and parasitic diseases,4200,275,2.02,1.649974e-23,1.77,2.29
715.26 ,"Osteoarthrosis, localized, secondary,...",Diseases of the musculoskeletal...,1104,74,2.02,0.00000012534369,1.57,2.57
307.41 ,Transient disorder of initiating...,Mental disorders,1134,76,2.02,0.000000075882815,1.58,2.56
535.10 ,"Atrophic gastritis, without mention...",Diseases of the digestive system,704,47,2.01,0.0000268434,1.46,2.71
719.46 ,"Pain in joint, lower leg",Diseases of the musculoskeletal...,2724,179,2,8.518985e-16,1.71,2.34
300.89 ,Other somatoform disorders,Mental disorders,901,60,2,0.0000022367995,1.51,2.61
362.50 ,"Macular degeneration (senile),...",Diseases of the nervous system,3478,227,2,2.347691e-19,1.73,2.3
370.40 ,"Keratoconjunctivitis, unspecified",Diseases of the nervous system,743,49,1.98,0.0000281786,1.45,2.65
682 ,Other cellulitis and abscess,Diseases of the skin and subcutaneous...,1599,105,1.98,0.0000000008476631,1.61,2.43
427.81 ,Sinoatrial node dysfunction,Diseases of the circulatory system,986,65,1.98,0.0000011192766,1.52,2.56
216.9 ,"Benign neoplasm of skin, site...",Neoplasms,2280,149,1.98,0.0000000000003977162,1.66,2.35
250.9 ,Diabetes with unspecified complication,"Endocrine, nutritional and metabolic...",1357,89,1.98,0.000000015070771,1.57,2.46
367.4 ,Presbyopia,Diseases of the nervous system,2088,136,1.97,0.000000000005035674,1.64,2.36
790.6 ,Other abnormal blood chemistry,"Comorbidities, signs, and ill-defined...",1986,129,1.97,0.00000000002082347,1.63,2.36
924.5 ,Contusion of unspecified part...,Injury and poisoning,933,61,1.97,0.0000033897822,1.49,2.55
607.84 ,Impotence of organic origin,Diseases of the genitourinary...,886,58,1.97,0.0000049478151,1.48,2.57
850 ,Concussion,Injury and poisoning,782,51,1.96,0.0000200862,1.44,2.61
998.5 ,Postoperative infection,Injury and poisoning,921,60,1.96,0.0000045746523,1.48,2.55
692.9 ,"Contact dermatitis and other eczema,...",Diseases of the skin and subcutaneous...,38201,2004,1.96,3.32277e-105,1.85,2.09
444.22 ,Arterial embolism and thrombosis...,Diseases of the circulatory system,860,56,1.96,0.0000086220378,1.46,2.57
789 ,Other symptoms involving abdomen...,"Comorbidities, signs, and ill-defined...",861,56,1.95,0.0000088092478,1.46,2.57
794.8 ,Nonspecific abnormal results of...,"Comorbidities, signs, and ill-defined...",986,64,1.95,0.0000026442941,1.49,2.52
691.8 ,Other atopic dermatitis and related...,Diseases of the skin and subcutaneous...,4982,315,1.95,2.266081e-24,1.73,2.19
110.4 ,Dermatophytosis of foot,Infectious and parasitic diseases,10421,638,1.95,1.532391e-45,1.79,2.13
434 ,Occlusion of cerebral arteries,Diseases of the circulatory system,3605,230,1.95,1.602852e-18,1.69,2.24
435.1 ,Vertebral artery syndrome,Diseases of the circulatory system,1299,84,1.95,0.000000069282072,1.54,2.44
533.0 ,"Peptic ulcer, site unspecified...",Diseases of the digestive system,707,46,1.95,0.0000700324,1.41,2.64
473.9 ,Unspecified sinusitis (chronic),Diseases of the respiratory system,1778,114,1.94,0.0000000005556938,1.58,2.35
728.85 ,Spasm of muscle,Diseases of the musculoskeletal...,867,56,1.94,0.0000139086,1.45,2.55
357.4 ,Polyneuropathy in other diseases...,Diseases of the nervous system,896,58,1.94,0.0000081833469,1.46,2.54
560.9 ,Unspecified intestinal obstruction,Diseases of the digestive system,2591,165,1.93,0.0000000000001347208,1.64,2.27
704.8 ,Other specified diseases of hair...,Diseases of the skin and subcutaneous...,1292,83,1.93,0.00000013991039,1.53,2.42
437.1 ,Other generalized ischemic cerebrovascular...,Diseases of the circulatory system,575,37,1.93,0.0003453362,1.34,2.69
454.9 ,Asymptomatic varicose veins,Diseases of the circulatory system,934,60,1.93,0.0000082560896,1.46,2.51
600 ,Hyperplasia of prostate,Diseases of the genitourinary...,49403,2416,1.91,6.57932e-103,1.8,2.03
719.48 ,"Pain in joint, other specified...",Diseases of the musculoskeletal...,737,47,1.91,0.0000708575,1.39,2.57
847.2 ,Sprain of lumbar,Injury and poisoning,2838,178,1.9,0.00000000000006311523,1.62,2.22
490 ,"Bronchitis, not specified as acute...",Diseases of the respiratory system,12081,716,1.9,1.334008e-46,1.75,2.06
379.31 ,Aphakia,Diseases of the nervous system,1129,71,1.89,0.0000024135444,1.46,2.41
380.22 ,Other acute otitis externa,Diseases of the nervous system,1685,106,1.89,0.0000000082102374,1.54,2.31
722.73 ,Intervertebral disc disorder with...,Diseases of the musculoskeletal...,686,43,1.88,0.0002161146,1.34,2.56
366.9 ,Unspecified cataract,Diseases of the nervous system,5592,340,1.87,1.57682e-23,1.67,2.1
564.9 ,Unspecified functional disorder...,Diseases of the digestive system,18935,1069,1.87,8.282124e-62,1.74,2.01
696.1 ,Other psoriasis,Diseases of the skin and subcutaneous...,1269,79,1.87,0.0000008915878,1.47,2.35
153 ,Malignant colon neoplasm,Neoplasms,608,38,1.87,0.0005112543,1.31,2.6
435 ,Transient cerebral ischemia,Diseases of the circulatory system,576,36,1.87,0.0007978279,1.29,2.62
437.9 ,Unspecified cerebrovascular disease,Diseases of the circulatory system,7611,458,1.87,1.21469e-30,1.69,2.07
366.53 ,"After-cataract, obscuring vision",Diseases of the nervous system,1570,97,1.86,0.000000067022552,1.49,2.29
592.1 ,Calculus of ureter,Diseases of the genitourinary...,1128,70,1.86,0.0000037618018,1.44,2.38
413 ,Angina pectoris,Diseases of the circulatory system,2488,153,1.86,0.00000000001953242,1.56,2.19
848.8 ,Other specified sites of sprains...,Injury and poisoning,744,46,1.85,0.0001769319,1.34,2.5
848.9 ,Unspecified site of sprain and...,Injury and poisoning,8423,500,1.85,5.037629e-32,1.68,2.04
290.2 ,Senile dementia with delusional...,Mental disorders,597,37,1.85,0.0006993821,1.29,2.59
290.9 ,Unspecified senile psychotic condition,Mental disorders,1426,88,1.85,0.0000002715004,1.47,2.3
388.01 ,Presbyacusis,Diseases of the nervous system,599,37,1.84,0.0010035199,1.28,2.58
455.8 ,Unspecified hemorrhoids with other...,Diseases of the circulatory system,1635,100,1.84,0.000000081697886,1.48,2.25
719.99 ,"Unspecified disorder of joint,...",Diseases of the musculoskeletal...,552,34,1.84,0.0014342233,1.26,2.61
290 ,Senile and presenile organic psychotic...,Mental disorders,2342,143,1.84,0.0000000001157083,1.54,2.19
477.9 ,"Allergic rhinitis, cause unspecified",Diseases of the respiratory system,13771,788,1.84,6.165487e-46,1.7,1.99
370.20 ,"Superficial keratitis, unspecified",Diseases of the nervous system,768,47,1.83,0.0002140311,1.33,2.46
716.90 ,"Arthropathy, unspecified, site...",Diseases of the musculoskeletal...,10154,590,1.83,1.463243e-35,1.67,2
724.5 ,"Backache, unspecified",Diseases of the musculoskeletal...,16388,923,1.83,8.646238e-52,1.7,1.97
535.0 ,Acute gastritis,Diseases of the digestive system,3917,234,1.82,0.00000000000000120477,1.58,2.08
455.6 ,Unspecified hemorrhoids without...,Diseases of the circulatory system,5293,315,1.82,2.216753e-20,1.61,2.05
263.9 ,Unspecified protein-calorie malnutrition,"Endocrine, nutritional and metabolic...",1317,80,1.82,0.0000020915538,1.43,2.29
272.2 ,Mixed hyperlipidemia,"Endocrine, nutritional and metabolic...",3486,209,1.82,0.00000000000003490041,1.57,2.1
728.89 ,"Other disorders of muscle, ligament,...",Diseases of the musculoskeletal...,1150,70,1.82,0.0000070713037,1.41,2.33
733.01 ,Senile osteoporosis,Diseases of the musculoskeletal...,2351,142,1.82,0.000000000272593,1.52,2.16
780.52 ,"Insomnia, unspecified","Comorbidities, signs, and ill-defined...",17566,980,1.82,1.3784e-53,1.7,1.96
366.5 ,After-cataract,Diseases of the nervous system,792,48,1.81,0.0002649553,1.32,2.43
564.0 ,Constipation,Diseases of the digestive system,47933,2301,1.81,2.873307e-86,1.71,1.92
472.0 ,Chronic rhinitis,Diseases of the respiratory system,3607,215,1.81,0.00000000000002298346,1.56,2.08
370.23 ,Filamentary keratitis,Diseases of the nervous system,711,43,1.8,0.0005973029,1.29,2.46
386.2 ,Vertigo of central origin,Diseases of the nervous system,2798,167,1.8,0.00000000002133445,1.53,2.11
692.89 ,Contact dermatitis and other eczema...,Diseases of the skin and subcutaneous...,3319,197,1.8,0.0000000000004970863,1.54,2.08
706.1 ,Other acne,Diseases of the skin and subcutaneous...,580,35,1.8,0.0018715072,1.24,2.54
528.2 ,Oral aphthae,Diseases of the digestive system,1669,100,1.8,0.00000017197829,1.45,2.21
530.1 ,Esophagitis,Diseases of the digestive system,5037,297,1.8,9.884462e-19,1.59,2.03
788.4 ,Frequency of urination and polyuria,"Comorbidities, signs, and ill-defined...",4689,276,1.79,2.106995e-17,1.58,2.03
706.8 ,Other specified diseases of sebaceous...,Diseases of the skin and subcutaneous...,2359,140,1.79,0.0000000012434405,1.49,2.12
719.40 ,"Pain in joint, site unspecified",Diseases of the musculoskeletal...,9625,552,1.79,9.252814e-32,1.63,1.97
464.11 ,Acute tracheitis with obstruction,Diseases of the respiratory system,901,54,1.79,0.0001522105,1.33,2.36
346.9 ,"Migraine, unspecified",Diseases of the nervous system,1540,92,1.79,0.00000072823671,1.43,2.22
581.9 ,Nephrotic syndrome with unspecified...,Diseases of the genitourinary...,1057,63,1.78,0.0000425697,1.35,2.3
380.4 ,Impacted cerumen,Diseases of the nervous system,7349,424,1.78,1.098672e-24,1.6,1.97
582.9 ,Chronic glomerulonephritis with...,Diseases of the genitourinary...,3969,233,1.78,0.0000000000000105067,1.55,2.04
251.2 ,"Hypoglycemia, unspecified","Endocrine, nutritional and metabolic...",722,43,1.78,0.0006767281,1.27,2.42
715.30 ,"Osteoarthrosis, localized, not...",Diseases of the musculoskeletal...,1006,60,1.78,0.0000592124,1.35,2.32
332.0 ,Paralysis agitans,Diseases of the nervous system,5471,319,1.78,1.931712e-19,1.58,2
333.1 ,Essential and other specified...,Diseases of the nervous system,1022,61,1.78,0.0000478841,1.35,2.31
531.40 ,Chronic or unspecified gastric...,Diseases of the digestive system,653,39,1.78,0.0011517556,1.25,2.47
716.96 ,"Arthropathy, unspecified, lower...",Diseases of the musculoskeletal...,1180,70,1.77,0.000018838,1.37,2.26
464 ,Acute laryngitis and tracheitis,Diseases of the respiratory system,3396,199,1.77,0.000000000001293134,1.52,2.05
787.7 ,Abnormal feces,"Comorbidities, signs, and ill-defined...",883,52,1.76,0.0002759414,1.3,2.33
372.12 ,Chronic follicular conjunctivitis,Diseases of the nervous system,557,33,1.76,0.0033252746,1.2,2.51
564.5 ,Functional diarrhea,Diseases of the digestive system,3030,177,1.76,0.00000000003171003,1.5,2.06
715.00 ,"Osteoarthrosis, generalized, site...",Diseases of the musculoskeletal...,2836,166,1.76,0.00000000008927731,1.49,2.07
365.9 ,Unspecified glaucoma,Diseases of the nervous system,3294,192,1.76,0.000000000004917806,1.51,2.04
372.14 ,Other chronic allergic conjunctivitis,Diseases of the nervous system,5053,290,1.75,7.635212e-17,1.54,1.97
820.21 ,Closed fracture of intertrochanteric...,Injury and poisoning,1365,80,1.75,0.0000068411054,1.38,2.2
891 ,"Open wound of knee, leg (except...",Injury and poisoning,922,54,1.75,0.000261676,1.3,2.3
110.5 ,Dermatophytosis of the body,Infectious and parasitic diseases,3785,219,1.75,0.0000000000002578725,1.51,2.01
250.01 ,Diabetes mellitus without mention...,"Endocrine, nutritional and metabolic...",645,38,1.75,0.0016115371,1.23,2.44
719.90 ,"Unspecified disorder of joint,...",Diseases of the musculoskeletal...,613,36,1.75,0.0025196442,1.21,2.45
281.9 ,Unspecified deficiency anemia,Diseases of the blood and blood-forming...,1056,62,1.75,0.0000872489,1.33,2.27
782.3 ,Edema,"Comorbidities, signs, and ill-defined...",14634,801,1.75,8.430296e-40,1.61,1.89
372.72 ,Conjunctival hemorrhage,Diseases of the nervous system,2741,159,1.74,0.0000000004818331,1.47,2.05
478.1 ,Other diseases of nasal cavity...,Diseases of the respiratory system,1566,91,1.74,0.0000026303399,1.39,2.15
922.3 ,Contusion of back,Injury and poisoning,1678,97,1.73,0.0000015102747,1.39,2.13
924.9 ,Contusion of unspecified site,Injury and poisoning,1935,112,1.73,0.0000002243222,1.42,2.1
300.00 ,"Anxiety state, unspecified",Mental disorders,9630,536,1.73,1.158935e-27,1.57,1.9
820.00 ,Closed fracture of intracapsular...,Injury and poisoning,708,41,1.72,0.0017901414,1.22,2.37
009.1 ,"Colitis, enteritis, and gastroenteritis...",Infectious and parasitic diseases,1299,75,1.72,0.0000235513,1.34,2.18
783.0 ,Anorexia,"Comorbidities, signs, and ill-defined...",1546,89,1.72,0.0000045754412,1.37,2.14
682.9 ,Cellulitis and abscess of unspecified...,Diseases of the skin and subcutaneous...,9782,540,1.71,4.000993e-27,1.56,1.88
693.0 ,Dermatitis due to drugs and medicines...,Diseases of the skin and subcutaneous...,1165,67,1.71,0.0000705265,1.32,2.2
117.9 ,Other and unspecified mycoses,Infectious and parasitic diseases,714,41,1.71,0.0018963385,1.21,2.34
707.9 ,Chronic ulcer of unspecified site,Diseases of the skin and subcutaneous...,957,55,1.71,0.0003426827,1.28,2.25
715.09 ,"Osteoarthrosis, generalized, multiple...",Diseases of the musculoskeletal...,1452,83,1.71,0.0000127592,1.35,2.13
576.1 ,Cholangitis,Diseases of the digestive system,753,43,1.7,0.0017634055,1.22,2.31
595 ,Cystitis,Diseases of the genitourinary...,1915,109,1.7,0.00000074928743,1.39,2.07
596.5 ,Other functional disorders of...,Diseases of the genitourinary...,2611,148,1.7,0.0000000080173868,1.43,2.01
011.00 ,"Tuberculosis of lung, infiltrative,...",Infectious and parasitic diseases,908,52,1.7,0.000489424,1.26,2.26
110.9 ,Dermatophytosis of unspecified...,Infectious and parasitic diseases,3105,176,1.7,0.000000000298739,1.45,1.99
307.42 ,Persistent disorder of initiating...,Mental disorders,1417,81,1.7,0.0000144862,1.34,2.14
523.0 ,Acute gingivitis,Diseases of the digestive system,1017,58,1.7,0.000268628,1.28,2.22
372.10 ,"Chronic conjunctivitis, unspecified",Diseases of the nervous system,29121,1461,1.69,5.847334e-56,1.59,1.81
949.0 ,"Burn of unspecified site, unspecified...",Injury and poisoning,563,32,1.69,0.0072907744,1.14,2.41
708.8 ,Other specified urticaria,Diseases of the skin and subcutaneous...,1005,57,1.69,0.0003472647,1.27,2.21
380.15 ,Chronic mycotic otitis externa,Diseases of the nervous system,2514,141,1.68,0.000000040105592,1.4,2
560.1 ,Paralytic ileus,Diseases of the digestive system,1660,93,1.67,0.0000097396987,1.34,2.06
564.1 ,Irritable bowel syndrome,Diseases of the digestive system,11537,618,1.67,1.028561e-27,1.53,1.82
574.50 ,Calculus of bile duct without...,Diseases of the digestive system,641,36,1.67,0.004670835,1.15,2.34
854.01 ,Intracranial injury of other and...,Injury and poisoning,926,52,1.67,0.0007786445,1.23,2.21
599.6 ,"Urinary obstruction, unspecified",Diseases of the genitourinary...,551,31,1.67,0.0095002421,1.12,2.4
413.9 ,Other and unspecified angina pectoris,Diseases of the circulatory system,9735,526,1.67,2.734573e-24,1.52,1.83
681.00 ,"Cellulitis and abscess of finger,...",Diseases of the skin and subcutaneous...,570,32,1.67,0.0078513428,1.13,2.38
464.1 ,Acute tracheitis,Diseases of the respiratory system,1682,94,1.67,0.0000082169446,1.34,2.06
300.9 ,Unspecified nonpsychotic mental...,Mental disorders,6652,365,1.67,6.624785e-18,1.5,1.87
491.9 ,Unspecified chronic bronchitis,Diseases of the respiratory system,21706,1114,1.67,2.015371e-44,1.56,1.79
780.3 ,Convulsions,"Comorbidities, signs, and ill-defined...",977,55,1.67,0.0005553639,1.25,2.2
370.00 ,"Corneal ulcer, unspecified",Diseases of the nervous system,519,29,1.66,0.0112641626,1.1,2.41
560.39 ,Other impaction of intestine,Diseases of the digestive system,1473,82,1.66,0.0000388154,1.31,2.08
373.11 ,Hordeolum externum,Diseases of the nervous system,876,49,1.66,0.0011156343,1.22,2.22
873 ,Other open wound of head,Injury and poisoning,930,52,1.66,0.0008153943,1.23,2.2
873.4 ,"Facial laceration, without mention...",Injury and poisoning,1290,72,1.66,0.0001158314,1.29,2.11
401.9 ,Unspecified essential hypertension,Diseases of the circulatory system,53835,2422,1.66,2.967202e-64,1.57,1.76
698.3 ,Lichenification and lichen simplex...,Diseases of the skin and subcutaneous...,4245,234,1.66,0.000000000004857714,1.45,1.9
465.9 ,Acute upper respiratory infections...,Diseases of the respiratory system,81986,3333,1.66,3.965658e-55,1.55,1.77
280 ,Iron deficiency anemias,Diseases of the blood and blood-forming...,805,45,1.66,0.0018539546,1.2,2.25
285 ,Other and unspecified anemias,Diseases of the blood and blood-forming...,606,34,1.66,0.0069860326,1.14,2.36
727.00 ,"Synovitis and tenosynovitis, unspecified",Diseases of the musculoskeletal...,8713,470,1.66,1.391544e-21,1.5,1.83
362.51 ,Nonexudative senile macular degeneration,Diseases of the nervous system,1037,58,1.66,0.0004327793,1.25,2.17
573.3 ,"Hepatitis, unspecified",Diseases of the digestive system,1460,81,1.65,0.0000491284,1.3,2.07
379.24 ,Other vitreous opacities,Diseases of the nervous system,1007,56,1.65,0.0006737688,1.24,2.17
388.40 ,"Abnormal auditory perception,...",Diseases of the nervous system,629,35,1.65,0.0060636549,1.14,2.32
401.0 ,Malignant essential hypertension,Diseases of the circulatory system,2752,152,1.65,0.000000026367396,1.39,1.95
995.3 ,"Allergy, unspecified, not elsewhere...",Injury and poisoning,1716,95,1.65,0.0000102507,1.32,2.03
428.1 ,Left heart failure,Diseases of the circulatory system,538,30,1.65,0.0122408352,1.1,2.39
137 ,Late effects of TB,Infectious and parasitic diseases,1389,77,1.65,0.0000820852,1.29,2.08
276.8 ,Hypopotassemia,"Endocrine, nutritional and metabolic...",1246,69,1.65,0.0001696009,1.27,2.1
009.3 ,Diarrhea of presumed infectious...,Infectious and parasitic diseases,939,52,1.64,0.0011563152,1.22,2.18
427.3 ,Atrial fibrillation and flutter,Diseases of the circulatory system,797,44,1.64,0.0032933278,1.18,2.22
715.15 ,"Osteoarthrosis, localized, primary,...",Diseases of the musculoskeletal...,867,48,1.64,0.0019326576,1.2,2.2
331.4 ,Obstructive hydrocephalus,Diseases of the nervous system,524,29,1.64,0.0156213187,1.09,2.39
350.1 ,Trigeminal neuralgia,Diseases of the nervous system,688,38,1.64,0.0061093672,1.15,2.28
366.10 ,"Senile cataract, unspecified",Diseases of the nervous system,23457,1172,1.63,8.457248e-42,1.52,1.74
536 ,Disorders of function of stomach,Diseases of the digestive system,4057,220,1.63,0.000000000112848,1.41,1.87
375.56 ,"Stenosis of nasolacrimal duct,...",Diseases of the nervous system,1149,63,1.63,0.0004499172,1.24,2.1
588.9 ,Unspecified disorder resulting...,Diseases of the genitourinary...,1934,106,1.63,0.0000056147876,1.33,1.99
598.9 ,"Urethral stricture, unspecified",Diseases of the genitourinary...,746,41,1.63,0.0045822868,1.16,2.24
723.1 ,Cervicalgia,Diseases of the musculoskeletal...,2921,159,1.63,0.00000003618322,1.38,1.92
493.11 ,Intrinsic asthma with status asthmaticus,Diseases of the respiratory system,636,35,1.63,0.0084929445,1.12,2.3
519.9 ,Unspecified disease of respiratory...,Diseases of the respiratory system,982,54,1.63,0.0010932121,1.21,2.15
532.00 ,"Acute duodenal ulcer with hemorrhage,...",Diseases of the digestive system,745,41,1.63,0.004551052,1.16,2.24
922.1 ,Contusion of chest wall,Injury and poisoning,3941,212,1.62,0.0000000004747106,1.4,1.86
716.98 ,"Arthropathy, unspecified, other...",Diseases of the musculoskeletal...,804,44,1.62,0.0034490818,1.17,2.2
294.9 ,Unspecified persistent mental...,Mental disorders,844,46,1.62,0.0031728698,1.17,2.18
493.10 ,"Intrinsic asthma, unspecified",Diseases of the respiratory system,1007,55,1.62,0.0012604191,1.21,2.13
372.9 ,Unspecified disorder of conjunctiva,Diseases of the nervous system,996,54,1.61,0.0016080468,1.2,2.12
698.9 ,Unspecified pruritic disorder,Diseases of the skin and subcutaneous...,9710,508,1.61,1.377364e-20,1.46,1.77
461.9 ,"Acute sinusitis, unspecified",Diseases of the respiratory system,7827,413,1.61,2.084528e-17,1.45,1.79
272.1 ,Pure hyperglyceridemia,"Endocrine, nutritional and metabolic...",883,48,1.61,0.0029070565,1.18,2.16
528.0 ,Stomatitis,Diseases of the digestive system,2478,134,1.61,0.00000068403812,1.34,1.93
564.8 ,Other specified function disorder...,Diseases of the digestive system,4852,258,1.6,0.0000000000145889,1.4,1.82
599.9 ,Unspecified disorder of urethra...,Diseases of the genitourinary...,1689,91,1.6,0.0000526189,1.28,1.98
250.50 ,"Diabetes with ophthalmic manifestations,...","Endocrine, nutritional and metabolic...",703,38,1.6,0.0069780432,1.12,2.22
716.59 ,Unspecified polyarthropathy or...,Diseases of the musculoskeletal...,628,34,1.6,0.0112732522,1.1,2.27
719.45 ,"Pain in joint, pelvic region and...",Diseases of the musculoskeletal...,610,33,1.6,0.0137904943,1.09,2.28
306.4 ,Gastrointestinal malfunction arising...,Mental disorders,535,29,1.6,0.0173163358,1.06,2.34
537.9 ,Unspecified disorder of stomach...,Diseases of the digestive system,594,32,1.59,0.0172206355,1.08,2.28
402.11 ,Benign hypertensive heart disease...,Diseases of the circulatory system,1950,104,1.59,0.000019895,1.29,1.94
414.0 ,Coronary atherosclerosis,Diseases of the circulatory system,14926,759,1.59,1.029312e-27,1.47,1.73
708.9 ,"Urticaria, unspecified",Diseases of the skin and subcutaneous...,9400,488,1.59,3.058508e-19,1.44,1.75
532.30 ,Acute duodenal ulcer without mention...,Diseases of the digestive system,765,41,1.59,0.0069855748,1.13,2.18
532.70 ,Chronic duodenal ulcer without...,Diseases of the digestive system,1697,91,1.59,0.0000551735,1.27,1.97
366.50 ,"After-cataract, unspecified",Diseases of the nervous system,3518,186,1.58,0.000000017627972,1.35,1.84
821.00 ,Closed fracture of unspecified...,Injury and poisoning,1181,63,1.58,0.0009700871,1.2,2.04
575.1 ,Other cholecystitis,Diseases of the digestive system,525,28,1.58,0.0228174936,1.04,2.31
586 ,"Renal failure, unspecified",Diseases of the genitourinary...,2376,126,1.58,0.0000031396662,1.31,1.9
592.9 ,"Urinary calculus, unspecified",Diseases of the genitourinary...,2090,111,1.58,0.000012693,1.29,1.92
923.00 ,Contusion of shoulder region,Injury and poisoning,637,34,1.58,0.0159956573,1.08,2.23
414.9 ,"Chronic ischemic heart disease,...",Diseases of the circulatory system,22921,1122,1.58,7.052201e-36,1.47,1.69
465.0 ,Acute laryngopharyngitis,Diseases of the respiratory system,13118,668,1.58,2.345628e-24,1.45,1.72
372.20 ,"Blepharoconjunctivitis, unspecified",Diseases of the nervous system,2825,149,1.57,0.0000006779993,1.32,1.86
386.19 ,Other peripheral vertigo,Diseases of the nervous system,791,42,1.57,0.0079840599,1.12,2.15
707.1 ,"Ulcer of lower limbs, except decubitus",Diseases of the skin and subcutaneous...,1432,76,1.57,0.00034024,1.23,1.99
276.5 ,Volume depletion,"Endocrine, nutritional and metabolic...",1589,84,1.57,0.0001776624,1.24,1.96
780 ,General symptoms,"Comorbidities, signs, and ill-defined...",907,48,1.57,0.0044616161,1.14,2.1
780.4 ,Dizziness and giddiness,"Comorbidities, signs, and ill-defined...",42691,1939,1.57,8.18579e-48,1.47,1.66
585 ,Chronic renal failure,Diseases of the genitourinary...,8733,446,1.56,2.185007e-16,1.4,1.72
917.0 ,Abrasion or friction burn of foot...,Injury and poisoning,739,39,1.56,0.0110668582,1.1,2.16
691 ,Atopic dermatitis and related...,Diseases of the skin and subcutaneous...,949,50,1.56,0.0041075877,1.15,2.08
433.2 ,Occlusion and stenosis of vertebral...,Diseases of the circulatory system,605,32,1.56,0.0185863543,1.06,2.23
362.9 ,Unspecified retinal disorder,Diseases of the nervous system,549,29,1.56,0.0253493995,1.03,2.27
366 ,Cataract,Diseases of the nervous system,4976,259,1.56,0.000000000125064,1.37,1.78
366.19 ,Other and combined forms of senile...,Diseases of the nervous system,7133,366,1.55,0.00000000000008819415,1.39,1.73
791.0 ,Proteinuria,"Comorbidities, signs, and ill-defined...",898,47,1.55,0.0057350721,1.13,2.08
374.05 ,Trichiasis of eyelid without entropion,Diseases of the nervous system,8686,443,1.55,3.914971e-16,1.4,1.72
386.9 ,Unspecified vertiginous syndromes...,Diseases of the nervous system,5380,278,1.55,0.00000000004823656,1.37,1.76
686.9 ,Unspecified local infection of...,Diseases of the skin and subcutaneous...,10916,551,1.55,3.673069e-19,1.41,1.7
784.1 ,Throat pain,"Comorbidities, signs, and ill-defined...",1278,67,1.55,0.0009046245,1.19,1.99
371.00 ,"Corneal opacity, unspecified",Diseases of the nervous system,711,37,1.54,0.0171973301,1.07,2.14
401.1 ,Benign essential hypertension,Diseases of the circulatory system,10959,549,1.54,1.878095e-18,1.4,1.68
924.11 ,Contusion of knee,Injury and poisoning,1231,64,1.54,0.0016294821,1.17,1.98
930.1 ,Foreign body in conjunctival sac,Injury and poisoning,2321,120,1.54,0.0000204909,1.26,1.85
692.8 ,"Contact dermatitis and other eczema,...",Diseases of the skin and subcutaneous...,671,35,1.54,0.0189918534,1.06,2.17
462 ,Acute pharyngitis,Diseases of the respiratory system,15589,768,1.54,3.806465e-24,1.42,1.66
716.99 ,"Arthropathy, unspecified, multiple...",Diseases of the musculoskeletal...,708,37,1.54,0.0131432253,1.08,2.15
533.90 ,"Peptic ulcer of unspecified site,...",Diseases of the digestive system,19588,950,1.53,2.904174e-28,1.42,1.65
367.9 ,Unspecified disorder of refraction...,Diseases of the nervous system,1708,88,1.53,0.0002998133,1.21,1.9
424.90 ,"Endocarditis, valve unspecified,...",Diseases of the circulatory system,619,32,1.53,0.0265394407,1.03,2.18
430 ,Subarachnoid hemorrhage,Diseases of the circulatory system,733,38,1.53,0.0145381967,1.07,2.13
784.0 ,Headache,"Comorbidities, signs, and ill-defined...",22699,1086,1.53,1.244471e-30,1.42,1.64
370.21 ,Punctate keratitis,Diseases of the nervous system,1949,100,1.52,0.0001305106,1.23,1.87
891.1 ,"Open wound of knee, leg [except...",Injury and poisoning,1109,57,1.52,0.0037050237,1.14,1.99
933.0 ,Foreign body in pharynx,Injury and poisoning,524,27,1.52,0.0407213246,0.99,2.24
250.60 ,"Diabetes with neurological manifestations,...","Endocrine, nutritional and metabolic...",2723,139,1.52,0.0000078889902,1.27,1.81
491.0 ,Simple chronic bronchitis,Diseases of the respiratory system,4526,230,1.52,0.000000010001664,1.32,1.74
780.50 ,"Sleep disturbance, unspecified","Comorbidities, signs, and ill-defined...",5383,272,1.52,0.0000000007626469,1.33,1.72
365.20 ,"Primary angle-closure glaucoma,...",Diseases of the nervous system,582,30,1.52,0.0302377901,1.01,2.2
784.7 ,Epistaxis,"Comorbidities, signs, and ill-defined...",1671,86,1.52,0.0003373587,1.21,1.9
592.0 ,Calculus of kidney,Diseases of the genitourinary...,2520,128,1.51,0.0000213035,1.25,1.81
601.9 ,"Prostatitis, unspecified",Diseases of the genitourinary...,1469,75,1.51,0.0011708852,1.18,1.91
686.8 ,Other specified local infections...,Diseases of the skin and subcutaneous...,4971,250,1.51,0.0000000054305022,1.32,1.72
706.2 ,Sebaceous cyst,Diseases of the skin and subcutaneous...,586,30,1.51,0.0400508218,1.01,2.18
466.0 ,Acute bronchitis,Diseases of the respiratory system,46543,2046,1.51,1.980917e-41,1.42,1.6
362.01 ,Background diabetic retinopathy,Diseases of the nervous system,975,50,1.51,0.0062389816,1.11,2.02
373.00 ,"Blepharitis, unspecified",Diseases of the nervous system,3129,158,1.5,0.0000038091844,1.27,1.77
847.0 ,Sprain of neck,Injury and poisoning,1501,76,1.5,0.0013227922,1.17,1.89
372.30 ,"Conjunctivitis, unspecified",Diseases of the nervous system,18622,889,1.49,4.138087e-24,1.39,1.61
380.10 ,"Infective otitis externa, unspecified",Diseases of the nervous system,6074,302,1.49,0.0000000004414791,1.32,1.68
884.0 ,Multiple and unspecified open...,Injury and poisoning,4270,213,1.49,0.00000014995073,1.29,1.71
424.0 ,Mitral valve disorders,Diseases of the circulatory system,2393,120,1.49,0.0000730656,1.22,1.79
460 ,Acute nasopharyngitis [common...,Diseases of the respiratory system,33551,1525,1.49,2.177823e-34,1.4,1.59
463 ,Acute tonsillitis,Diseases of the respiratory system,13263,642,1.49,2.326954e-18,1.36,1.62
272.9 ,Unspecified disorder of lipoid...,"Endocrine, nutritional and metabolic...",572,29,1.49,0.038849401,0.99,2.17
492 ,Emphysema,Diseases of the respiratory system,2305,116,1.49,0.0000866602,1.22,1.8
728.2 ,"Muscular wasting and disuse atrophy,...",Diseases of the musculoskeletal...,553,28,1.49,0.0463380699,0.98,2.18
558.9 ,Other and unspecified noninfectious...,Diseases of the digestive system,27317,1258,1.48,2.937485e-29,1.38,1.58
920 ,"Contusion of face, scalp, and...",Injury and poisoning,2540,127,1.48,0.0000472495,1.23,1.78
682.7 ,"Cellulitis and abscess of foot,...",Diseases of the skin and subcutaneous...,1214,61,1.48,0.0043540113,1.13,1.92
686.0 ,Pyoderma,Diseases of the skin and subcutaneous...,1694,85,1.48,0.0007895901,1.18,1.85
458.9 ,"Hypotension, unspecified",Diseases of the circulatory system,874,44,1.48,0.0152420561,1.07,2.01
280.9 ,"Iron deficiency anemia, unspecified",Diseases of the blood and blood-forming...,2528,126,1.48,0.0000576104,1.22,1.77
493.91 ,"Asthma, unspecified type, with...",Diseases of the respiratory system,1656,83,1.48,0.0008924884,1.17,1.85
729.9 ,Other and unspecified disorders...,Diseases of the musculoskeletal...,596,30,1.48,0.0422088072,0.99,2.14
349.89 ,Other specified disorders of nervous...,Diseases of the nervous system,1057,53,1.48,0.0084944187,1.1,1.95
374.01 ,Senile entropion,Diseases of the nervous system,522,26,1.47,0.0699691333,0.95,2.18
427.9 ,"Cardiac dysrhythmia, unspecified",Diseases of the circulatory system,14227,681,1.47,2.32421e-18,1.35,1.6
429.3 ,Cardiomegaly,Diseases of the circulatory system,1227,61,1.47,0.0058030783,1.11,1.9
437.0 ,Cerebral atherosclerosis,Diseases of the circulatory system,4239,209,1.47,0.00000043213329,1.27,1.69
272.0 ,Pure hypercholesterolemia,"Endocrine, nutritional and metabolic...",2255,112,1.47,0.0001890564,1.2,1.78
464.0 ,Acute laryngitis,Diseases of the respiratory system,9362,454,1.47,0.0000000000003751248,1.33,1.62
727.09 ,Other synovitis and tenosynovitis,Diseases of the musculoskeletal...,599,30,1.47,0.0430934529,0.98,2.13
388.30 ,"Tinnitus, unspecified",Diseases of the nervous system,4756,233,1.46,0.00000017051302,1.27,1.67
412 ,Old myocardial infarction,Diseases of the circulatory system,1761,87,1.46,0.0012419428,1.16,1.82
493.20 ,"Chronic obstructive asthma, unspecified",Diseases of the respiratory system,4522,221,1.46,0.00000040571276,1.26,1.67
496 ,"Chronic airway obstruction, not...",Diseases of the respiratory system,32545,1463,1.46,2.628007e-30,1.37,1.56
573.9 ,Unspecified disorder of liver,Diseases of the digestive system,691,34,1.45,0.046131516,0.99,2.05
386.00 ,"Minihre's disease, unspecified",Diseases of the nervous system,5581,270,1.45,0.000000043142147,1.27,1.64
923.9 ,Contusion of unspecified part...,Injury and poisoning,711,35,1.45,0.0388169278,1,2.04
680.9 ,Carbuncle and furuncle of unspecified...,Diseases of the skin and subcutaneous...,2741,134,1.45,0.0000882442,1.2,1.73
053.9 ,Herpes zoster without mention...,Infectious and parasitic diseases,3532,173,1.45,0.0000069929676,1.24,1.7
155.2 ,"Malignant neoplasm of liver, not...",Neoplasms,567,28,1.45,0.0638692499,0.96,2.13
372.54 ,Conjunctival concretions,Diseases of the nervous system,1846,90,1.44,0.0013129953,1.15,1.78
873.8 ,Other and unspecified open wound...,Injury and poisoning,1147,56,1.44,0.0115556792,1.08,1.89
597.89 ,Other urethritis,Diseases of the genitourinary...,654,32,1.44,0.0524286996,0.97,2.06
692.0 ,Contact dermatitis and other eczema...,Diseases of the skin and subcutaneous...,3237,157,1.44,0.00003302,1.21,1.69
780.7 ,Malaise and fatigue,"Comorbidities, signs, and ill-defined...",11804,559,1.44,0.00000000000003166401,1.31,1.58
569.3 ,Hemorrhage of rectum and anus,Diseases of the digestive system,657,32,1.43,0.0532949763,0.97,2.05
455.2 ,Internal hemorrhoids with other...,Diseases of the circulatory system,986,48,1.43,0.0180955877,1.05,1.92
461 ,Acute sinusitis,Diseases of the respiratory system,597,29,1.43,0.0710466528,0.95,2.08
785.1 ,Palpitations,"Comorbidities, signs, and ill-defined...",5743,275,1.43,0.000000080536132,1.26,1.62
786.2 ,Cough,"Comorbidities, signs, and ill-defined...",14071,655,1.42,0.000000000000003483218,1.31,1.55
536.8 ,Dyspepsia and other specified...,Diseases of the digestive system,17819,821,1.42,4.149309e-18,1.32,1.54
372.11 ,Simple chronic conjunctivitis,Diseases of the nervous system,5398,257,1.42,0.00000033037498,1.24,1.61
891.0 ,"Open wound of knee, leg [except...",Injury and poisoning,4880,233,1.42,0.0000010552611,1.24,1.63
414.8 ,Other specified forms of chronic...,Diseases of the circulatory system,3426,164,1.42,0.0000440935,1.2,1.66
011.40 ,"Tuberculous fibrosis of lung,...",Infectious and parasitic diseases,664,32,1.42,0.068813733,0.96,2.02
153.9 ,"Malignant neoplasm of colon, unspecified...",Neoplasms,2205,106,1.42,0.0007948228,1.15,1.73
466.1 ,Acute bronchiolitis,Diseases of the respiratory system,6216,296,1.42,0.000000040772415,1.26,1.61
780.2 ,Syncope and collapse,"Comorbidities, signs, and ill-defined...",4244,203,1.42,0.0000046938881,1.22,1.64
789.0 ,Abdominal pain,"Comorbidities, signs, and ill-defined...",27426,1219,1.41,2.136028e-22,1.31,1.5
041.9 ,"Bacterial infection, unspecified,...",Infectious and parasitic diseases,1252,60,1.41,0.0126437027,1.07,1.83
427.89 ,Other specified cardiac dysrhythmias,Diseases of the circulatory system,2174,104,1.41,0.0011050302,1.15,1.72
435.9 ,Unspecified transient cerebral...,Diseases of the circulatory system,2643,126,1.41,0.0003758926,1.17,1.69
493.2 ,Chronic obstructive asthma with...,Diseases of the respiratory system,1865,89,1.41,0.002656216,1.12,1.75
532.90 ,"Duodenal ulcer, unspecified as...",Diseases of the digestive system,4438,211,1.41,0.000004976021,1.22,1.63
374.30 ,"Ptosis of eyelid, unspecified",Diseases of the nervous system,545,26,1.4,0.0989031105,0.91,2.08
578.1 ,Blood in stool,Diseases of the digestive system,778,37,1.4,0.0603349516,0.97,1.95
591 ,Hydronephrosis,Diseases of the genitourinary...,944,45,1.4,0.0316201535,1.01,1.89
698.2 ,Prurigo,Diseases of the skin and subcutaneous...,8363,391,1.4,0.0000000018584848,1.26,1.56
716.50 ,Unspecified polyarthropathy or...,Diseases of the musculoskeletal...,693,33,1.4,0.0749504473,0.95,1.99
306.9 ,Unspecified psychophysiological...,Mental disorders,2717,129,1.4,0.0003698823,1.16,1.68
365.23 ,Chronic angle-closure glaucoma,Diseases of the nervous system,1363,65,1.4,0.0110336792,1.07,1.8
787.3 ,"Flatulence, eructation, and gas...","Comorbidities, signs, and ill-defined...",7420,344,1.39,0.000000044971818,1.23,1.55
692.79 ,Other dermatitis due to solar...,Diseases of the skin and subcutaneous...,655,31,1.39,0.0848647149,0.93,2
332.1 ,Secondary parkinsonism,Diseases of the nervous system,3170,149,1.39,0.0002171249,1.17,1.64
781.9 ,Other symptoms involving nervous...,"Comorbidities, signs, and ill-defined...",1394,66,1.39,0.0119821082,1.07,1.79
783.2 ,Abnormal loss of weight,"Comorbidities, signs, and ill-defined...",1420,67,1.39,0.0127543961,1.07,1.78
786.59 ,Other chest pain,"Comorbidities, signs, and ill-defined...",2886,135,1.38,0.0005421691,1.15,1.65
424.1 ,Aortic valve disorders,Diseases of the circulatory system,2811,131,1.38,0.0006857504,1.14,1.64
133.0 ,Scabies,Infectious and parasitic diseases,3554,166,1.38,0.000131133,1.17,1.62
447.6 ,"Arteritis, unspecified",Diseases of the circulatory system,1002,47,1.38,0.0368998883,1,1.85
719.49 ,"Pain in joint, multiple sites",Diseases of the musculoskeletal...,1744,82,1.38,0.0066743866,1.09,1.73
472.2 ,Chronic nasopharyngitis,Diseases of the respiratory system,1193,56,1.38,0.025331711,1.03,1.81
782.1 ,Rash and other nonspecific skin...,"Comorbidities, signs, and ill-defined...",1299,61,1.38,0.0177544724,1.05,1.79
531.90 ,"Gastric ulcer, unspecified as...",Diseases of the digestive system,6899,320,1.38,0.00000014756126,1.23,1.56
786.50 ,"Chest pain, unspecified","Comorbidities, signs, and ill-defined...",7819,358,1.37,0.000000079958447,1.22,1.53
535.50 ,"Unspecified gastritis and gastroduodenitis,...",Diseases of the digestive system,17002,763,1.37,0.000000000000033113,1.27,1.49
382.9 ,Unspecified otitis media,Diseases of the nervous system,2491,116,1.37,0.0015646115,1.13,1.66
594.1 ,Other calculus in bladder,Diseases of the genitourinary...,598,28,1.37,0.1145175329,0.9,2.01
918.1 ,Superficial injury of cornea,Injury and poisoning,1439,67,1.37,0.0163786159,1.05,1.75
402.91 ,Unspecified hypertensive heart...,Diseases of the circulatory system,1591,74,1.37,0.0126942542,1.07,1.73
416.9 ,"Chronic pulmonary heart disease,...",Diseases of the circulatory system,924,43,1.37,0.0568303416,0.98,1.86
300.09 ,Other anxiety states,Mental disorders,987,46,1.37,0.0437955835,0.99,1.84
344.61 ,Cauda equina syndrome with neurogenic...,Diseases of the nervous system,771,36,1.37,0.0741129435,0.95,1.92
530.2 ,Ulcer of esophagus,Diseases of the digestive system,1461,68,1.37,0.0143030256,1.05,1.75
389.9 ,Unspecified hearing loss,Diseases of the nervous system,4275,197,1.36,0.0000615612,1.17,1.58
402.90 ,Unspecified hypertensive heart...,Diseases of the circulatory system,23865,1047,1.36,4.409068e-17,1.27,1.46
958.3 ,Posttraumatic wound infection...,Injury and poisoning,2464,114,1.36,0.0021570716,1.12,1.65
250.40 ,"Diabetes with renal manifestations,...","Endocrine, nutritional and metabolic...",2016,93,1.36,0.0056517518,1.09,1.68
530.9 ,Unspecified disorder of esophagus,Diseases of the digestive system,734,34,1.36,0.0845847371,0.93,1.92
386.10 ,"Peripheral vertigo, unspecified",Diseases of the nervous system,2645,121,1.35,0.0021593014,1.11,1.62
389.10 ,"Sensorineural hearing loss, unspecified",Diseases of the nervous system,3731,170,1.35,0.0003257683,1.14,1.57
681.9 ,Cellulitis and abscess of unspecified...,Diseases of the skin and subcutaneous...,783,36,1.35,0.0940460078,0.94,1.89
698.4 ,Dermatitis factitia [artefacta],Diseases of the skin and subcutaneous...,978,45,1.35,0.0531343072,0.98,1.82
285.9 ,"Anemia, unspecified",Diseases of the blood and blood-forming...,9262,419,1.35,0.000000023880035,1.22,1.5
491.2 ,Obstructive chronic bronchitis,Diseases of the respiratory system,3549,162,1.35,0.0004666331,1.14,1.58
786.51 ,Precordial pain,"Comorbidities, signs, and ill-defined...",701,32,1.34,0.1186048519,0.91,1.91
599.0 ,"Urinary tract infection, site...",Diseases of the genitourinary...,20951,912,1.34,0.00000000000007078684,1.24,1.44
682.6 ,"Cellulitis and abscess of leg,...",Diseases of the skin and subcutaneous...,2268,103,1.34,0.0063296912,1.08,1.63
162 ,"Malignant neoplasm, trachea, bronchus,...",Neoplasms,744,34,1.34,0.1061415994,0.92,1.89
307.81 ,Tension headache,Mental disorders,2456,112,1.34,0.0036854901,1.1,1.63
531.30 ,Acute gastric ulcer without mention...,Diseases of the digestive system,1551,71,1.34,0.0207198621,1.04,1.71
788.1 ,Dysuria,"Comorbidities, signs, and ill-defined...",3815,172,1.33,0.0005259675,1.13,1.56
588.8 ,Secondary hyperparathyroidism...,Diseases of the genitourinary...,550,25,1.33,0.1598427604,0.85,1.99
429.2 ,"Cardiovascular disease, unspecified",Diseases of the circulatory system,1099,50,1.33,0.0558068037,0.98,1.78
708.0 ,Allergic urticaria,Diseases of the skin and subcutaneous...,3724,168,1.33,0.0006313075,1.13,1.56
577.0 ,Acute pancreatitis,Diseases of the digestive system,686,31,1.32,0.1408272325,0.89,1.9
883.0 ,"Open wound of finger(s), without...",Injury and poisoning,1909,86,1.32,0.0138230824,1.05,1.65
427.0 ,Paroxysmal supraventricular tachycardia,Diseases of the circulatory system,1086,49,1.32,0.0657651792,0.97,1.76
276.9 ,Electrolyte and fluid disorders...,"Endocrine, nutritional and metabolic...",1352,61,1.32,0.0361269203,1,1.71
786.0 ,Dyspnea and respiratory abnormalities,"Comorbidities, signs, and ill-defined...",1547,69,1.31,0.0353850724,1.01,1.67
890.0 ,"Open wound of hip and thigh, without...",Injury and poisoning,558,25,1.31,0.1994368844,0.84,1.96
250.70 ,Diabetes with peripheral circulatory...,"Endocrine, nutritional and metabolic...",1228,55,1.31,0.0589774667,0.98,1.72
280.0 ,Iron deficiency anemia secondary...,Diseases of the blood and blood-forming...,625,28,1.31,0.1539807098,0.86,1.92
492.8 ,Other emphysema,Diseases of the respiratory system,4522,200,1.31,0.0004957955,1.12,1.51
787.0 ,Nausea and vomiting,"Comorbidities, signs, and ill-defined...",6015,265,1.3,0.0000698366,1.14,1.48
780.6 ,Fever,"Comorbidities, signs, and ill-defined...",14244,616,1.3,0.0000000064292087,1.19,1.42
807.00 ,"Closed fracture of rib(s), unspecified",Injury and poisoning,705,31,1.29,0.1777480758,0.87,1.85
574.00 ,Calculus of gallbladder with acute...,Diseases of the digestive system,566,25,1.29,0.2041455938,0.83,1.93
459.9 ,Unspecified circulatory system...,Diseases of the circulatory system,954,42,1.29,0.1093259669,0.92,1.76
366.16 ,Senile nuclear sclerosis,Diseases of the nervous system,5288,229,1.28,0.0006212231,1.11,1.46
799.3 ,"Debility, unspecified","Comorbidities, signs, and ill-defined...",912,40,1.28,0.1221300675,0.91,1.76
799.8 ,Other ill-defined conditions,"Comorbidities, signs, and ill-defined...",916,40,1.28,0.1452936824,0.9,1.76
382.3 ,Unspecified chronic suppurative...,Diseases of the nervous system,731,32,1.28,0.1853981524,0.87,1.83
910.0 ,"Abrasion or friction burn of face,...",Injury and poisoning,1120,49,1.28,0.0997103913,0.94,1.71
137.0 ,Late effects of respiratory or...,Infectious and parasitic diseases,2895,126,1.28,0.0100215785,1.06,1.53
464.10 ,Acute tracheitis without mention...,Diseases of the respiratory system,10812,464,1.28,0.0000017303825,1.16,1.41
785.0 ,"Tachycardia, unspecified","Comorbidities, signs, and ill-defined...",525,23,1.28,0.2313316974,0.8,1.95
786.3 ,Hemoptysis,"Comorbidities, signs, and ill-defined...",1887,82,1.27,0.0362238233,1.01,1.59
788.0 ,Renal colic,"Comorbidities, signs, and ill-defined...",599,26,1.27,0.2183440733,0.82,1.88
571.40 ,"Chronic hepatitis, unspecified",Diseases of the digestive system,8044,345,1.27,0.0000480092,1.13,1.42
930.0 ,Corneal foreign body,Injury and poisoning,2756,119,1.27,0.0152561654,1.04,1.53
188.9 ,"Malignant neoplasm of bladder,...",Neoplasms,1217,53,1.27,0.0970684926,0.95,1.68
250.00 ,Diabetes mellitus without mention...,"Endocrine, nutritional and metabolic...",17490,737,1.27,0.000000011250066,1.17,1.38
372.00 ,"Acute conjunctivitis, unspecified",Diseases of the nervous system,11012,465,1.26,0.000008902427,1.14,1.39
379.99 ,Other ill-defined disorders of...,Diseases of the nervous system,647,28,1.26,0.233744499,0.83,1.85
590.9 ,"Infection of kidney, unspecified",Diseases of the genitourinary...,625,27,1.26,0.2270513494,0.82,1.86
405.99 ,Other unspecified secondary hypertension,Diseases of the circulatory system,1115,48,1.26,0.1180056917,0.92,1.68
601.1 ,Chronic prostatitis,Diseases of the genitourinary...,1653,71,1.26,0.0669935074,0.97,1.6
428.9 ,"Heart failure, unspecified",Diseases of the circulatory system,7276,311,1.26,0.0001456441,1.12,1.42
429.9 ,"Heart disease, unspecified",Diseases of the circulatory system,4096,176,1.26,0.00359505,1.08,1.47
464.20 ,Acute laryngotracheitis without...,Diseases of the respiratory system,4083,175,1.26,0.0040738745,1.07,1.47
533.70 ,Chronic peptic ulcer of unspecified...,Diseases of the digestive system,3134,134,1.25,0.013302334,1.04,1.5
535.40 ,"Other specified gastritis, without...",Diseases of the digestive system,3446,147,1.25,0.0106607651,1.05,1.48
583.9 ,"Nephritis and nephropathy, not...",Diseases of the genitourinary...,2139,91,1.25,0.0486481844,1,1.54
595.0 ,Acute cystitis,Diseases of the genitourinary...,6178,261,1.25,0.0010272102,1.09,1.42
402.00 ,Malignant hypertensive heart disease...,Diseases of the circulatory system,1662,71,1.25,0.0784463773,0.97,1.59
599.7 ,Hematuria,Diseases of the genitourinary...,6490,274,1.25,0.0008174275,1.1,1.41
698.8 ,Other specified pruritic conditions,Diseases of the skin and subcutaneous...,2676,114,1.25,0.0246792832,1.02,1.51
435.0 ,Basilar artery syndrome,Diseases of the circulatory system,1217,52,1.25,0.1333681685,0.93,1.65
709.9 ,Unspecified disorder of skin and...,Diseases of the skin and subcutaneous...,4467,190,1.25,0.0040188638,1.07,1.45
276.1 ,Hyposmolality and/or hyponatremia,"Endocrine, nutritional and metabolic...",1122,48,1.25,0.1388534639,0.91,1.67
290.20 ,Senile dementia with delusional...,Mental disorders,1426,61,1.25,0.0933319962,0.95,1.62
494 ,Bronchiectasis,Diseases of the respiratory system,4089,174,1.25,0.0061095154,1.06,1.46
533.40 ,Chronic or unspecified peptic...,Diseases of the digestive system,1391,59,1.24,0.1205807213,0.94,1.61
533.50 ,Chronic or unspecified peptic...,Diseases of the digestive system,659,28,1.24,0.2833645002,0.82,1.81
786.09 ,Other respiratory abnormalities,"Comorbidities, signs, and ill-defined...",3513,149,1.24,0.0114888808,1.05,1.47
009.0 ,"Infectious colitis, enteritis,...",Infectious and parasitic diseases,3799,160,1.24,0.0115964123,1.05,1.45
009.2 ,Infectious diarrhea,Infectious and parasitic diseases,1934,82,1.24,0.0600114959,0.98,1.55
053.19 ,Herpes zoster with other nervous...,Infectious and parasitic diseases,657,28,1.24,0.2395870008,0.82,1.82
719.41 ,"Pain in joint, shoulder region",Diseases of the musculoskeletal...,944,40,1.24,0.1801892974,0.88,1.7
493.90 ,"Asthma, unspecified type, unspecified",Diseases of the respiratory system,13288,551,1.24,0.0000083153625,1.13,1.35
535.00 ,"Acute gastritis, without mention...",Diseases of the digestive system,15528,637,1.23,0.0000051394939,1.12,1.33
373.12 ,Hordeolum internum,Diseases of the nervous system,757,32,1.23,0.2314731776,0.84,1.76
850.9 ,"Concussion, unspecified",Injury and poisoning,1304,55,1.23,0.1279264517,0.92,1.62
924.01 ,Contusion of hip,Injury and poisoning,809,34,1.23,0.2457428284,0.84,1.73
455.0 ,Internal hemorrhoids without mention...,Diseases of the circulatory system,950,40,1.23,0.2110587073,0.87,1.69
491.8 ,Other chronic bronchitis,Diseases of the respiratory system,2575,108,1.23,0.0436681374,1,1.49
574.20 ,Calculus of gallbladder without...,Diseases of the digestive system,2567,107,1.22,0.0494959064,0.99,1.48
011.90 ,"Pulmonary tuberculosis, unspecified,...",Infectious and parasitic diseases,4169,173,1.22,0.0157832786,1.04,1.42
070.9 ,Unspecified viral hepatitis without...,Infectious and parasitic diseases,670,28,1.22,0.2889489487,0.8,1.78
719.47 ,"Pain in joint, ankle and foot",Diseases of the musculoskeletal...,1056,44,1.22,0.204169024,0.88,1.65
780.59 ,Other sleep disturbances,"Comorbidities, signs, and ill-defined...",1097,46,1.22,0.1836229142,0.89,1.65
365.11 ,Primary open angle glaucoma,Diseases of the nervous system,835,35,1.22,0.2529204499,0.84,1.72
571.5 ,Cirrhosis of liver without mention...,Diseases of the digestive system,2507,104,1.21,0.0604243558,0.98,1.48
578.9 ,Hemorrhage of gastrointestinal...,Diseases of the digestive system,6518,269,1.21,0.0031119099,1.07,1.38
894 ,Multiple and unspecified open...,Injury and poisoning,603,25,1.21,0.3696657139,0.77,1.8
894.0 ,Multiple and unspecified open...,Injury and poisoning,6362,261,1.21,0.0048833094,1.06,1.37
913.0 ,"Abrasion or friction burn of elbow,...",Injury and poisoning,1351,56,1.21,0.1771043252,0.91,1.58
919.0 ,"Abrasion or friction burn of other,...",Injury and poisoning,2916,121,1.21,0.0454076524,1,1.46
411.81 ,Acute coronary occlusion without...,Diseases of the circulatory system,820,34,1.21,0.2902346876,0.83,1.71
682.8 ,Cellulitis and abscess of other...,Diseases of the skin and subcutaneous...,1040,43,1.21,0.2321632489,0.87,1.64
011.9 ,"Pulmonary TB, unspecified",Infectious and parasitic diseases,1255,52,1.21,0.1862924738,0.9,1.6
427.31 ,Atrial fibrillation,Diseases of the circulatory system,4553,188,1.21,0.0132477459,1.04,1.41
154.1 ,Malignant neoplasm of rectum,Neoplasms,1258,52,1.21,0.1871017998,0.89,1.59
701.1 ,"Keratoderma, acquired",Diseases of the skin and subcutaneous...,1258,52,1.21,0.1871017998,0.89,1.59
438 ,Late effects of cerebrovascular...,Diseases of the circulatory system,13741,560,1.21,0.0000424393,1.11,1.33
250.90 ,"Diabetes with unspecified complication,...","Endocrine, nutritional and metabolic...",5131,212,1.21,0.0089812362,1.05,1.4
491.21 ,Obstructive chronic bronchitis...,Diseases of the respiratory system,6233,256,1.21,0.0050072029,1.06,1.37
584.9 ,"Acute kidney failure, unspecified",Diseases of the genitourinary...,606,25,1.2,0.3710153676,0.77,1.8
892.0 ,Open wound of foot except toe(s)...,Injury and poisoning,2661,109,1.2,0.0766423424,0.98,1.45
428.0 ,"Congestive heart failure, unspecified",Diseases of the circulatory system,12995,526,1.2,0.000149385,1.09,1.32
276.7 ,Hyperpotassemia,"Endocrine, nutritional and metabolic...",560,23,1.2,0.4153172398,0.75,1.82
533.30 ,Acute peptic ulcer of unspecified...,Diseases of the digestive system,1838,75,1.19,0.139327154,0.93,1.5
569.9 ,Unspecified disorder of intestine,Diseases of the digestive system,956,39,1.19,0.2857780091,0.84,1.64
881.00 ,"Open wound of forearm, without...",Injury and poisoning,1495,61,1.19,0.1993306505,0.9,1.54
596.4 ,Atony of bladder,Diseases of the genitourinary...,982,40,1.19,0.2918785644,0.84,1.63
411.0 ,Postmyocardial infarction syndrome,Diseases of the circulatory system,538,22,1.19,0.4066843104,0.74,1.83
692.3 ,Contact dermatitis and other eczema...,Diseases of the skin and subcutaneous...,1178,48,1.19,0.2300995496,0.87,1.59
434.9 ,"Cerebral artery occlusion, unspecified",Diseases of the circulatory system,11955,482,1.19,0.0004364668,1.08,1.31
436 ,"Acute, but ill-defined, cerebrovascular...",Diseases of the circulatory system,8560,346,1.19,0.0027202435,1.06,1.33
707.0 ,Decubitus ulcer,Diseases of the skin and subcutaneous...,2839,116,1.19,0.0689635683,0.98,1.44
523.9 ,Unspecified gingival and periodontal...,Diseases of the digestive system,1098,45,1.19,0.2448460093,0.86,1.61
533.00 ,Acute peptic ulcer of unspecified...,Diseases of the digestive system,1935,79,1.19,0.1322805512,0.94,1.5
845.00 ,"Sprain of ankle, unspecified site",Injury and poisoning,644,26,1.18,0.3874182886,0.76,1.74
595.9 ,"Cystitis, unspecified",Diseases of the genitourinary...,4874,197,1.18,0.0252678881,1.02,1.37
693.9 ,Dermatitis due to unspecified...,Diseases of the skin and subcutaneous...,1483,60,1.18,0.2236357514,0.89,1.53
725 ,Polymyalgia rheumatica,Diseases of the musculoskeletal...,518,21,1.18,0.4678451904,0.72,1.83
531.00 ,"Acute gastric ulcer with hemorrhage,...",Diseases of the digestive system,1010,41,1.18,0.2985726992,0.84,1.62
379.39 ,Other disorders of lens,Diseases of the nervous system,942,38,1.17,0.324282136,0.82,1.63
578 ,Gastrointestinal hemorrhage,Diseases of the digestive system,621,25,1.17,0.4394354716,0.75,1.75
593.2 ,"Cyst of kidney, acquired",Diseases of the genitourinary...,773,31,1.17,0.3742846488,0.79,1.67
597.80 ,"Urethritis, unspecified",Diseases of the genitourinary...,2377,95,1.17,0.1563298942,0.94,1.43
601.0 ,Acute prostatitis,Diseases of the genitourinary...,797,32,1.17,0.3805840049,0.79,1.67
011 ,Pulmoary tuberculosis,Infectious and parasitic diseases,1444,58,1.17,0.2459860582,0.88,1.53
151.9 ,"Malignant neoplasm of stomach,...",Neoplasms,1541,62,1.17,0.2324938195,0.89,1.51
487.1 ,Influenza with other respiratory...,Diseases of the respiratory system,15728,622,1.17,0.0003761981,1.07,1.28
799.9 ,Other unknown and unspecified...,"Comorbidities, signs, and ill-defined...",1154,46,1.16,0.3306548618,0.84,1.56
873.0 ,"Open wound of scalp, without mention...",Injury and poisoning,3667,146,1.16,0.0814934548,0.98,1.38
604.90 ,"Orchitis and epididymitis, unspecified",Diseases of the genitourinary...,600,24,1.16,0.4330664415,0.74,1.75
009 ,Ill-defined intestinal infections,Infectious and parasitic diseases,650,26,1.16,0.4498563625,0.75,1.72
477.8 ,Allergic rhinitis due to other...,Diseases of the respiratory system,1105,44,1.16,0.3212261401,0.84,1.57
916.0 ,"Abrasion or friction burn of hip,...",Injury and poisoning,2656,105,1.15,0.1628169183,0.94,1.4
413.0 ,Angina decubitus,Diseases of the circulatory system,655,26,1.15,0.4522742647,0.75,1.71
431 ,Intracerebral hemorrhage,Diseases of the circulatory system,2515,99,1.15,0.1858801999,0.93,1.41
372.40 ,"Pterygium, unspecified",Diseases of the nervous system,1789,70,1.14,0.2966976274,0.88,1.45
850.0 ,Concussion with no loss of consciousness,Injury and poisoning,1252,49,1.14,0.3514911104,0.84,1.52
290.3 ,Senile dementia with delirium,Mental disorders,691,27,1.14,0.5298516155,0.74,1.67
550.90 ,"Inguinal hernia, without mention...",Diseases of the digestive system,2632,102,1.13,0.2356972675,0.91,1.38
575.0 ,Acute cholecystitis,Diseases of the digestive system,645,25,1.13,0.5171240578,0.72,1.68
402.10 ,Benign hypertensive heart disease...,Diseases of the circulatory system,7575,293,1.13,0.0481943836,1,1.28
185 ,Malignant neoplasm of prostate,Neoplasms,3698,143,1.13,0.1707464156,0.94,1.34
038 ,Septicemia,Infectious and parasitic diseases,1536,59,1.12,0.3990120596,0.84,1.45
070.51 ,Acute hepatitis C without mention...,Infectious and parasitic diseases,622,24,1.12,0.5811477654,0.71,1.69
709.8 ,Other specified disorders of skin,Diseases of the skin and subcutaneous...,1426,55,1.12,0.3823310115,0.84,1.47
465.8 ,Acute upper respiratory infections...,Diseases of the respiratory system,10099,386,1.12,0.0386650959,1,1.25
290.10 ,"Presenile dementia, uncomplicated",Mental disorders,598,23,1.12,0.5742308981,0.7,1.7
787.9 ,Other symptoms involving digestive...,"Comorbidities, signs, and ill-defined...",1463,56,1.11,0.4282980695,0.83,1.46
486 ,"Pneumonia, organism unspecified",Diseases of the respiratory system,17264,651,1.11,0.0169148275,1.02,1.21
306.8 ,Other specified psychophysiological...,Mental disorders,601,23,1.11,0.5758187533,0.7,1.69
780.9 ,Other general symptoms,"Comorbidities, signs, and ill-defined...",2390,91,1.11,0.3368351335,0.89,1.37
531.70 ,Chronic gastric ulcer without...,Diseases of the digestive system,1841,70,1.11,0.4035972563,0.86,1.41
493.21 ,Chronic obstructive asthma with...,Diseases of the respiratory system,2410,91,1.1,0.398353174,0.88,1.36
788.2 ,Retention of urine,"Comorbidities, signs, and ill-defined...",6763,254,1.09,0.171806479,0.96,1.25
427.2 ,"Paroxysmal tachycardia, unspecified",Diseases of the circulatory system,558,21,1.09,0.6423248111,0.67,1.69
294.1 ,Dementia in conditions classified...,Mental disorders,823,31,1.09,0.6314820242,0.74,1.57
342.9 ,"Hemiplegia, unspecified",Diseases of the nervous system,961,36,1.09,0.5947911084,0.76,1.52
571.9 ,Unspecified chronic liver disease...,Diseases of the digestive system,1538,57,1.08,0.5742511432,0.81,1.4
892.1 ,Open wound of foot except toe(s)...,Injury and poisoning,616,23,1.08,0.6584197023,0.68,1.64
411.1 ,Intermediate coronary syndrome,Diseases of the circulatory system,889,33,1.08,0.6449798046,0.74,1.53
077.1 ,Epidemic keratoconjunctivitis,Infectious and parasitic diseases,724,27,1.08,0.6825312283,0.71,1.59
370.9 ,Unspecified keratitis,Diseases of the nervous system,542,20,1.07,0.72345863,0.65,1.67
411.89 ,Other acute and subacute forms...,Diseases of the circulatory system,1647,61,1.07,0.5868068013,0.82,1.39
434.0 ,Cerebral thrombosis,Diseases of the circulatory system,4835,178,1.07,0.3778402329,0.91,1.25
298.9 ,Unspecified psychosis,Mental disorders,729,27,1.07,0.6839622812,0.7,1.58
914.0 ,Abrasion or friction burn of hand(s)...,Injury and poisoning,712,26,1.06,0.7571796964,0.69,1.57
410.90 ,Acute myocardial infarction of...,Diseases of the circulatory system,1038,38,1.06,0.6702098257,0.75,1.47
433.1 ,Carotid artery occlusion and stenosis,Diseases of the circulatory system,523,19,1.05,0.8098498858,0.63,1.66
162.9 ,Malignant neoplasm of bronchus...,Neoplasms,2906,105,1.05,0.6439263254,0.85,1.28
882.0 ,Open wound of hand except finger(s)...,Injury and poisoning,2921,105,1.04,0.6819401619,0.85,1.27
440.8 ,Atherosclerosis of other specified...,Diseases of the circulatory system,531,19,1.04,0.8120472382,0.62,1.64
491.1 ,Mucopurulent chronic bronchitis,Diseases of the respiratory system,3092,111,1.04,0.6901983312,0.85,1.26
331.0 ,Alzheimer's disease,Diseases of the nervous system,1193,43,1.04,0.7501203693,0.75,1.42
680.0 ,Carbuncle and furuncle of face,Diseases of the skin and subcutaneous...,533,19,1.03,0.8127122792,0.62,1.63
485 ,"Bronchopneumonia, organism unspecified",Diseases of the respiratory system,2268,81,1.03,0.728254446,0.82,1.29
374.00 ,"Entropion, unspecified",Diseases of the nervous system,1333,47,1.02,0.8800972587,0.74,1.37
331.2 ,Senile degeneration of brain,Diseases of the nervous system,767,27,1.02,0.9208618754,0.67,1.5
331.3 ,Communicating hydrocephalus,Diseases of the nervous system,710,25,1.02,0.9177651598,0.65,1.52
787.2 ,Dysphagia,"Comorbidities, signs, and ill-defined...",916,32,1.01,0.9276063249,0.69,1.44
290.0 ,"Senile dementia, uncomplicated",Mental disorders,7256,253,1.01,0.8948496745,0.88,1.15
682.0 ,Cellulitis and abscess of face,Diseases of the skin and subcutaneous...,664,23,1,1,0.63,1.52
478.9 ,Other and unspecified diseases...,Diseases of the respiratory system,1353,47,1,0.9403805424,0.73,1.35
487.0 ,Influenza with pneumonia,Diseases of the respiratory system,662,23,1,0.9151892285,0.63,1.52
786.1 ,Stridor,"Comorbidities, signs, and ill-defined...",874,30,0.99,1,0.66,1.43
370.49 ,Other keratoconjunctivitis,Diseases of the nervous system,611,21,0.99,1,0.61,1.53
702.8 ,Other specified dermatoses,Diseases of the skin and subcutaneous...,904,31,0.99,1,0.67,1.42
331.9 ,"Cerebral degeneration, unspecified",Diseases of the nervous system,613,21,0.99,1,0.61,1.53
924.20 ,Contusion of foot,Injury and poisoning,560,19,0.98,1,0.59,1.55
492.0 ,Emphysematous bleb,Diseases of the respiratory system,734,25,0.98,1,0.63,1.47
290.40 ,"Vascular dementia, uncomplicated",Mental disorders,1012,34,0.97,0.9312715802,0.67,1.37
482 ,Other bacterial pneumonia,Diseases of the respiratory system,593,20,0.97,1,0.59,1.52
366.17 ,Total or mature cataract,Diseases of the nervous system,1054,35,0.96,0.9324323975,0.66,1.34
786.9 ,Other symptoms involving respiratory...,"Comorbidities, signs, and ill-defined...",569,19,0.96,1,0.58,1.52
491.20 ,Obstructive chronic bronchitis...,Diseases of the respiratory system,7418,247,0.96,0.5562102343,0.84,1.09
684 ,Impetigo,Diseases of the skin and subcutaneous...,639,21,0.95,0.9135830299,0.58,1.46
434.1 ,Cerebral embolism,Diseases of the circulatory system,2573,85,0.95,0.7030814798,0.76,1.19
780.0 ,Alteration of consciousness,"Comorbidities, signs, and ill-defined...",1900,62,0.94,0.7042198941,0.72,1.21
155.0 ,"Malignant neoplasm of liver, primary",Neoplasms,1492,48,0.93,0.668962018,0.68,1.24
461.8 ,Other acute sinusitis,Diseases of the respiratory system,588,19,0.93,0.9096779119,0.56,1.47
854.00 ,Intracranial injury of other and...,Injury and poisoning,1946,61,0.9,0.4913828251,0.69,1.17
511.9 ,Unspecified pleural effusion,Diseases of the respiratory system,1720,54,0.9,0.5067041723,0.67,1.19
782.4 ,"Jaundice, unspecified, not of...","Comorbidities, signs, and ill-defined...",574,18,0.9,0.8183375786,0.53,1.44
574.10 ,Calculus of gallbladder with other...,Diseases of the digestive system,683,21,0.89,0.6742839248,0.54,1.37
873.40 ,"Open wound of face, unspecified...",Injury and poisoning,3313,102,0.88,0.2476234578,0.72,1.08
692.4 ,Contact dermatitis and other eczema...,Diseases of the skin and subcutaneous...,1245,38,0.88,0.4829322207,0.62,1.21
873.42 ,"Open wound of forehead, without...",Injury and poisoning,864,26,0.87,0.5742595674,0.56,1.28
290.21 ,Senile dementia with depressive...,Mental disorders,863,26,0.87,0.5740622813,0.56,1.28
785.50 ,"Shock, unspecified","Comorbidities, signs, and ill-defined...",605,18,0.86,0.5781050647,0.5,1.37
493.00 ,"Extrinsic asthma, unspecified",Diseases of the respiratory system,1535,46,0.86,0.3606596611,0.63,1.16
786.00 ,"Respiratory abnormality, unspecified","Comorbidities, signs, and ill-defined...",1649,49,0.85,0.3087131489,0.63,1.14
366.14 ,Posterior subcapsular polar senile...,Diseases of the nervous system,915,27,0.85,0.4670258653,0.55,1.24
367.89 ,Other disorders of refraction...,Diseases of the nervous system,642,19,0.85,0.5874520587,0.51,1.34
893.0 ,"Open wound of toe(s), without...",Injury and poisoning,980,29,0.85,0.4302688946,0.57,1.23
416 ,Chronic pulmonary heart disease,Diseases of the circulatory system,585,17,0.83,0.5696536945,0.48,1.35
038.9 ,Unspecified septicemia,Infectious and parasitic diseases,4258,120,0.8,0.0190104796,0.66,0.97
518.81 ,Acute respiratory failure,Diseases of the respiratory system,2703,76,0.8,0.0626936616,0.63,1.01
578.0 ,Hematemesis,Diseases of the digestive system,629,17,0.77,0.3798926561,0.45,1.25
261 ,Nutritional marasmus,"Endocrine, nutritional and metabolic...",528,14,0.76,0.4015779188,0.41,1.29
590.10 ,Acute pyelonephritis without lesion...,Diseases of the genitourinary...,767,20,0.75,0.2332050993,0.45,1.16
505 ,"Pneumoconiosis, unspecified",Diseases of the respiratory system,840,22,0.75,0.2169845362,0.47,1.14
379.8 ,Other specified disorders of eye...,Diseases of the nervous system,548,14,0.73,0.2910853128,0.4,1.24
345.90 ,"Epilepsy, unspecified, without...",Diseases of the nervous system,1023,26,0.73,0.1212376356,0.47,1.07
924.10 ,Contusion of lower leg,Injury and poisoning,531,13,0.7,0.2336667378,0.37,1.21
692.5 ,Contact dermatitis and other eczema...,Diseases of the skin and subcutaneous...,699,17,0.69,0.1464235906,0.4,1.12
482.9 ,"Bacterial pneumonia, unspecified",Diseases of the respiratory system,1735,42,0.69,0.0169984338,0.49,0.94
137.1 ,Late effects of central nervous...,Infectious and parasitic diseases,554,13,0.67,0.19775233,0.35,1.16
250.80 ,Diabetes with other specified...,"Endocrine, nutritional and metabolic...",635,15,0.67,0.1554768123,0.37,1.12
507.0 ,Pneumonitis due to inhalation...,Diseases of the respiratory system,522,11,0.6,0.0929925394,0.3,1.08
798.2 ,Death occurring in less than 24...,"Comorbidities, signs, and ill-defined...",864,16,0.53,0.0066026512,0.3,0.86
798.9 ,Unattended death,"Comorbidities, signs, and ill-defined...",647,11,0.48,0.0124632156,0.24,0.87
799.1 ,Respiratory arrest,"Comorbidities, signs, and ill-defined...",734,12,0.46,0.0043364792,0.24,0.81
